26.08.2022 07:11:10  *01n 20 100TL 4  493.0  0.24   117  462.6  0.00     0  228.8  0.78  230.0  0.79  230.1  0.80   117   111 0.668c  30.8      0 1B09
26.08.2022 07:11:30  *01n 20 100TL 4  471.7  0.10    48  515.6  0.00     0  228.9  0.79  230.0  0.82  230.3  0.80    48    67 0.994i  30.8      0 1287
26.08.2022 07:11:50  *01n 20 100TL 4  451.1  0.08    38  516.7  0.00     0  228.8  0.79  229.5  0.79  230.0  0.80    38    70 0.995i  30.9      0 1BFE
26.08.2022 07:12:10  *01n 20 100TL 4  431.4  0.17    74  496.6  0.00     0  228.7  0.79  229.5  0.78  229.9  0.77    74    73 0.995c  31.0      1 5FCA
26.08.2022 07:12:30  *01n 20 100TL 4  412.1  0.12    51  477.3  0.00     1  228.5  0.79  229.7  0.81  230.0  0.81    53    71 0.996i  31.0      1 2B5D
26.08.2022 07:12:50  *01n 20 100TL 4  392.0  0.31   122  457.4  0.00     0  228.8  0.79  229.8  0.76  230.1  0.79   122    74 0.995c  31.1      2 7608
26.08.2022 07:13:10  *01n 20 100TL 4  373.8  0.13    50  437.1  0.00     0  228.8  0.78  229.8  0.79  230.2  0.78    50    70 0.995c  31.2      2 020B
26.08.2022 07:13:30  *01n 20 100TL 4  373.7  0.17    65  416.6  0.00     0  228.7  0.80  229.6  0.83  230.0  0.81    65    71 0.997i  31.2      2 D6B1
26.08.2022 07:13:50  *01n 20 100TL 4  373.7  0.18    67  398.5  0.00     0  228.7  0.79  229.7  0.80  229.9  0.84    67    71 0.994i  31.3      3 25AD
26.08.2022 07:14:11  *01n 20 100TL 4  373.7  0.21    77  398.6  0.00     0  228.6  0.80  229.7  0.84  229.9  0.81    77    71 0.997i  31.3      3 7D56
26.08.2022 07:14:31  *01n 20 100TL 4  373.8  0.23    86  398.6  0.00     0  229.0  0.80  229.9  0.80  230.1  0.79    86    71 0.996c  31.4      4 7F08
26.08.2022 07:14:51  *01n 20 100TL 4  373.9  0.23    85  398.3  0.00     0  229.3  0.81  229.1  0.84  229.7  0.78    85    74 0.996i  31.4      4 9B40
26.08.2022 07:15:11  *01n 20 100TL 4  373.8  0.29   109  398.7  0.00     0  228.9  0.76  229.7  0.79  230.0  0.81   109    77 0.997c  31.5      4 DD0B
26.08.2022 07:15:31  *01n 20 100TL 4  374.0  0.21    82  398.5  0.00     0  228.9  0.77  229.8  0.79  230.2  0.80    82    74 0.996c  31.5      5 AF65
26.08.2022 07:15:51  *01n 20 100TL 4  373.8  0.28   108  398.5  0.00     0  228.8  0.82  229.6  0.80  229.9  0.85   108    79 0.996i  31.5      5 14EC
26.08.2022 07:16:11  *01n 20 100TL 4  373.8  0.16    61  398.5  0.00     0  228.6  0.78  229.7  0.80  230.1  0.79    61    76 0.997c  31.6      6 56C2
26.08.2022 07:16:31  *01n 20 100TL 4  373.7  0.18    67  398.6  0.00     0  228.5  0.77  229.3  0.80  229.6  0.80    67    77 0.997c  31.6      6 EDCA
26.08.2022 07:16:51  *01n 20 100TL 4  373.8  0.19    73  398.4  0.00     0  228.4  0.79  229.4  0.78  229.8  0.82    73    77 0.997i  31.7      7 5DC1
26.08.2022 07:17:11  *01n 20 100TL 4  373.8  0.17    65  398.7  0.00     0  228.6  0.79  229.4  0.79  230.0  0.81    65    77 0.997c  31.7      7 BE1C
26.08.2022 07:17:31  *01n 20 100TL 4  373.8  0.22    82  398.5  0.00     0  228.4  0.78  229.5  0.83  229.9  0.80    82    77 0.997i  31.7      7 FFCE
26.08.2022 07:17:51  *01n 20 100TL 4  373.7  0.19    73  398.5  0.00     0  228.7  0.77  229.7  0.80  229.9  0.84    73    80 0.998i  31.8      8 E834
26.08.2022 07:18:11  *01n 20 100TL 4  373.9  0.23    88  398.5  0.00     0  228.6  0.81  229.8  0.80  230.0  0.82    88    79 0.997i  31.8      8 0588
26.08.2022 07:18:31  *01n 20 100TL 4  373.7  0.17    65  398.5  0.00     0  228.8  0.78  229.5  0.81  229.9  0.82    65    80 0.995i  31.8      9 9C47
26.08.2022 07:18:51  *01n 20 100TL 4  373.9  0.19    73  398.5  0.00     0  228.6  0.81  229.6  0.80  229.9  0.82    73    80 0.995i  31.9      9 701B
26.08.2022 07:19:11  *01n 20 100TL 4  373.8  0.31   117  398.7  0.00     1  228.6  0.81  229.7  0.82  229.9  0.80   119    83 0.997i  31.9     10 464D
26.08.2022 07:19:31  *01n 20 100TL 4  373.8  0.26    97  398.6  0.00     0  229.1  0.83  229.2  0.79  229.6  0.83    97    85 0.996i  32.0     10 0532
26.08.2022 07:19:51  *01n 20 100TL 4  373.7  0.24    91  398.6  0.01     3  228.5  0.81  229.5  0.82  229.7  0.83    94    86 0.998i  32.0     11 02A3
26.08.2022 07:20:12  *01n 20 100TL 4  373.8  0.24    91  398.4  0.00     1  228.7  0.77  229.7  0.83  230.1  0.81    93    82 0.997i  32.0     11 B131
26.08.2022 07:20:32  *01n 20 100TL 4  373.7  0.31   114  398.6  0.00     0  228.5  0.83  229.7  0.79  229.8  0.79   114    90 0.998i  32.1     12 4190
26.08.2022 07:20:52  *01n 20 100TL 4  373.8  0.21    82  398.6  0.00     0  228.5  0.79  229.6  0.79  229.7  0.81    82    86 0.998c  32.1     12 AE49
26.08.2022 07:21:12  *01n 20 100TL 4  373.7  0.20    74  398.6  0.00     1  228.4  0.77  229.6  0.81  229.9  0.83    76    88 0.997c  32.1     13 F942
26.08.2022 07:21:32  *01n 20 100TL 4  373.8  0.24    90  398.6  0.00     0  228.7  0.81  229.7  0.81  230.0  0.80    90    88 0.998i  32.2     13 B4B9
26.08.2022 07:21:52  *01n 20 100TL 4  373.8  0.18    67  398.6  0.00     0  228.8  0.80  229.7  0.80  230.1  0.78    67    88 0.998i  32.2     14 79DA
26.08.2022 07:22:12  *01n 20 100TL 4  373.8  0.20    76  398.8  0.00     0  228.4  0.83  229.7  0.79  229.9  0.83    76    90 0.998i  32.2     14 F0E9
26.08.2022 07:22:32  *01n 20 100TL 4  373.7  0.31   119  398.5  0.03    13  228.4  0.79  229.7  0.79  229.9  0.80   132    93 0.997c  32.3     15 44D1
26.08.2022 07:22:52  *01n 20 100TL 4  374.0  0.22    83  398.5  0.00     1  228.7  0.80  229.7  0.78  230.0  0.80    85    94 0.998c  32.3     15 F5A7
26.08.2022 07:23:12  *01n 20 100TL 4  373.7  0.32   123  398.5  0.00     1  228.7  0.79  229.9  0.79  230.1  0.83   125    97 0.997c  32.4     16 A876
26.08.2022 07:23:32  *01n 20 100TL 4  373.8  0.21    79  398.6  0.02     7  228.8  0.79  229.9  0.81  230.1  0.81    86    97 0.998i  32.4     16 6593
26.08.2022 07:23:52  *01n 20 100TL 4  373.6  0.22    83  398.4  0.01     6  228.8  0.81  229.9  0.79  230.3  0.83    90   102 0.998i  32.4     17 A1FF
26.08.2022 07:24:12  *01n 20 100TL 4  373.8  0.28   103  398.5  0.02    10  228.8  0.80  230.1  0.80  230.3  0.82   114   102 0.998c  32.5     17 1CF5
26.08.2022 07:24:33  *01n 20 100TL 4  373.6  0.18    70  398.5  0.01     6  228.9  0.81  229.9  0.79  230.0  0.86    76   102 0.997i  32.5     18 FBF3
26.08.2022 07:24:52  *01n 20 100TL 4  373.9  0.25    96  398.5  0.00     4  228.8  0.82  229.8  0.85  230.1  0.86   100   109 0.998i  32.5     18 3B7A
26.08.2022 07:25:12  *01n 20 100TL 4  373.7  0.24    90  398.4  0.01     6  228.5  0.81  229.6  0.82  229.7  0.84    96   109 0.997i  32.5     19 FEF9
26.08.2022 07:25:32  *01n 20 100TL 4  373.7  0.29   111  398.6  0.04    18  228.5  0.79  229.4  0.79  229.6  0.79   129   114 0.999c  32.6     20 651A
26.08.2022 07:25:52  *01n 20 100TL 4  373.8  0.18    68  398.7  0.02    12  228.7  0.80  229.3  0.79  229.8  0.83    80   114 0.998i  32.6     20 2148
26.08.2022 07:26:13  *01n 20 100TL 4  374.0  0.28   108  398.5  0.03    10  228.6  0.81  229.6  0.80  229.9  0.79   119   119 0.999i  32.7     21 032D
26.08.2022 07:26:33  *01n 20 100TL 4  373.8  0.33   126  398.3  0.04    19  228.6  0.83  229.8  0.80  229.9  0.87   146   125 0.998i  32.7     22 8D9E
26.08.2022 07:26:53  *01n 20 100TL 4  373.4  0.17    62  397.2  0.02     9  228.6  0.83  229.8  0.79  229.8  0.81    71   120 0.998c  32.7     22 0134
26.08.2022 07:27:13  *01n 20 100TL 4  373.8  0.47   178  399.8  0.07    27  228.7  0.81  229.8  0.80  230.0  0.86   205   129 0.998i  32.7     23 F6F4
26.08.2022 07:27:33  *01n 20 100TL 4  371.7  0.34   128  397.6  0.05    21  228.9  0.80  230.0  0.83  230.0  0.81   149   132 0.998i  32.8     24 942B
26.08.2022 07:27:53  *01n 20 100TL 4  373.5  0.36   132  398.9  0.06    22  229.0  0.83  229.9  0.80  230.3  0.85   155   134 0.998i  32.8     25 C93F
26.08.2022 07:28:13  *01n 20 100TL 4  373.7  0.32   119  398.4  0.04    19  228.7  0.81  229.6  0.80  230.1  0.84   138   137 0.998i  32.8     25 0A89
26.08.2022 07:28:33  *01n 20 100TL 4  373.6  0.32   120  398.4  0.05    22  228.5  0.84  229.7  0.83  230.0  0.84   143   140 0.999i  32.9     26 A5CD
26.08.2022 07:28:53  *01n 20 100TL 4  373.8  0.38   141  398.5  0.06    24  228.3  0.81  229.3  0.83  229.6  0.82   166   144 0.999c  32.9     27 CC64
26.08.2022 07:29:13  *01n 20 100TL 4  373.9  0.40   152  398.6  0.06    27  228.4  0.84  229.8  0.82  229.9  0.82   180   149 0.999i  32.9     28 83EF
26.08.2022 07:29:33  *01n 20 100TL 4  373.8  0.38   141  398.6  0.07    30  228.8  0.85  229.4  0.82  229.8  0.86   172   152 0.999i  33.0     29 322D
26.08.2022 07:29:53  *01n 20 100TL 4  373.8  0.38   143  398.5  0.09    36  228.8  0.85  229.5  0.83  230.2  0.88   180   155 0.999i  33.0     29 B55A
26.08.2022 07:30:14  *01n 20 100TL 4  373.8  0.43   161  398.5  0.09    35  228.8  0.82  229.8  0.83  230.1  0.85   196   160 0.999c  33.0     30 2D5C
26.08.2022 07:30:34  *01n 20 100TL 4  373.6  0.36   134  398.5  0.09    36  228.7  0.81  229.6  0.83  229.9  0.85   170   161 0.999c  33.0     31 4B21
26.08.2022 07:30:54  *01n 20 100TL 4  373.8  0.31   119  398.6  0.07    28  228.5  0.81  229.3  0.82  229.6  0.85   148   166 0.999c  33.1     32 D8CF
26.08.2022 07:31:14  *01n 20 100TL 4  373.8  0.39   144  398.5  0.08    35  228.5  0.84  229.6  0.83  229.8  0.84   180   169 0.999i  33.1     33 8BE5
26.08.2022 07:31:34  *01n 20 100TL 4  373.8  0.27   102  398.6  0.07    27  228.5  0.83  229.3  0.82  229.4  0.83   129   170 0.999c  33.1     34 C9A2
26.08.2022 07:31:54  *01n 20 100TL 4  373.8  0.38   141  398.6  0.11    45  228.7  0.85  229.7  0.80  230.0  0.82   187   178 1.000  33.2     35 28CB
26.08.2022 07:32:15  *01n 20 100TL 4  373.8  0.39   146  398.5  0.10    44  229.1  0.85  230.1  0.83  230.4  0.85   190   186 1.000  33.2     36 9999
26.08.2022 07:32:35  *01n 20 100TL 4  373.8  0.46   175  398.6  0.13    51  229.8  0.84  230.7  0.83  231.0  0.90   227   193 1.000  33.2     37 94B5
26.08.2022 07:32:55  *01n 20 100TL 4  373.8  0.50   189  398.6  0.17    68  229.9  0.82  231.0  0.83  231.2  0.83   257   204 1.000  33.2     38 9C2C
26.08.2022 07:33:15  *01n 20 100TL 4  373.8  0.52   193  398.5  0.16    65  229.8  0.87  230.8  0.87  231.0  0.85   259   212 0.998i  33.3     39 8540
26.08.2022 07:33:35  *01n 20 100TL 4  373.7  0.51   192  398.6  0.20    80  229.6  0.85  230.5  0.84  230.9  0.90   273   231 0.999i  33.3     40 6932
26.08.2022 07:33:55  *01n 20 100TL 4  373.9  0.54   201  398.6  0.25   100  229.6  0.82  230.8  0.84  230.8  0.84   302   263 0.998c  33.3     42 CF74
26.08.2022 07:34:15  *01n 20 100TL 4  374.1  0.49   183  398.6  0.25    97  229.5  0.89  230.6  0.87  230.7  0.89   280   303 1.000  33.3     43 07F5
26.08.2022 07:34:36  *01n 20 100TL 4  373.8  0.63   239  398.6  0.36   144  230.0  0.94  229.6  0.95  230.9  0.97   384   349 1.000  33.4     45 83FA
26.08.2022 07:34:56  *01n 20 100TL 4  369.9  0.61   225  398.7  0.42   167  229.6  0.91  230.8  0.88  231.0  0.91   393   389 1.000  33.4     47 E357
26.08.2022 07:35:16  *01n 20 100TL 4  375.6  0.71   268  397.3  0.52   209  229.6  0.92  230.7  0.91  230.9  0.91   477   427 1.000  33.4     50 7662
26.08.2022 07:35:36  *01n 20 100TL 4  359.9  0.74   268  398.7  0.51   204  229.8  1.01  230.6  0.98  230.9  1.00   473   476 1.000  33.5     52 68D9
26.08.2022 07:35:56  *01n 20 100TL 4  361.8  0.84   305  398.8  0.67   267  229.8  1.04  230.7  1.02  231.1  1.05   564   527 1.000  33.5     55 69C0
26.08.2022 07:36:17  *01n 20 100TL 4  347.0  0.93   325  410.1  0.71   291  229.6  1.14  230.7  1.14  230.9  1.13   616   576 1.000  33.5     58 1378
26.08.2022 07:36:37  *01n 20 100TL 4  340.6  0.94   320  418.5  0.72   305  229.7  1.22  230.7  1.22  230.9  1.21   625   642 1.000  33.5     61 8471
26.08.2022 07:36:57  *01n 20 100TL 4  341.9  0.99   340  452.1  0.86   389  229.8  1.35  230.7  1.36  231.1  1.36   729   737 1.000  33.5     65 0BA1
26.08.2022 07:37:17  *01n 20 100TL 4  342.8  1.15   393  455.7  0.95   436  229.7  1.48  230.5  1.46  231.1  1.44   830   813 1.000  33.6     70 A285
26.08.2022 07:37:37  *01n 20 100TL 4  349.3  1.29   451  484.4  1.10   534  229.7  1.44  230.8  1.44  230.9  1.43   985   912 1.000  33.6     74 BF2A
26.08.2022 07:37:57  *01n 20 100TL 4  349.1  1.24   436  504.3  1.12   569  229.9  1.65  230.6  1.65  231.2  1.63  1005   996 1.000  33.7     80 A647
26.08.2022 07:38:17  *01n 20 100TL 4  349.0  1.27   447  545.4  1.09   598  229.5  1.66  230.5  1.66  231.1  1.63  1045  1089 1.000  33.7     85 B04D
26.08.2022 07:38:38  *01n 20 100TL 4  335.9  1.41   476  546.0  1.15   628  229.7  1.77  230.6  1.74  231.0  1.72  1104  1142 1.000  33.7     92 D03C
26.08.2022 07:38:58  *01n 20 100TL 4  335.7  1.52   512  556.3  1.26   703  230.4  1.86  231.2  1.83  231.4  1.84  1216  1184 1.000  33.7     98 F3C8
26.08.2022 07:39:18  *01n 20 100TL 4  342.1  1.53   523  556.8  1.24   695  229.7  1.95  230.7  1.92  231.0  1.90  1219  1205 1.000  33.8    105 9B0F
26.08.2022 07:39:38  *01n 20 100TL 4  335.5  1.71   573  555.9  1.31   733  229.9  1.88  230.8  1.85  231.2  1.86  1307  1223 1.000  33.8    112 B244
26.08.2022 07:39:58  *01n 20 100TL 4  328.4  1.63   535  553.9  1.28   714  230.2  1.87  230.7  1.86  231.0  1.85  1249  1228 1.000  33.8    119 9FFB
26.08.2022 07:40:19  *01n 20 100TL 4  328.5  1.55   509  544.5  1.25   680  230.0  2.02  230.7  2.02  231.3  2.00  1190  1237 1.000  33.8    125 DD9F
26.08.2022 07:40:39  *01n 20 100TL 4  329.5  1.65   544  556.3  1.24   691  229.7  1.99  230.7  1.99  231.1  1.93  1235  1237 1.000  33.9    133 C841
26.08.2022 07:40:59  *01n 20 100TL 4  329.8  1.68   553  539.7  1.38   747  230.0  1.95  230.7  1.95  231.1  1.91  1301  1235 1.000  33.9    140 13F2
26.08.2022 07:41:19  *01n 20 100TL 4  327.6  1.69   555  543.7  1.29   704  229.9  1.98  230.8  1.94  231.4  1.97  1260  1246 1.000  33.9    146 2C2B
26.08.2022 07:41:40  *01n 20 100TL 4  334.1  1.61   540  554.3  1.31   732  230.2  1.99  230.8  1.98  231.4  1.92  1272  1249 1.000  33.9    153 7B72
26.08.2022 07:42:00  *01n 20 100TL 4  327.3  1.73   566  554.0  1.38   767  230.1  2.01  230.9  2.00  231.5  1.95  1333  1257 1.000  34.0    160 055A
26.08.2022 07:42:20  *01n 20 100TL 4  326.0  1.76   575  553.3  1.34   743  230.0  1.95  230.8  1.92  231.3  1.92  1318  1263 1.000  34.0    167 C669
26.08.2022 07:42:40  *01n 20 100TL 4  331.8  1.67   555  551.5  1.30   721  230.0  2.08  230.8  2.08  231.3  2.05  1277  1269 1.000  34.0    174 D246
26.08.2022 07:43:00  *01n 20 100TL 4  328.4  1.78   587  544.3  1.45   791  230.0  1.96  230.8  1.95  231.2  1.94  1379  1275 1.000  34.0    181 AC6E
26.08.2022 07:43:20  *01n 20 100TL 4  324.3  1.78   576  538.4  1.35   727  230.2  2.12  230.8  2.11  231.5  2.06  1304  1278 1.000  34.0    189 397B
26.08.2022 07:43:41  *01n 20 100TL 4  330.5  1.68   556  549.7  1.35   744  229.9  2.04  230.7  1.99  231.3  2.02  1301  1286 1.000  34.1    196 B3AC
26.08.2022 07:44:01  *01n 20 100TL 4  336.8  1.59   537  548.4  1.37   752  229.9  2.06  230.7  2.00  231.3  2.00  1289  1280 1.000  34.1    203 A8FE
26.08.2022 07:44:21  *01n 20 100TL 4  342.6  1.57   537  545.4  1.35   737  230.0  2.07  230.9  2.05  231.3  2.04  1274  1271 1.000  34.1    210 3150
26.08.2022 07:44:41  *01n 20 100TL 4  339.1  1.46   495  551.5  1.32   729  230.0  2.03  230.7  2.03  231.3  1.98  1225  1258 1.000  34.1    217 0ADC
26.08.2022 07:45:00  *01n 20 100TL 4  345.7  1.49   515  540.5  1.33   718  230.2  2.04  231.1  2.04  231.6  2.01  1234  1266 1.000  34.2    224 3B93
26.08.2022 07:45:18  *01n 20 100TL 4  345.3  1.57   544  540.2  1.36   735  230.1  2.02  230.8  1.99  231.2  1.98  1280  1272 1.000  34.2    231 B1DB
26.08.2022 07:45:39  *01n 20 100TL 4  339.9  1.58   537  541.2  1.44   784  230.0  1.98  230.8  1.95  231.1  1.95  1321  1271 1.000  34.2    238 58FF
26.08.2022 07:45:59  *01n 20 100TL 4  347.1  1.46   508  547.8  1.33   733  229.9  1.96  230.7  1.93  231.0  1.92  1242  1275 1.000  34.2    246 FEC1
26.08.2022 07:46:19  *01n 20 100TL 4  342.3  1.57   537  554.4  1.34   749  229.7  2.08  230.5  2.07  231.0  2.06  1286  1269 1.000  34.3    253 583A
26.08.2022 07:46:39  *01n 20 100TL 4  341.8  1.58   540  545.7  1.50   820  229.9  2.01  230.3  2.00  230.8  1.95  1361  1272 1.000  34.3    260 3947
26.08.2022 07:46:59  *01n 20 100TL 4  344.8  1.54   534  549.4  1.37   756  229.6  1.92  230.5  1.90  231.1  1.89  1290  1274 1.000  34.3    266 09C6
26.08.2022 07:47:19  *01n 20 100TL 4  345.3  1.48   512  549.1  1.43   784  229.8  1.95  230.7  1.93  231.1  1.93  1297  1274 1.000  34.3    274 2C12
26.08.2022 07:47:39  *01n 20 100TL 4  353.5  1.40   495  539.6  1.33   718  229.9  1.99  230.7  1.96  231.0  1.96  1214  1275 1.000  34.4    281 B4C5
26.08.2022 07:47:59  *01n 20 100TL 4  354.3  1.63   576  545.1  1.48   808  230.0  2.07  230.7  2.05  231.1  2.04  1385  1292 1.000  34.4    288 FC6D
26.08.2022 07:48:19  *01n 20 100TL 4  361.4  1.39   503  544.2  1.37   747  229.7  2.07  230.6  2.05  231.0  2.02  1251  1297 1.000  34.4    295 B388
26.08.2022 07:48:39  *01n 20 100TL 4  347.6  1.60   556  543.4  1.43   779  229.9  2.09  230.8  2.08  231.1  2.04  1336  1303 1.000  34.4    302 52CE
26.08.2022 07:48:59  *01n 20 100TL 4  360.6  1.55   561  553.2  1.37   761  229.8  2.00  230.7  1.96  231.0  1.95  1322  1309 1.000  34.5    310 A859
26.08.2022 07:49:19  *01n 20 100TL 4  356.7  1.51   538  548.2  1.37   752  229.7  2.20  230.8  2.20  231.0  2.18  1290  1335 1.000  34.5    317 0954
26.08.2022 07:49:39  *01n 20 100TL 4  352.9  1.60   566  550.8  1.31   726  230.0  2.17  230.4  2.15  231.0  2.14  1292  1350 1.000  34.5    324 B928
26.08.2022 07:49:59  *01n 20 100TL 4  346.4  1.71   593  553.4  1.44   801  229.9  2.03  230.6  1.99  230.9  1.99  1394  1358 1.000  34.5    332 BF07
26.08.2022 07:50:19  *01n 20 100TL 4  346.2  1.72   595  552.5  1.43   794  229.6  2.27  230.6  2.27  230.8  2.23  1390  1376 1.000  34.5    340 7453
26.08.2022 07:50:39  *01n 20 100TL 4  346.7  1.74   604  551.7  1.37   756  229.8  2.06  230.6  2.03  230.9  2.02  1361  1383 1.000  34.6    348 6760
26.08.2022 07:50:59  *01n 20 100TL 4  339.2  1.71   582  551.4  1.40   770  229.9  2.13  230.7  2.09  231.2  2.08  1353  1400 1.000  34.6    355 171B
26.08.2022 07:51:19  *01n 20 100TL 4  337.6  1.98   646  551.2  1.50   831  229.8  2.18  230.7  2.16  231.0  2.12  1478  1408 1.000  34.6    363 C935
26.08.2022 07:51:39  *01n 20 100TL 4  337.9  1.87   631  549.6  1.53   840  229.7  2.15  230.6  2.13  231.0  2.13  1472  1419 1.000  34.6    371 6A70
26.08.2022 07:51:59  *01n 20 100TL 4  338.2  1.91   648  550.2  1.52   839  229.8  2.12  230.7  2.08  230.9  2.06  1487  1422 1.000  34.7    378 DF49
26.08.2022 07:52:20  *01n 20 100TL 4  338.3  1.86   628  550.1  1.41   779  229.6  2.31  230.5  2.28  230.8  2.28  1408  1434 1.000  34.7    386 E4C7
26.08.2022 07:52:40  *01n 20 100TL 4  338.5  1.94   656  550.2  1.58   869  229.8  2.24  230.5  2.22  231.0  2.18  1525  1434 1.000  34.7    395 041D
26.08.2022 07:53:00  *01n 20 100TL 4  331.5  1.84   610  538.7  1.45   787  230.1  2.30  230.5  2.30  231.1  2.28  1397  1440 1.000  34.7    403 65CD
26.08.2022 07:53:20  *01n 20 100TL 4  337.8  1.93   654  538.5  1.53   827  229.8  2.28  230.6  2.25  231.1  2.25  1481  1445 1.000  34.8    411 5615
26.08.2022 07:53:40  *01n 20 100TL 4  331.7  1.89   627  548.4  1.49   819  229.9  2.24  230.0  2.21  230.9  2.19  1446  1452 1.000  34.8    418 767F
26.08.2022 07:54:00  *01n 20 100TL 4  331.2  1.98   656  549.2  1.47   811  229.9  2.21  230.4  2.19  230.9  2.16  1467  1454 1.000  34.8    426 5050
26.08.2022 07:54:20  *01n 20 100TL 4  330.5  1.84   608  548.8  1.46   804  229.5  2.22  230.5  2.18  230.9  2.18  1412  1455 1.000  34.8    435 BC47
26.08.2022 07:54:40  *01n 20 100TL 4  330.6  2.04   674  537.4  1.60   862  229.9  2.14  230.6  2.13  231.0  2.11  1536  1460 1.000  34.8    443 0D81
26.08.2022 07:55:00  *01n 20 100TL 4  330.4  1.98   656  537.1  1.52   817  229.8  2.30  230.8  2.30  231.0  2.28  1474  1470 1.000  34.9    451 CFF5
26.08.2022 07:55:20  *01n 20 100TL 4  330.1  1.85   611  547.6  1.48   813  229.8  2.41  230.7  2.39  230.9  2.36  1425  1470 1.000  34.9    459 AB27
26.08.2022 07:55:40  *01n 20 100TL 4  330.0  2.02   666  547.3  1.54   845  229.8  2.24  230.6  2.21  231.0  2.21  1512  1472 1.000  34.9    467 031A
26.08.2022 07:56:00  *01n 20 100TL 4  350.0  1.91   671  536.4  1.62   872  229.9  2.32  230.5  2.31  231.0  2.27  1544  1490 0.999c  34.9    476 F2AA
26.08.2022 07:56:20  *01n 20 100TL 4  349.9  1.90   665  536.1  1.57   843  230.0  2.38  230.9  2.36  231.4  2.34  1509  1498 1.000  35.0    484 DC67
26.08.2022 07:56:40  *01n 20 100TL 4  349.8  1.95   682  525.2  1.57   828  229.8  2.38  230.6  2.38  231.1  2.35  1510  1492 1.000  35.0    492 0B1D
26.08.2022 07:57:00  *01n 20 100TL 4  342.8  1.93   660  524.9  1.61   846  230.0  2.40  230.6  2.38  231.1  2.37  1507  1495 1.000  35.0    501 8D6C
26.08.2022 07:57:20  *01n 20 100TL 4  342.7  2.00   686  535.2  1.55   834  229.6  2.20  230.6  2.18  231.1  2.13  1521  1504 1.000  35.0    509 4DF1
26.08.2022 07:57:40  *01n 20 100TL 4  342.4  2.08   714  534.9  1.65   885  229.8  2.36  230.5  2.33  231.0  2.34  1599  1515 1.000  35.0    518 C5A7
26.08.2022 07:58:00  *01n 20 100TL 4  348.0  1.85   645  535.7  1.55   833  229.8  2.33  230.6  2.32  231.2  2.27  1478  1516 1.000  35.1    526 1AAF
26.08.2022 07:58:21  *01n 20 100TL 4  342.0  1.91   654  534.3  1.54   823  229.9  2.45  230.7  2.42  231.1  2.43  1478  1525 1.000  35.1    534 AC56
26.08.2022 07:58:41  *01n 20 100TL 4  341.8  1.89   650  523.5  1.58   827  229.9  2.37  230.9  2.36  231.3  2.34  1477  1522 1.000  35.1    543 6AA9
26.08.2022 07:59:01  *01n 20 100TL 4  341.7  1.95   665  533.7  1.54   823  230.0  2.45  230.7  2.42  231.0  2.42  1489  1535 1.000  35.1    551 3164
26.08.2022 07:59:21  *01n 20 100TL 4  348.4  1.97   686  533.4  1.63   872  230.1  2.48  230.7  2.46  231.1  2.45  1559  1542 1.000  35.2    560 B2F6
26.08.2022 07:59:41  *01n 20 100TL 4  348.1  1.98   691  544.0  1.61   878  229.8  2.50  230.6  2.49  231.1  2.47  1570  1548 1.000  35.2    569 846A
26.08.2022 08:00:01  *01n 20 100TL 4  346.8  2.02   701  542.4  1.57   857  230.1  2.26  230.9  2.26  231.2  2.23  1559  1545 1.000  35.2    577 458D
26.08.2022 08:00:21  *01n 20 100TL 4  338.6  2.00   679  529.5  1.66   880  229.4  2.50  230.2  2.49  230.5  2.46  1559  1554 1.000  35.2    586 E73D
26.08.2022 08:00:41  *01n 20 100TL 4  354.7  2.05   729  532.2  1.71   914  229.4  2.39  230.3  2.36  230.5  2.35  1643  1559 1.000  35.2    594 D4F8
26.08.2022 08:01:01  *01n 20 100TL 4  368.8  1.80   666  532.0  1.62   862  229.9  2.43  230.8  2.42  230.9  2.38  1528  1571 1.000  35.3    603 638A
26.08.2022 08:01:21  *01n 20 100TL 4  368.7  1.95   721  531.7  1.69   901  229.9  2.46  230.9  2.43  230.8  2.44  1623  1580 1.000  35.3    612 AF28
26.08.2022 08:01:41  *01n 20 100TL 4  361.2  1.89   685  531.4  1.59   848  230.2  2.51  231.4  2.50  231.4  2.47  1533  1588 1.000  35.3    621 7369
26.08.2022 08:02:01  *01n 20 100TL 4  361.0  1.95   703  531.3  1.70   907  230.4  2.46  231.3  2.45  231.4  2.43  1611  1594 1.000  35.3    630 F6F2
26.08.2022 08:02:21  *01n 20 100TL 4  360.8  2.02   727  541.5  1.63   886  230.1  2.49  231.0  2.47  231.0  2.45  1614  1586 1.000  35.4    638 DF56
26.08.2022 08:02:41  *01n 20 100TL 4  375.1  1.76   662  530.9  1.64   875  230.0  2.53  230.9  2.52  231.1  2.51  1538  1591 1.000  35.4    647 8A8C
26.08.2022 08:03:01  *01n 20 100TL 4  375.2  1.86   700  540.9  1.57   849  229.9  2.23  230.6  2.21  231.1  2.19  1550  1557 1.000  35.4    656 151B
26.08.2022 08:03:21  *01n 20 100TL 4  382.6  1.70   654  540.2  1.62   874  229.3  2.33  230.2  2.30  230.3  2.29  1528  1564 1.000  35.4    665 BE1F
26.08.2022 08:03:41  *01n 20 100TL 4  382.6  1.69   650  519.2  1.74   904  229.4  2.34  230.3  2.32  230.5  2.32  1554  1548 1.000  35.5    673 7117
26.08.2022 08:04:01  *01n 20 100TL 4  389.8  1.58   617  529.3  1.60   852  229.5  2.36  230.4  2.37  230.6  2.32  1470  1532 1.000  35.5    682 4767
26.08.2022 08:04:21  *01n 20 100TL 4  382.2  1.59   611  529.4  1.67   885  229.8  2.30  230.5  2.27  230.5  2.26  1496  1536 1.000  35.5    691 FFC1
26.08.2022 08:04:41  *01n 20 100TL 4  389.6  1.56   611  550.1  1.56   863  230.0  2.43  230.1  2.42  230.7  2.41  1475  1522 1.000  35.5    700 1B26
26.08.2022 08:05:02  *01n 20 100TL 4  404.5  1.51   613  530.6  1.76   933  229.7  2.39  230.2  2.38  230.9  2.34  1547  1539 1.000  35.5    708 797C
26.08.2022 08:05:22  *01n 20 100TL 4  397.8  1.60   636  536.7  1.70   917  229.6  2.37  230.6  2.33  230.6  2.33  1553  1528 1.000  35.6    716 8441
26.08.2022 08:05:42  *01n 20 100TL 4  404.3  1.53   619  529.9  1.75   929  229.8  2.44  230.7  2.42  230.7  2.40  1548  1521 1.000  35.6    725 9DE8
26.08.2022 08:06:02  *01n 20 100TL 4  412.3  1.37   569  526.7  1.72   904  229.9  2.42  230.7  2.39  230.9  2.38  1474  1515 1.000  35.6    733 3D78
26.08.2022 08:06:22  *01n 20 100TL 4  413.3  1.50   621  529.7  1.82   968  229.8  2.40  230.5  2.40  230.9  2.37  1589  1512 1.000  35.6    742 3834
26.08.2022 08:06:42  *01n 20 100TL 4  421.5  1.38   584  517.3  1.90   987  230.2  2.25  230.8  2.23  231.0  2.23  1571  1490 1.000  35.6    750 F231
26.08.2022 08:07:02  *01n 20 100TL 4  420.7  1.27   537  529.0  1.74   924  230.1  2.39  230.7  2.38  231.0  2.34  1461  1484 1.000  35.7    758 62A2
26.08.2022 08:07:22  *01n 20 100TL 4  416.5  1.21   505  542.4  1.73   941  229.9  2.36  230.5  2.34  231.1  2.31  1446  1469 1.000  35.7    766 AAE2
26.08.2022 08:07:42  *01n 20 100TL 4  416.4  1.21   506  542.7  1.66   906  229.7  2.36  230.5  2.33  230.7  2.33  1412  1467 1.000  35.7    775 FBAC
26.08.2022 08:08:02  *01n 20 100TL 4  424.5  1.26   535  531.3  1.80   959  229.8  2.38  230.6  2.38  230.6  2.35  1495  1477 1.000  35.7    783 FA8A
26.08.2022 08:08:22  *01n 20 100TL 4  424.3  1.14   485  531.2  1.79   952  229.9  2.28  230.7  2.27  230.8  2.22  1437  1470 1.000  35.7    791 CD99
26.08.2022 08:08:42  *01n 20 100TL 4  401.8  1.29   520  531.8  1.71   912  230.0  2.33  230.7  2.33  230.6  2.27  1432  1506 1.000  35.7    799 9186
26.08.2022 08:09:02  *01n 20 100TL 4  374.4  1.91   714  522.4  1.80   943  229.6  2.69  230.6  2.67  230.8  2.67  1657  1707 1.000  35.8    808 5770
26.08.2022 08:09:22  *01n 20 100TL 4  353.9  2.27   805  529.8  1.81   962  229.5  2.68  230.6  2.68  230.6  2.62  1768  1759 1.000  35.8    818 9076
26.08.2022 08:09:42  *01n 20 100TL 4  346.6  2.16   753  519.8  1.82   950  229.7  2.74  230.8  2.74  230.9  2.72  1704  1759 1.000  35.8    828 4743
26.08.2022 08:10:02  *01n 20 100TL 4  353.5  2.29   810  529.5  1.88   997  229.9  2.67  231.0  2.67  231.0  2.67  1808  1779 1.000  35.9    838 E000
26.08.2022 08:10:22  *01n 20 100TL 4  361.2  2.20   798  529.4  1.90  1008  229.7  2.63  231.0  2.61  230.7  2.60  1806  1762 1.000  35.9    847 A85A
26.08.2022 08:10:42  *01n 20 100TL 4  365.0  1.95   711  531.0  1.81   965  229.6  2.63  230.8  2.62  230.8  2.57  1676  1721 1.000  35.9    857 EDF8
26.08.2022 08:11:02  *01n 20 100TL 4  355.9  2.16   770  531.8  1.83   976  229.4  2.64  230.5  2.64  230.6  2.59  1747  1722 1.000  35.9    867 30EC
26.08.2022 08:11:22  *01n 20 100TL 4  349.9  1.93   674  525.2  1.82   961  229.6  2.65  230.7  2.63  230.4  2.61  1635  1686 1.000  35.9    877 F2A4
26.08.2022 08:11:42  *01n 20 100TL 4  359.8  1.96   708  538.8  1.79   965  229.4  2.56  230.7  2.56  230.8  2.50  1673  1654 1.000  35.9    885 7F26
26.08.2022 08:12:02  *01n 20 100TL 4  359.2  1.93   694  538.8  1.96  1062  229.1  2.55  230.2  2.53  230.2  2.52  1756  1658 1.000  36.0    895 B3EB
26.08.2022 08:12:23  *01n 20 100TL 4  357.3  1.81   650  529.5  1.93  1028  229.2  2.44  230.3  2.42  230.4  2.40  1678  1625 1.000  36.0    904 6F0A
26.08.2022 08:12:43  *01n 20 100TL 4  356.8  1.57   561  525.3  1.76   929  229.4  2.38  230.4  2.34  230.4  2.36  1490  1536 1.000  36.0    913 348F
26.08.2022 08:13:03  *01n 20 100TL 4  342.3  1.84   631  520.2  1.98  1033  229.3  2.42  230.2  2.40  230.4  2.38  1664  1629 1.000  36.0    922 B56A
26.08.2022 08:13:23  *01n 20 100TL 4  341.7  1.78   607  522.0  1.90   991  229.1  2.56  230.0  2.55  230.2  2.49  1599  1632 1.000  36.0    931 FF25
26.08.2022 08:13:43  *01n 20 100TL 4  326.5  2.26   738  531.5  2.04  1089  229.9  2.55  230.2  2.53  230.0  2.49  1828  1748 1.000  36.0    940 2F4E
26.08.2022 08:14:03  *01n 20 100TL 4  311.0  2.72   846  536.2  1.95  1048  229.1  2.70  230.3  2.67  230.3  2.65  1895  1828 1.000  36.1    949 C7D7
26.08.2022 08:14:23  *01n 20 100TL 4  294.0  2.90   852  529.3  1.99  1058  229.4  2.72  230.4  2.70  230.4  2.68  1911  1876 1.000  36.1    960 5370
26.08.2022 08:14:43  *01n 20 100TL 4  289.0  3.13   904  538.8  1.85   999  229.5  2.86  230.5  2.81  230.5  2.81  1904  1937 1.000  36.1    971 A839
26.08.2022 08:15:03  *01n 20 100TL 4  284.9  3.12   889  521.1  1.97  1029  229.5  3.03  230.7  3.00  230.6  2.99  1919  1960 1.000  36.1    982 51AC
26.08.2022 08:15:23  *01n 20 100TL 4  288.7  3.19   920  531.5  1.97  1051  229.6  3.00  230.4  2.99  230.7  2.95  1971  1971 1.000  36.2    993 07C5
26.08.2022 08:15:43  *01n 20 100TL 4  284.3  3.42   973  519.8  2.01  1048  229.6  3.03  229.8  3.03  230.6  3.01  2021  1994 1.000  36.2   1004 2BBB
26.08.2022 08:16:03  *01n 20 100TL 4  282.2  3.55  1004  535.0  2.05  1100  229.5  3.03  229.8  3.01  230.6  2.97  2104  2000 1.000  36.2   1015 EC7F
26.08.2022 08:16:23  *01n 20 100TL 4  283.4  3.44   976  522.3  1.98  1037  229.0  2.95  230.1  2.92  230.3  2.90  2014  2005 1.000  36.2   1026 9AA9
26.08.2022 08:16:43  *01n 20 100TL 4  278.1  3.34   930  537.8  1.91  1033  229.4  3.04  230.3  3.04  230.6  2.98  1963  2005 1.000  36.3   1037 3C4C
26.08.2022 08:17:03  *01n 20 100TL 4  285.3  3.45   984  530.3  2.00  1060  229.2  3.12  230.5  3.09  230.5  3.09  2044  2009 1.000  36.3   1048 0D35
26.08.2022 08:17:23  *01n 20 100TL 4  282.7  3.48   985  518.4  2.12  1100  229.4  3.07  230.5  3.06  230.9  3.02  2085  2029 1.000  36.3   1059 004C
26.08.2022 08:17:43  *01n 20 100TL 4  282.7  3.66  1036  529.0  2.10  1113  229.8  3.04  229.9  3.02  230.6  3.02  2149  2059 1.000  36.3   1071 75E5
26.08.2022 08:18:03  *01n 20 100TL 4  282.5  3.51   991  528.4  2.00  1060  229.2  2.98  230.6  2.96  230.7  2.94  2052  2067 1.000  36.3   1083 345A
26.08.2022 08:18:23  *01n 20 100TL 4  284.5  3.43   976  530.3  1.96  1040  229.3  3.23  230.2  3.22  230.6  3.19  2017  2063 1.000  36.4   1094 F60C
26.08.2022 08:18:43  *01n 20 100TL 4  277.0  3.60   999  526.8  2.02  1065  229.8  3.15  230.7  3.14  231.0  3.08  2064  2095 1.000  36.4   1105 08A9
26.08.2022 08:19:04  *01n 20 100TL 4  278.0  3.57   993  528.0  2.01  1065  229.7  3.18  230.7  3.18  231.0  3.13  2058  2098 1.000  36.4   1117 6600
26.08.2022 08:19:24  *01n 20 100TL 4  276.7  3.82  1055  526.8  2.03  1071  229.7  3.00  230.6  2.98  230.8  2.96  2127  2087 1.000  36.4   1129 50B9
26.08.2022 08:19:44  *01n 20 100TL 4  271.1  3.59   975  526.2  1.95  1029  229.9  2.84  230.5  2.81  231.0  2.80  2005  1980 1.000  36.5   1140 6B82
26.08.2022 08:20:04  *01n 20 100TL 4  271.2  3.71  1007  517.0  1.91   991  229.6  2.89  230.3  2.89  230.8  2.85  1998  1916 1.000  36.5   1151 2861
26.08.2022 08:20:24  *01n 20 100TL 4  276.0  3.54   978  527.5  1.94  1023  229.5  2.87  230.4  2.87  230.8  2.81  2001  1890 1.000  36.5   1162 D37D
26.08.2022 08:20:44  *01n 20 100TL 4  270.7  3.74  1013  523.7  1.89   990  229.4  2.96  230.3  2.94  230.6  2.94  2003  1971 1.000  36.5   1172 6561
26.08.2022 08:21:04  *01n 20 100TL 4  257.6  3.96  1020  518.6  2.04  1062  229.5  2.99  230.3  2.96  230.5  2.96  2082  1998 1.000  36.5   1184 ED76
26.08.2022 08:21:24  *01n 20 100TL 4  269.7  3.33   898  515.8  1.66   859  229.3  2.63  230.3  2.62  230.4  2.60  1757  1800 1.000  36.5   1194 5210
26.08.2022 08:21:44  *01n 20 100TL 4  265.7  3.60   958  527.0  1.79   943  229.4  2.87  230.1  2.81  230.4  2.83  1901  1943 1.000  36.6   1204 EBC4
26.08.2022 08:22:04  *01n 20 100TL 4  259.9  4.16  1080  536.8  2.03  1095  229.4  3.20  230.4  3.18  230.5  3.18  2175  2156 1.000  36.6   1216 2052
26.08.2022 08:22:24  *01n 20 100TL 4  265.0  4.23  1123  525.7  2.12  1116  229.2  3.22  230.3  3.20  230.4  3.18  2240  2194 1.000  36.6   1228 D357
26.08.2022 08:22:44  *01n 20 100TL 4  268.5  4.24  1139  527.4  2.17  1149  229.2  3.14  230.2  3.11  230.2  3.10  2288  2183 1.000  36.6   1240 27EA
26.08.2022 08:23:04  *01n 20 100TL 4  265.2  4.08  1081  526.0  2.07  1092  229.3  3.39  230.5  3.38  230.5  3.36  2174  2163 1.000  36.7   1252 9F8E
26.08.2022 08:23:24  *01n 20 100TL 4  268.4  3.64   978  522.8  1.91  1002  229.7  3.03  230.1  3.00  230.8  2.96  1980  1995 1.000  36.7   1264 25C1
26.08.2022 08:23:44  *01n 20 100TL 4  260.4  3.03   790  523.5  1.33   700  229.3  2.18  230.3  2.15  230.2  2.16  1490  1403 1.000  36.7   1273 A2D2
26.08.2022 08:24:04  *01n 20 100TL 4  264.9  3.25   862  524.2  1.66   874  229.1  2.47  230.3  2.46  230.3  2.42  1736  1699 1.000  36.7   1282 CF77
26.08.2022 08:24:24  *01n 20 100TL 4  263.5  3.22   848  512.9  1.66   856  229.5  2.51  230.5  2.48  230.7  2.47  1704  1704 1.000  36.7   1292 E9AB
26.08.2022 08:24:44  *01n 20 100TL 4  263.2  2.62   692  512.7  1.30   671  229.6  1.98  230.5  1.95  230.6  1.94  1364  1313 1.000  36.7   1301 E089
26.08.2022 08:25:05  *01n 20 100TL 4  263.3  1.73   456  513.6  0.77   399  229.3  1.50  230.1  1.48  230.5  1.45   856   881 1.000  36.8   1307 0DEF
26.08.2022 08:25:25  *01n 20 100TL 4  263.2  1.42   375  513.5  0.61   317  229.3  1.34  230.2  1.33  230.5  1.32   692   729 1.000  36.8   1311 E8F5
26.08.2022 08:25:45  *01n 20 100TL 4  263.7  1.09   288  513.0  0.46   238  228.9  1.11  230.1  1.09  230.3  1.07   526   576 1.000  36.8   1315 66AC
26.08.2022 08:26:05  *01n 20 100TL 4  274.0  1.20   331  501.4  0.52   260  229.0  1.11  230.1  1.09  230.2  1.08   592   567 1.000  36.8   1318 B8E5
26.08.2022 08:26:25  *01n 20 100TL 4  274.6  1.38   379  490.3  0.67   332  229.2  1.30  230.2  1.26  230.4  1.26   712   662 1.000  36.8   1321 5BE5
26.08.2022 08:26:45  *01n 20 100TL 4  274.1  1.50   410  489.4  0.69   340  229.3  1.29  230.4  1.27  230.6  1.26   750   740 1.000  36.8   1325 5B61
26.08.2022 08:27:05  *01n 20 100TL 4  277.0  2.49   689  504.5  1.31   660  229.4  2.18  230.5  2.16  230.7  2.11  1350  1345 1.000  36.8   1330 01AA
26.08.2022 08:27:25  *01n 20 100TL 4  284.2  4.03  1145  515.9  2.14  1104  229.6  3.21  230.2  3.17  230.9  3.17  2250  2212 1.000  36.8   1340 F24F
26.08.2022 08:27:45  *01n 20 100TL 4  277.0  4.47  1237  506.0  2.30  1164  229.7  3.63  230.8  3.64  230.9  3.58  2401  2433 1.000  36.9   1354 ED04
26.08.2022 08:28:05  *01n 20 100TL 4  268.8  4.86  1307  535.6  2.27  1217  229.8  3.66  230.9  3.64  230.8  3.64  2525  2484 1.000  36.9   1367 9ADF
26.08.2022 08:28:25  *01n 20 100TL 4  274.5  4.54  1246  528.7  2.27  1205  230.4  3.67  230.5  3.70  230.9  3.64  2452  2487 1.000  36.9   1381 4EAA
26.08.2022 08:28:45  *01n 20 100TL 4  267.1  4.84  1293  519.1  2.30  1194  229.9  3.81  230.9  3.80  231.1  3.79  2488  2484 1.000  36.9   1395 54D9
26.08.2022 08:29:05  *01n 20 100TL 4  272.4  4.88  1329  529.6  2.41  1280  230.6  3.64  230.5  3.64  230.8  3.61  2609  2504 1.000  37.0   1409 F88A
26.08.2022 08:29:25  *01n 20 100TL 4  272.4  4.65  1266  529.4  2.26  1199  229.9  3.75  230.9  3.73  231.1  3.70  2465  2496 1.000  37.0   1423 BBC7
26.08.2022 08:29:45  *01n 20 100TL 4  285.4  4.52  1290  514.7  2.40  1239  229.9  3.66  231.0  3.64  231.1  3.61  2529  2490 1.000  37.0   1437 E64F
26.08.2022 08:30:05  *01n 20 100TL 4  281.9  4.45  1254  522.7  2.19  1149  230.0  3.74  231.0  3.73  231.0  3.71  2403  2455 1.000  37.0   1450 960C
26.08.2022 08:30:25  *01n 20 100TL 4  281.3  3.96  1115  520.1  1.98  1029  229.8  3.21  231.0  3.18  231.1  3.17  2145  2151 1.000  37.0   1463 13BC
26.08.2022 08:30:45  *01n 20 100TL 4  283.1  3.57  1013  521.6  1.66   866  229.6  2.73  230.5  2.73  230.7  2.67  1879  1806 1.000  37.0   1474 6B39
26.08.2022 08:31:05  *01n 20 100TL 4  277.2  2.82   782  528.3  1.32   698  229.7  2.28  230.7  2.26  231.0  2.24  1481  1536 1.000  37.1   1484 B03D
26.08.2022 08:31:25  *01n 20 100TL 4  277.7  2.20   611  529.9  1.02   543  229.5  2.00  230.4  1.98  230.7  1.97  1155  1211 1.000  37.1   1492 3B60
26.08.2022 08:31:45  *01n 20 100TL 4  277.3  2.69   746  528.8  1.20   634  229.5  2.11  230.0  2.09  230.5  2.03  1380  1350 1.000  37.1   1499 1AB2
26.08.2022 08:32:06  *01n 20 100TL 4  269.0  2.38   639  516.8  1.11   578  229.5  2.17  230.5  2.18  230.7  2.13  1217  1286 1.000  37.1   1506 37E5
26.08.2022 08:32:26  *01n 20 100TL 4  271.4  2.09   570  518.5  1.02   532  229.5  1.82  230.4  1.82  230.6  1.77  1103  1147 1.000  37.1   1512 FCAD
26.08.2022 08:32:46  *01n 20 100TL 4  271.4  1.75   474  516.3  0.83   428  229.7  1.56  229.9  1.54  230.8  1.53   903   941 1.000  37.1   1519 EB3C
26.08.2022 08:33:06  *01n 20 100TL 4  277.8  1.94   538  507.8  0.87   444  229.5  1.67  230.2  1.64  230.7  1.61   982   941 1.000  37.1   1524 F20B
26.08.2022 08:33:26  *01n 20 100TL 4  271.5  2.13   579  506.9  1.02   518  229.6  1.58  230.3  1.56  230.9  1.53  1098  1014 1.000  37.2   1529 BC4F
26.08.2022 08:33:46  *01n 20 100TL 4  276.6  2.08   575  516.1  0.93   483  229.4  1.66  229.8  1.65  230.5  1.61  1058  1017 1.000  37.2   1535 CAC1
26.08.2022 08:34:06  *01n 20 100TL 4  277.0  1.99   550  505.1  1.01   515  229.4  1.67  229.8  1.65  230.4  1.61  1066  1016 1.000  37.2   1540 85EE
26.08.2022 08:34:26  *01n 20 100TL 4  283.4  1.95   552  516.1  0.86   448  229.4  1.68  230.2  1.66  230.7  1.66  1000  1000 1.000  37.2   1546 DFAF
26.08.2022 08:34:46  *01n 20 100TL 4  275.9  2.02   556  516.4  0.92   479  229.9  1.62  229.6  1.60  230.2  1.57  1036   967 1.000  37.2   1552 9D86
26.08.2022 08:35:06  *01n 20 100TL 4  281.9  1.90   535  516.8  0.85   440  229.4  1.54  229.7  1.51  230.5  1.50   976   897 1.000  37.2   1557 F224
26.08.2022 08:35:26  *01n 20 100TL 4  276.7  2.16   599  526.2  1.05   555  229.3  1.87  230.1  1.84  230.7  1.83  1155  1136 1.000  37.2   1562 9975
26.08.2022 08:35:46  *01n 20 100TL 4  276.5  2.69   744  515.7  1.28   665  229.4  2.22  230.2  2.20  230.7  2.21  1409  1377 1.000  37.2   1569 E1AE
26.08.2022 08:36:06  *01n 20 100TL 4  274.7  2.48   682  515.3  1.17   605  229.5  2.14  230.3  2.12  230.7  2.10  1287  1292 1.000  37.2   1577 F964
26.08.2022 08:36:26  *01n 20 100TL 4  276.1  2.35   650  513.8  1.09   563  229.4  1.86  230.2  1.82  230.5  1.80  1213  1222 1.000  37.3   1584 ED6A
26.08.2022 08:36:46  *01n 20 100TL 4  274.9  1.86   511  514.9  0.94   486  229.0  1.71  230.2  1.68  230.5  1.67   997  1033 1.000  37.3   1590 0179
26.08.2022 08:37:06  *01n 20 100TL 4  286.4  1.62   463  505.0  0.75   383  229.3  1.48  229.6  1.47  229.9  1.43   846   852 1.000  37.3   1595 28D5
26.08.2022 08:37:26  *01n 20 100TL 4  280.3  1.72   480  503.9  0.82   418  228.9  1.46  230.0  1.42  230.1  1.40   898   854 1.000  37.3   1600 D608
26.08.2022 08:37:46  *01n 20 100TL 4  280.8  1.61   451  503.3  0.78   395  228.9  1.51  230.1  1.49  230.2  1.45   846   907 1.000  37.3   1605 ECF1
26.08.2022 08:38:06  *01n 20 100TL 4  281.3  1.84   517  494.0  0.94   465  228.8  1.69  230.0  1.68  230.3  1.65   982  1033 1.000  37.3   1610 1C89
26.08.2022 08:38:26  *01n 20 100TL 4  275.9  2.91   804  483.8  1.57   761  228.7  2.50  230.0  2.46  230.2  2.46  1565  1611 1.000  37.3   1617 9D85
26.08.2022 08:38:47  *01n 20 100TL 4  278.8  2.99   834  511.1  1.61   827  228.8  2.65  230.0  2.64  230.2  2.59  1661  1718 1.000  37.3   1627 B238
26.08.2022 08:39:07  *01n 20 100TL 4  279.0  2.38   665  512.1  1.19   611  229.0  1.87  230.1  1.85  230.3  1.84  1277  1225 1.000  37.4   1635 ABD2
26.08.2022 08:39:27  *01n 20 100TL 4  279.4  1.89   527  512.2  0.90   465  229.6  1.63  229.6  1.61  230.0  1.58   993   990 1.000  37.4   1641 A20A
26.08.2022 08:39:47  *01n 20 100TL 4  279.9  1.77   494  512.2  0.79   408  229.2  1.60  230.1  1.59  230.4  1.58   903   924 1.000  37.4   1646 025F
26.08.2022 08:40:07  *01n 20 100TL 4  279.8  1.78   497  502.4  0.84   425  229.1  1.51  229.1  1.47  230.2  1.45   923   881 1.000  37.4   1651 68E6
26.08.2022 08:40:27  *01n 20 100TL 4  285.1  1.68   479  502.2  0.83   421  229.2  1.45  229.3  1.42  230.4  1.39   900   868 1.000  37.4   1656 EEB8
26.08.2022 08:40:47  *01n 20 100TL 4  279.5  1.69   474  511.8  0.75   384  229.0  1.38  228.9  1.36  230.0  1.35   859   865 1.000  37.4   1661 BC4D
26.08.2022 08:41:07  *01n 20 100TL 4  284.9  1.77   506  511.2  0.80   413  229.1  1.51  229.1  1.49  230.2  1.48   920   863 1.000  37.4   1666 5D9A
26.08.2022 08:41:27  *01n 20 100TL 4  279.2  1.66   465  511.9  0.76   393  229.0  1.44  228.9  1.42  230.1  1.41   859   862 1.000  37.4   1671 774F
26.08.2022 08:41:47  *01n 20 100TL 4  279.1  1.78   495  511.0  0.84   430  229.2  1.45  228.8  1.44  230.2  1.44   926   865 1.000  37.4   1676 C3E8
26.08.2022 08:42:07  *01n 20 100TL 4  279.0  1.80   503  510.7  0.79   405  229.9  1.47  228.5  1.44  229.7  1.41   909   868 1.000  37.5   1680 81EC
26.08.2022 08:42:27  *01n 20 100TL 4  278.9  1.75   488  510.5  0.83   428  229.8  1.48  228.3  1.43  230.3  1.45   917   866 1.000  37.5   1685 2284
26.08.2022 08:42:47  *01n 20 100TL 4  278.9  1.86   518  510.2  0.82   421  229.6  1.49  229.2  1.47  230.5  1.44   939   872 1.000  37.5   1690 4946
26.08.2022 08:43:07  *01n 20 100TL 4  284.5  1.71   486  508.8  0.83   421  229.5  1.54  228.8  1.53  230.5  1.48   907   906 1.000  37.5   1695 8CFC
26.08.2022 08:43:27  *01n 20 100TL 4  277.5  1.81   502  510.6  0.80   413  229.2  1.61  228.7  1.59  230.3  1.58   915   909 1.000  37.5   1700 48EC
26.08.2022 08:43:47  *01n 20 100TL 4  278.1  1.69   471  509.9  0.79   405  229.1  1.44  229.0  1.40  230.3  1.39   877   877 1.000  37.5   1705 B538
26.08.2022 08:44:07  *01n 20 100TL 4  283.8  1.65   469  509.1  0.74   381  229.2  1.58  228.8  1.56  230.1  1.53   851   878 1.000  37.5   1710 F266
26.08.2022 08:44:27  *01n 20 100TL 4  278.1  1.62   453  498.9  0.77   389  229.1  1.39  228.8  1.37  230.2  1.35   842   871 1.000  37.5   1715 2AE0
26.08.2022 08:44:47  *01n 20 100TL 4  278.0  1.92   532  508.9  0.83   427  229.4  1.60  229.3  1.57  230.6  1.56   959   883 1.000  37.5   1720 16FB
26.08.2022 08:45:07  *01n 20 100TL 4  283.0  1.56   440  508.5  0.75   386  229.4  1.55  229.3  1.53  230.7  1.52   827   889 1.000  37.5   1725 8BF1
26.08.2022 08:45:28  *01n 20 100TL 4  275.1  1.83   505  518.2  0.82   425  229.4  1.58  229.2  1.56  230.5  1.55   930   891 1.000  37.5   1729 2877
26.08.2022 08:45:48  *01n 20 100TL 4  288.8  1.63   471  498.3  0.80   402  229.1  1.56  229.6  1.55  230.1  1.52   874   892 1.000  37.5   1734 0268
26.08.2022 08:46:08  *01n 20 100TL 4  282.7  1.71   483  517.7  0.76   396  229.0  1.62  229.9  1.62  230.1  1.57   880   906 1.000  37.5   1740 7951
26.08.2022 08:46:28  *01n 20 100TL 4  277.0  1.88   520  507.8  0.90   460  229.1  1.54  229.7  1.49  230.1  1.48   981   909 1.000  37.5   1745 1217
26.08.2022 08:46:48  *01n 20 100TL 4  288.1  1.83   527  507.5  0.83   424  229.4  1.52  229.4  1.51  229.9  1.47   952   909 1.000  37.6   1750 673F
26.08.2022 08:47:08  *01n 20 100TL 4  284.2  1.69   482  517.1  0.80   419  229.1  1.60  230.0  1.59  230.3  1.57   901   918 1.000  37.6   1755 AF7B
26.08.2022 08:47:28  *01n 20 100TL 4  276.8  1.81   502  517.2  0.78   407  229.3  1.61  229.8  1.59  230.0  1.57   909   939 1.000  37.6   1760 69E9
26.08.2022 08:47:48  *01n 20 100TL 4  282.0  1.94   546  516.6  0.90   468  229.3  1.59  229.8  1.58  230.3  1.55  1014   949 1.000  37.6   1765 5B97
26.08.2022 08:48:08  *01n 20 100TL 4  282.0  1.85   521  516.4  0.81   421  229.3  1.59  229.7  1.57  230.4  1.55   943   932 1.000  37.6   1770 A90F
26.08.2022 08:48:28  *01n 20 100TL 4  282.0  1.80   509  505.9  0.87   442  229.2  1.57  230.1  1.54  230.4  1.52   952   929 1.000  37.6   1776 61B6
26.08.2022 08:48:48  *01n 20 100TL 4  282.6  1.93   546  515.8  0.84   436  229.5  1.54  229.6  1.49  230.4  1.48   982   938 1.000  37.6   1781 9A50
26.08.2022 08:49:08  *01n 20 100TL 4  283.5  1.73   491  515.7  0.82   422  229.1  1.60  229.9  1.57  230.3  1.55   914   946 1.000  37.6   1786 7D49
26.08.2022 08:49:28  *01n 20 100TL 4  279.2  2.07   578  508.0  0.91   465  229.3  1.71  229.7  1.69  230.3  1.66  1043   956 1.000  37.6   1792 A6B9
26.08.2022 08:49:48  *01n 20 100TL 4  287.0  1.83   523  515.1  0.89   459  229.9  1.69  229.4  1.66  229.9  1.65   982   971 1.000  37.6   1797 CB09
26.08.2022 08:50:08  *01n 20 100TL 4  286.8  1.77   508  514.8  0.79   410  229.3  1.61  229.9  1.59  230.4  1.56   918   982 1.000  37.6   1802 D1B4
26.08.2022 08:50:28  *01n 20 100TL 4  285.8  2.02   578  525.1  0.96   505  229.3  1.68  230.0  1.65  230.6  1.65  1083  1000 1.000  37.7   1808 8F9D
26.08.2022 08:50:48  *01n 20 100TL 4  282.4  1.91   540  504.1  0.85   430  230.1  1.69  229.8  1.65  230.4  1.61   970  1007 1.000  37.7   1813 2ABA
26.08.2022 08:51:08  *01n 20 100TL 4  284.5  1.87   531  515.6  0.90   466  229.7  1.81  230.3  1.80  230.7  1.77   997  1036 1.000  37.7   1819 8549
26.08.2022 08:51:28  *01n 20 100TL 4  282.3  2.24   634  520.5  1.04   546  229.6  1.81  230.3  1.77  230.8  1.76  1181  1159 1.000  37.7   1825 F506
26.08.2022 08:51:48  *01n 20 100TL 4  294.5  3.89  1147  530.4  2.05  1094  230.0  3.55  230.8  3.54  231.1  3.51  2241  2291 1.000  37.7   1834 F353
26.08.2022 08:52:08  *01n 20 100TL 4  297.8  4.09  1217  512.8  2.21  1136  230.1  3.60  230.9  3.57  230.5  3.57  2354  2334 1.000  37.7   1847 4EC7
26.08.2022 08:52:29  *01n 20 100TL 4  292.3  3.95  1156  512.7  2.00  1026  229.7  3.13  230.6  3.11  230.8  3.10  2183  2111 1.000  37.7   1859 68B3
26.08.2022 08:52:49  *01n 20 100TL 4  295.2  3.39  1000  512.4  1.76   901  229.9  2.92  230.6  2.91  230.9  2.89  1902  1873 1.000  37.7   1871 816A
26.08.2022 08:53:09  *01n 20 100TL 4  293.4  2.81   825  515.5  1.53   788  229.6  2.35  230.4  2.32  230.8  2.32  1614  1524 1.000  37.7   1880 F1C3
26.08.2022 08:53:29  *01n 20 100TL 4  287.9  2.91   840  518.4  1.40   727  230.0  2.24  230.3  2.21  230.8  2.19  1568  1533 1.000  37.7   1888 EB3D
26.08.2022 08:53:49  *01n 20 100TL 4  287.7  2.37   683  517.5  1.21   631  227.2  1.92  230.7  1.91  230.7  1.90  1315  1290 1.000  37.7   1896 16B1
26.08.2022 08:54:09  *01n 20 100TL 4  275.7  2.56   704  522.6  1.12   596  230.3  2.05  230.1  2.02  230.3  1.98  1310  1298 1.000  37.7   1903 2F8D
26.08.2022 08:54:29  *01n 20 100TL 4  273.0  2.81   767  510.8  1.39   714  229.6  2.39  230.4  2.38  230.9  2.33  1481  1535 1.000  37.7   1911 4B85
26.08.2022 08:54:49  *01n 20 100TL 4  276.1  2.58   711  519.3  1.19   617  229.5  2.19  230.3  2.18  230.8  2.15  1329  1330 1.000  37.7   1919 449E
26.08.2022 08:55:09  *01n 20 100TL 4  275.9  2.06   569  518.6  0.99   514  229.7  1.82  230.3  1.80  231.0  1.76  1083  1129 1.000  37.8   1926 F32B
26.08.2022 08:55:29  *01n 20 100TL 4  276.7  2.19   607  515.7  0.98   509  229.4  1.62  230.3  1.59  230.7  1.57  1116  1048 1.000  37.7   1932 3896
26.08.2022 08:55:49  *01n 20 100TL 4  287.3  2.07   596  515.8  1.03   531  229.5  1.68  230.1  1.65  230.8  1.62  1127  1039 1.000  37.8   1938 0559
26.08.2022 08:56:09  *01n 20 100TL 4  282.0  2.01   567  516.3  0.89   459  229.3  1.77  230.0  1.76  230.8  1.73  1026  1017 1.000  37.7   1944 A467
26.08.2022 08:56:29  *01n 20 100TL 4  280.6  2.03   572  510.7  0.96   492  229.7  1.69  229.6  1.66  230.8  1.63  1065  1011 1.000  37.8   1949 3273
26.08.2022 08:56:49  *01n 20 100TL 4  281.0  1.95   547  511.7  0.87   450  229.8  1.70  229.8  1.68  230.9  1.63   997  1010 1.000  37.8   1955 8313
26.08.2022 08:57:09  *01n 20 100TL 4  281.8  2.05   579  506.0  1.01   517  229.4  1.70  230.1  1.67  230.8  1.65  1097  1016 1.000  37.8   1961 3D17
26.08.2022 08:57:29  *01n 20 100TL 4  287.6  1.91   550  516.3  0.90   465  229.6  1.68  230.2  1.63  230.8  1.65  1016  1052 1.000  37.8   1966 48A4
26.08.2022 08:57:49  *01n 20 100TL 4  288.7  2.54   735  515.1  1.38   714  229.8  2.36  230.5  2.31  231.1  2.33  1449  1498 1.000  37.8   1973 840C
26.08.2022 08:58:09  *01n 20 100TL 4  288.2  4.84  1396  502.7  2.45  1235  230.1  3.98  230.9  3.96  231.5  3.94  2632  2610 1.000  37.8   1985 9BD0
26.08.2022 08:58:29  *01n 20 100TL 4  291.6  5.65  1649  506.3  3.09  1570  230.4  4.56  230.9  4.55  231.4  4.51  3219  3181 1.000  37.8   2001 6578
26.08.2022 08:58:49  *01n 20 100TL 4  281.6  6.24  1757  520.2  3.15  1641  230.7  4.84  230.5  4.84  231.0  4.80  3399  3279 1.000  37.8   2018 2F2D
26.08.2022 08:59:09  *01n 20 100TL 4  279.9  6.24  1747  517.3  3.11  1614  230.0  4.87  230.9  4.85  231.3  4.84  3361  3254 1.000  37.8   2036 D12B
26.08.2022 08:59:29  *01n 20 100TL 4  279.3  6.09  1701  526.5  2.98  1573  230.1  4.63  230.8  4.63  231.3  4.58  3274  3164 1.000  37.8   2055 F01C
26.08.2022 08:59:50  *01n 20 100TL 4  276.1  6.11  1689  526.9  2.99  1580  230.1  4.67  230.8  4.66  231.2  4.61  3270  3172 1.000  37.9   2073 E50E
26.08.2022 09:00:10  *01n 20 100TL 4  274.2  5.64  1548  526.4  2.63  1390  230.1  4.17  230.8  4.17  231.2  4.11  2938  2847 1.000  37.9   2090 1642
26.08.2022 09:00:30  *01n 20 100TL 4  269.5  3.17   854  527.0  1.52   804  230.0  2.42  230.5  2.38  230.9  2.39  1658  1586 1.000  37.9   2103 2C6E
26.08.2022 09:00:50  *01n 20 100TL 4  271.0  2.07   563  529.3  0.92   488  229.9  1.80  230.4  1.78  230.7  1.75  1051  1063 1.000  37.9   2109 1CCD
26.08.2022 09:01:10  *01n 20 100TL 4  277.3  1.80   498  506.4  0.87   445  229.8  1.57  230.6  1.54  230.9  1.53   944   984 1.000  37.9   2115 37E8
26.08.2022 09:01:30  *01n 20 100TL 4  272.2  1.91   521  514.8  0.86   445  229.7  1.64  230.5  1.61  230.8  1.59   967   936 1.000  37.9   2120 BEEC
26.08.2022 09:01:50  *01n 20 100TL 4  271.8  1.78   485  505.3  0.84   428  229.9  1.63  230.3  1.62  230.6  1.61   914   970 1.000  37.9   2126 9771
26.08.2022 09:02:10  *01n 20 100TL 4  271.9  1.97   537  504.6  0.89   448  229.6  1.64  230.2  1.62  230.5  1.59   985   939 1.000  37.9   2131 6F62
26.08.2022 09:02:30  *01n 20 100TL 4  277.2  1.72   477  504.6  0.82   415  229.7  1.65  230.4  1.63  230.7  1.62   892   944 1.000  37.9   2136 896D
26.08.2022 09:02:50  *01n 20 100TL 4  277.0  1.76   489  504.9  0.79   399  229.7  1.58  230.5  1.57  230.6  1.54   889   943 1.000  37.9   2142 ABEE
26.08.2022 09:03:10  *01n 20 100TL 4  276.9  1.74   483  503.0  0.79   401  229.6  1.69  230.5  1.64  230.7  1.63   885   946 1.000  37.9   2147 D086
26.08.2022 09:03:30  *01n 20 100TL 4  276.2  1.74   480  495.1  0.81   405  230.1  1.64  229.8  1.60  230.4  1.60   886   946 1.000  38.0   2152 D3E5
26.08.2022 09:03:50  *01n 20 100TL 4  281.7  1.80   508  494.2  0.87   431  229.5  1.67  230.4  1.65  230.5  1.61   939   949 1.000  38.0   2157 4169
26.08.2022 09:04:10  *01n 20 100TL 4  281.8  1.84   518  503.6  0.85   431  229.6  1.68  230.4  1.68  230.6  1.65   950   956 1.000  38.0   2163 E447
26.08.2022 09:04:30  *01n 20 100TL 4  276.1  1.94   535  513.3  0.85   437  229.5  1.60  230.4  1.58  230.5  1.54   973   961 1.000  38.0   2168 AC74
26.08.2022 09:04:50  *01n 20 100TL 4  276.0  1.91   526  502.9  0.88   445  229.8  1.56  230.3  1.53  230.6  1.53   971   976 1.000  38.0   2174 64F9
26.08.2022 09:05:10  *01n 20 100TL 4  276.0  1.91   529  503.4  0.84   427  229.8  1.58  230.4  1.54  230.5  1.53   956   978 1.000  38.0   2179 6CFD
26.08.2022 09:05:30  *01n 20 100TL 4  281.1  1.77   498  501.9  0.87   439  229.7  1.60  230.4  1.58  230.8  1.57   938   994 1.000  38.0   2184 A5C2
26.08.2022 09:05:50  *01n 20 100TL 4  281.1  2.04   573  502.3  0.92   462  229.9  1.69  230.5  1.67  230.7  1.62  1036  1013 1.000  38.0   2190 8ED8
26.08.2022 09:06:10  *01n 20 100TL 4  270.0  2.18   588  492.1  1.05   518  230.0  1.58  230.7  1.55  231.0  1.54  1107  1016 1.000  38.0   2196 5AC6
26.08.2022 09:06:30  *01n 20 100TL 4  269.9  2.81   759  491.8  1.41   697  230.0  2.35  231.1  2.32  230.9  2.30  1457  1483 1.000  38.0   2203 9D4D
26.08.2022 09:06:51  *01n 20 100TL 4  269.6  2.52   680  491.2  1.28   628  230.2  1.91  231.1  1.87  231.1  1.87  1309  1251 1.000  38.0   2210 F739
26.08.2022 09:07:11  *01n 20 100TL 4  280.0  2.52   704  510.5  1.21   619  229.9  1.99  230.7  1.97  230.8  1.95  1324  1313 1.000  38.0   2217 D495
26.08.2022 09:07:31  *01n 20 100TL 4  277.9  2.09   581  500.8  1.06   534  230.0  1.79  230.7  1.77  231.0  1.73  1115  1106 1.000  38.0   2224 F4AE
26.08.2022 09:07:51  *01n 20 100TL 4  280.0  2.16   604  511.4  0.99   509  229.7  1.81  230.5  1.80  230.9  1.76  1113  1126 1.000  38.1   2230 FEED
26.08.2022 09:08:11  *01n 20 100TL 4  285.6  1.90   543  510.7  0.94   483  229.6  1.74  230.6  1.72  230.9  1.71  1026  1025 1.000  38.1   2236 C6CD
26.08.2022 09:08:31  *01n 20 100TL 4  285.6  1.96   561  500.3  0.91   457  229.8  1.73  230.6  1.72  230.7  1.66  1019  1025 1.000  38.1   2242 AD46
26.08.2022 09:08:51  *01n 20 100TL 4  285.6  1.95   556  500.3  1.02   511  229.9  1.80  230.5  1.78  230.9  1.73  1068  1100 1.000  38.1   2248 A5A2
26.08.2022 09:09:11  *01n 20 100TL 4  280.6  2.46   691  499.8  1.19   596  229.5  1.96  230.3  1.93  230.7  1.92  1287  1245 1.000  38.1   2254 1F22
26.08.2022 09:09:31  *01n 20 100TL 4  277.9  2.28   636  509.6  1.12   570  229.9  1.99  230.7  1.97  231.1  1.95  1206  1190 1.000  38.1   2261 AA62
26.08.2022 09:09:51  *01n 20 100TL 4  282.1  4.04  1141  510.9  1.84   943  230.3  2.97  230.9  2.94  231.4  2.94  2084  1966 1.000  38.1   2269 EBD1
26.08.2022 09:10:11  *01n 20 100TL 4  286.6  6.35  1820  525.4  3.23  1698  230.4  5.20  231.4  5.19  231.8  5.18  3518  3453 1.000  38.1   2284 8FD0
26.08.2022 09:10:31  *01n 20 100TL 4  281.9  6.64  1872  519.0  3.33  1730  230.6  5.09  231.3  5.09  231.7  5.04  3602  3472 1.000  38.1   2304 F95B
26.08.2022 09:10:51  *01n 20 100TL 4  276.7  6.76  1870  519.2  3.32  1727  230.5  5.09  231.6  5.08  232.0  5.06  3598  3497 1.000  38.2   2323 3FDD
26.08.2022 09:11:11  *01n 20 100TL 4  274.0  6.77  1857  518.8  3.27  1698  230.4  5.24  231.1  5.23  231.5  5.22  3555  3498 1.000  38.2   2344 CA20
26.08.2022 09:11:31  *01n 20 100TL 4  275.8  6.72  1855  524.4  3.28  1722  230.4  5.10  231.1  5.10  231.7  5.05  3578  3486 1.000  38.2   2363 37D3
26.08.2022 09:11:51  *01n 20 100TL 4  282.7  6.52  1843  524.8  3.16  1661  230.4  4.94  231.4  4.93  231.8  4.89  3504  3480 1.000  38.2   2382 6443
26.08.2022 09:12:11  *01n 20 100TL 4  279.2  6.62  1849  524.0  3.19  1676  230.5  5.14  231.3  5.13  231.4  5.12  3526  3466 1.000  38.2   2401 2208
26.08.2022 09:12:31  *01n 20 100TL 4  281.8  6.35  1791  518.8  3.16  1641  230.4  5.05  231.3  5.06  231.4  5.01  3433  3450 1.000  38.2   2420 30E7
26.08.2022 09:12:51  *01n 20 100TL 4  279.1  6.64  1852  513.8  3.32  1705  230.8  5.15  231.4  5.13  231.7  5.11  3558  3443 1.000  38.2   2440 5FEA
26.08.2022 09:13:12  *01n 20 100TL 4  278.5  6.46  1799  508.5  3.29  1676  230.6  4.86  231.5  4.85  231.9  4.82  3476  3425 1.000  38.2   2459 5DFA
26.08.2022 09:13:32  *01n 20 100TL 4  279.5  6.64  1857  508.4  3.26  1660  231.0  5.02  231.6  5.01  231.9  4.97  3517  3407 1.000  38.2   2478 B4D6
26.08.2022 09:13:52  *01n 20 100TL 4  275.3  6.51  1792  514.8  3.20  1649  231.1  4.93  231.9  4.91  232.1  4.90  3442  3395 1.000  38.2   2497 41C2
26.08.2022 09:14:12  *01n 20 100TL 4  276.2  6.38  1762  518.0  3.04  1577  230.7  4.83  231.5  4.81  231.8  4.80  3340  3366 0.999c  38.3   2515 F6D9
26.08.2022 09:14:32  *01n 20 100TL 4  273.6  6.49  1777  503.3  3.27  1646  230.8  4.92  231.5  4.90  231.8  4.90  3424  3381 1.000  38.3   2535 76B0
26.08.2022 09:14:52  *01n 20 100TL 4  276.0  6.47  1786  508.1  3.13  1594  231.1  5.07  231.2  5.06  231.8  5.03  3381  3398 1.000  38.3   2553 1902
26.08.2022 09:15:12  *01n 20 100TL 4  273.9  6.56  1797  502.9  3.33  1676  230.4  4.95  231.5  4.95  231.8  4.91  3474  3385 1.000  38.3   2572 298A
26.08.2022 09:15:32  *01n 20 100TL 4  275.3  6.57  1809  503.7  3.25  1638  230.5  4.87  231.5  4.84  231.7  4.83  3448  3387 1.000  38.4   2591 0C5D
26.08.2022 09:15:52  *01n 20 100TL 4  276.8  6.46  1788  504.2  3.35  1692  230.4  4.91  231.5  4.90  231.8  4.89  3480  3373 1.000  38.4   2610 8112
26.08.2022 09:16:12  *01n 20 100TL 4  271.4  6.65  1806  506.0  3.22  1635  230.6  5.02  231.8  5.03  232.0  5.00  3442  3373 1.000  38.4   2630 E1B4
26.08.2022 09:16:32  *01n 20 100TL 4  268.1  6.49  1742  502.7  3.21  1614  230.7  4.84  231.7  4.81  231.9  4.81  3356  3373 1.000  38.4   2647 AB73
26.08.2022 09:16:52  *01n 20 100TL 4  270.2  6.61  1788  507.7  3.25  1649  230.4  4.92  231.7  4.91  232.0  4.90  3437  3410 1.000  38.4   2666 041B
26.08.2022 09:17:12  *01n 20 100TL 4  275.1  6.54  1800  498.0  3.32  1657  230.9  5.00  231.6  5.01  231.9  4.95  3457  3405 1.000  38.4   2685 ED5A
26.08.2022 09:17:32  *01n 20 100TL 4  272.4  6.63  1808  498.7  3.31  1652  230.8  4.95  231.5  4.92  231.8  4.93  3460  3396 1.000  38.5   2704 454C
26.08.2022 09:17:52  *01n 20 100TL 4  272.1  6.44  1753  495.8  3.27  1622  230.9  5.02  231.8  5.00  232.1  4.98  3375  3390 1.000  38.5   2724 74B4
26.08.2022 09:18:12  *01n 20 100TL 4  271.1  6.45  1750  504.2  3.15  1591  230.9  5.03  231.8  5.02  232.0  5.00  3341  3366 1.000  38.5   2743 A928
26.08.2022 09:18:32  *01n 20 100TL 4  271.5  6.30  1712  499.9  3.10  1554  231.0  4.91  231.6  4.90  231.9  4.89  3266  3292 1.000  38.5   2761 695C
26.08.2022 09:18:52  *01n 20 100TL 4  271.4  5.99  1625  497.6  2.94  1467  230.7  4.53  231.3  4.50  231.6  4.50  3093  3027 1.000  38.5   2778 3955
26.08.2022 09:19:12  *01n 20 100TL 4  271.5  5.09  1383  496.9  2.41  1199  230.4  3.64  231.1  3.62  231.4  3.59  2583  2565 1.000  38.6   2793 CE7C
26.08.2022 09:19:33  *01n 20 100TL 4  284.8  4.95  1411  498.1  2.80  1397  230.4  4.11  231.1  4.10  231.4  4.04  2809  2760 1.000  38.6   2809 9878
26.08.2022 09:19:53  *01n 20 100TL 4  272.2  6.18  1686  494.3  3.23  1599  230.5  4.86  231.4  4.86  231.6  4.81  3285  3300 1.000  38.6   2826 7F37
26.08.2022 09:20:13  *01n 20 100TL 4  277.4  6.25  1736  503.9  3.34  1683  230.6  4.85  231.5  4.82  231.7  4.82  3419  3358 1.000  38.7   2844 5EB0
26.08.2022 09:20:33  *01n 20 100TL 4  273.7  6.25  1713  504.3  3.18  1605  230.3  4.95  231.3  4.91  231.5  4.93  3318  3350 1.000  38.7   2863 C271
26.08.2022 09:20:53  *01n 20 100TL 4  271.6  6.24  1696  499.1  3.32  1661  230.3  4.76  231.3  4.74  231.5  4.73  3358  3314 1.000  38.7   2881 ACB0
26.08.2022 09:21:13  *01n 20 100TL 4  269.4  6.48  1747  497.9  3.34  1664  230.3  4.97  231.3  4.96  231.6  4.93  3411  3314 1.000  38.7   2900 AA45
26.08.2022 09:21:33  *01n 20 100TL 4  265.2  6.43  1705  494.5  3.34  1654  230.3  4.87  231.1  4.87  231.5  4.82  3360  3312 1.000  38.7   2918 BE8A
26.08.2022 09:21:53  *01n 20 100TL 4  261.0  6.64  1734  498.3  3.24  1615  230.4  4.85  231.3  4.86  231.8  4.81  3350  3305 1.000  38.8   2937 38F5
26.08.2022 09:22:13  *01n 20 100TL 4  263.0  6.59  1734  504.4  3.29  1664  230.3  4.85  231.3  4.86  231.5  4.80  3399  3303 1.000  38.8   2955 4043
26.08.2022 09:22:33  *01n 20 100TL 4  258.0  6.64  1713  493.9  3.27  1615  230.5  4.71  231.5  4.68  231.7  4.67  3329  3279 1.000  38.8   2973 4A73
26.08.2022 09:22:53  *01n 20 100TL 4  255.3  6.40  1634  503.5  3.15  1589  230.5  4.61  231.4  4.59  231.5  4.56  3224  3242 1.000  38.9   2992 53B5
26.08.2022 09:23:13  *01n 20 100TL 4  260.4  6.45  1680  488.9  3.29  1611  230.6  4.76  231.4  4.72  231.7  4.71  3291  3311 1.000  38.9   3011 4627
26.08.2022 09:23:33  *01n 20 100TL 4  260.3  6.49  1690  498.2  3.19  1594  230.2  4.84  231.3  4.81  231.6  4.83  3285  3317 1.000  38.9   3028 4E92
26.08.2022 09:23:53  *01n 20 100TL 4  263.2  6.38  1680  493.6  3.28  1623  230.4  5.01  231.4  4.99  231.6  4.98  3303  3324 1.000  38.9   3047 C01F
26.08.2022 09:24:13  *01n 20 100TL 4  262.7  6.37  1675  493.4  3.14  1548  230.4  4.61  231.4  4.59  231.6  4.57  3224  3198 1.000  39.0   3065 FEE7
26.08.2022 09:24:33  *01n 20 100TL 4  265.9  6.26  1664  493.6  3.28  1620  230.3  4.77  231.3  4.76  230.8  4.73  3285  3247 1.000  39.0   3083 06D7
26.08.2022 09:24:53  *01n 20 100TL 4  255.6  6.87  1757  479.1  3.39  1628  230.5  4.72  231.3  4.69  231.4  4.69  3385  3271 1.000  39.0   3101 64F7
26.08.2022 09:25:13  *01n 20 100TL 4  258.1  6.88  1776  488.3  3.48  1704  230.1  4.92  231.2  4.91  231.3  4.90  3480  3369 1.000  39.0   3120 B695
26.08.2022 09:25:34  *01n 20 100TL 4  254.7  6.82  1736  488.8  3.31  1622  230.4  4.95  231.3  4.96  231.4  4.91  3358  3381 1.000  39.1   3138 D5DE
26.08.2022 09:25:53  *01n 20 100TL 4  252.6  6.99  1766  488.3  3.45  1687  230.5  4.85  231.3  4.81  231.4  4.80  3454  3366 1.000  39.1   3157 BC1C
26.08.2022 09:26:14  *01n 20 100TL 4  251.4  6.82  1713  488.0  3.36  1643  230.3  4.78  231.2  4.76  231.2  4.75  3356  3303 1.000  39.1   3176 E7DA
26.08.2022 09:26:34  *01n 20 100TL 4  252.2  6.41  1617  487.9  3.28  1602  231.2  4.74  230.7  4.73  231.8  4.73  3219  3184 1.000  39.2   3194 E035
26.08.2022 09:26:54  *01n 20 100TL 4  252.3  6.10  1541  487.8  3.11  1521  230.3  4.55  231.3  4.53  231.4  4.53  3062  3035 1.000  39.2   3211 846C
26.08.2022 09:27:14  *01n 20 100TL 4  251.0  4.80  1203  488.3  2.38  1167  230.4  3.37  231.4  3.38  231.5  3.33  2371  2305 1.000  39.2   3227 67CB
26.08.2022 09:27:34  *01n 20 100TL 4  255.1  3.13   799  480.6  1.63   787  230.4  2.54  231.4  2.53  231.4  2.48  1586  1644 1.000  39.2   3237 159C
26.08.2022 09:27:54  *01n 20 100TL 4  253.9  3.62   920  489.7  1.78   875  230.5  2.54  231.5  2.51  231.5  2.51  1795  1725 1.000  39.3   3247 8AB8
26.08.2022 09:28:14  *01n 20 100TL 4  262.9  4.42  1162  490.7  2.47  1216  231.0  3.47  230.9  3.45  231.2  3.42  2378  2392 1.000  39.3   3257 DF30
26.08.2022 09:28:34  *01n 20 100TL 4  260.8  5.66  1477  499.3  2.80  1400  230.2  4.25  231.2  4.26  231.5  4.20  2877  2862 1.000  39.3   3273 1E71
26.08.2022 09:28:54  *01n 20 100TL 4  267.1  5.50  1469  519.8  2.68  1396  230.3  4.32  231.2  4.31  231.4  4.30  2865  2893 1.000  39.3   3288 243F
26.08.2022 09:29:14  *01n 20 100TL 4  263.7  6.08  1603  504.6  3.08  1559  230.4  4.80  231.3  4.77  231.4  4.76  3163  3192 1.000  39.3   3305 8388
26.08.2022 09:29:34  *01n 20 100TL 4  266.2  5.99  1596  498.9  3.26  1629  230.7  4.52  231.6  4.53  231.6  4.48  3225  3172 1.000  39.4   3324 F397
26.08.2022 09:29:54  *01n 20 100TL 4  266.2  5.81  1548  494.1  3.22  1596  230.5  4.63  231.7  4.62  231.8  4.57  3144  3150 1.000  39.4   3342 DB67
26.08.2022 09:30:14  *01n 20 100TL 4  263.8  5.99  1582  493.9  3.22  1596  230.8  4.50  231.9  4.48  232.0  4.46  3178  3144 1.000  39.4   3358 729A
26.08.2022 09:30:34  *01n 20 100TL 4  260.6  5.96  1551  489.1  3.32  1628  230.5  4.51  231.6  4.50  231.8  4.48  3179  3117 1.000  39.4   3376 F695
26.08.2022 09:30:54  *01n 20 100TL 4  260.9  5.78  1509  488.9  3.16  1544  230.8  4.62  231.6  4.60  231.9  4.59  3053  3089 1.000  39.5   3393 FFEF
26.08.2022 09:31:14  *01n 20 100TL 4  263.4  5.72  1506  489.0  3.24  1586  230.7  4.57  231.7  4.56  232.1  4.55  3093  3068 1.000  39.5   3411 35D7
26.08.2022 09:31:34  *01n 20 100TL 4  265.1  5.52  1463  488.5  3.05  1490  230.9  4.16  231.6  4.14  232.1  4.11  2954  2925 1.000  39.5   3428 A559
26.08.2022 09:31:54  *01n 20 100TL 4  269.7  5.15  1390  479.4  3.16  1518  230.7  4.45  231.4  4.44  231.8  4.41  2908  2940 1.000  39.5   3443 2C89
26.08.2022 09:32:15  *01n 20 100TL 4  274.1  5.51  1509  488.8  3.17  1556  230.7  4.29  231.2  4.27  231.6  4.24  3065  3007 1.000  39.5   3460 FA08
26.08.2022 09:32:35  *01n 20 100TL 4  274.1  5.29  1452  484.1  3.19  1547  230.4  4.50  231.3  4.51  231.7  4.50  2999  3028 1.000  39.6   3476 9D7E
26.08.2022 09:32:55  *01n 20 100TL 4  273.7  5.41  1480  493.5  3.32  1643  231.2  4.26  230.9  4.25  231.5  4.22  3123  2998 1.000  39.6   3493 9E18
26.08.2022 09:33:15  *01n 20 100TL 4  273.6  5.02  1373  488.6  3.15  1541  230.7  4.35  231.5  4.35  232.1  4.33  2914  2955 1.000  39.6   3510 8230
26.08.2022 09:33:35  *01n 20 100TL 4  274.6  4.91  1348  493.5  3.22  1589  230.8  4.33  231.6  4.32  231.8  4.25  2938  2909 1.000  39.6   3526 EB84
26.08.2022 09:33:55  *01n 20 100TL 4  266.8  5.49  1466  488.4  3.24  1582  230.8  4.40  231.7  4.41  231.9  4.37  3048  3002 1.000  39.6   3543 E1D6
26.08.2022 09:34:15  *01n 20 100TL 4  263.4  5.51  1451  483.7  3.27  1585  230.9  4.46  231.9  4.44  231.8  4.43  3036  2986 1.000  39.7   3559 1750
26.08.2022 09:34:35  *01n 20 100TL 4  264.7  5.43  1438  483.6  3.28  1588  231.5  4.32  231.3  4.32  231.7  4.26  3027  2934 1.000  39.7   3577 CF04
26.08.2022 09:34:55  *01n 20 100TL 4  265.0  5.05  1339  483.7  3.28  1591  230.5  4.22  231.3  4.19  231.5  4.19  2931  2896 1.000  39.7   3592 0E2F
26.08.2022 09:35:15  *01n 20 100TL 4  255.0  5.73  1460  493.1  3.27  1617  230.6  4.40  231.5  4.38  231.6  4.37  3077  2967 1.000  39.7   3608 9AFE
26.08.2022 09:35:35  *01n 20 100TL 4  247.6  5.73  1419  483.4  3.33  1612  230.7  4.49  231.6  4.48  231.8  4.46  3031  2970 1.000  39.7   3625 417A
26.08.2022 09:35:55  *01n 20 100TL 4  252.8  5.74  1451  483.4  3.33  1614  230.8  4.50  231.7  4.49  231.9  4.47  3065  2975 1.000  39.8   3641 27B9
26.08.2022 09:36:15  *01n 20 100TL 4  249.9  5.72  1429  483.3  3.28  1588  230.9  4.43  231.8  4.43  231.9  4.38  3018  2986 1.000  39.8   3658 D8DC
26.08.2022 09:36:35  *01n 20 100TL 4  247.6  5.85  1451  488.1  3.36  1640  230.7  4.37  231.6  4.36  231.7  4.30  3091  2978 1.000  39.8   3675 4134
26.08.2022 09:36:55  *01n 20 100TL 4  252.7  5.78  1461  492.2  3.28  1617  230.6  4.48  231.6  4.47  231.8  4.45  3079  2986 1.000  39.8   3691 C292
26.08.2022 09:37:15  *01n 20 100TL 4  252.6  5.35  1353  488.1  3.23  1577  230.8  4.46  230.8  4.46  231.9  4.44  2931  2964 1.000  39.8   3707 F179
26.08.2022 09:37:35  *01n 20 100TL 4  249.5  5.61  1399  483.4  3.28  1589  230.5  4.27  231.3  4.27  231.5  4.24  2989  2952 1.000  39.8   3724 3500
26.08.2022 09:37:55  *01n 20 100TL 4  245.0  5.58  1367  482.9  3.36  1622  230.5  4.36  231.4  4.35  231.7  4.33  2989  2946 1.000  39.9   3740 CD02
26.08.2022 09:38:15  *01n 20 100TL 4  255.2  5.67  1446  487.8  3.26  1593  230.6  4.40  231.6  4.38  231.8  4.39  3039  3002 1.000  39.9   3758 AA5B
26.08.2022 09:38:35  *01n 20 100TL 4  260.2  5.34  1390  487.6  3.24  1580  231.0  4.48  231.4  4.48  232.0  4.42  2970  3004 1.000  39.9   3774 DA97
26.08.2022 09:38:56  *01n 20 100TL 4  259.9  5.36  1396  482.7  3.24  1565  231.0  4.30  231.4  4.28  231.8  4.27  2961  2995 1.000  39.9   3791 061E
26.08.2022 09:39:16  *01n 20 100TL 4  264.8  5.24  1390  486.3  3.20  1559  230.8  4.26  231.1  4.24  231.8  4.22  2949  2983 1.000  39.9   3807 85D8
26.08.2022 09:39:36  *01n 20 100TL 4  264.8  5.23  1385  483.7  3.33  1614  230.8  4.43  231.6  4.42  231.7  4.41  2999  2963 1.000  40.0   3823 9417
26.08.2022 09:39:56  *01n 20 100TL 4  271.2  4.94  1339  479.1  3.24  1556  230.6  4.29  231.5  4.26  231.6  4.26  2896  2929 1.000  40.0   3840 25B9
26.08.2022 09:40:16  *01n 20 100TL 4  265.7  5.12  1361  486.8  3.38  1649  230.4  4.31  230.8  4.31  231.5  4.26  3010  2926 1.000  40.0   3857 E5BB
26.08.2022 09:40:36  *01n 20 100TL 4  269.7  5.06  1364  482.1  3.35  1617  230.7  4.29  230.7  4.29  231.9  4.24  2981  2902 1.000  40.0   3873 408B
26.08.2022 09:40:56  *01n 20 100TL 4  260.9  5.21  1359  486.9  3.38  1646  230.9  4.32  230.6  4.32  232.0  4.27  3006  2925 1.000  40.0   3889 91AB
26.08.2022 09:41:16  *01n 20 100TL 4  253.0  5.86  1483  484.7  3.40  1649  230.7  4.37  231.3  4.34  231.7  4.34  3132  3028 1.000  40.0   3906 160A
26.08.2022 09:41:36  *01n 20 100TL 4  243.6  6.49  1580  484.7  3.36  1632  231.3  4.49  231.3  4.47  231.1  4.46  3213  3105 1.000  40.1   3923 72E1
26.08.2022 09:41:56  *01n 20 100TL 4  243.7  6.36  1551  484.4  3.39  1643  230.7  4.47  231.5  4.44  231.6  4.43  3195  3106 1.000  40.1   3940 6C61
26.08.2022 09:42:16  *01n 20 100TL 4  241.0  6.54  1576  478.3  3.33  1596  230.5  4.64  231.5  4.65  231.5  4.58  3172  3121 1.000  40.1   3957 D877
26.08.2022 09:42:36  *01n 20 100TL 4  237.3  6.59  1565  487.6  3.35  1634  230.6  4.60  231.5  4.59  231.8  4.55  3199  3138 1.000  40.1   3975 A797
26.08.2022 09:42:56  *01n 20 100TL 4  235.1  6.79  1597  486.5  3.35  1632  230.7  4.54  231.6  4.52  231.7  4.51  3230  3141 1.000  40.1   3992 37EC
26.08.2022 09:43:16  *01n 20 100TL 4  230.0  6.98  1605  482.3  3.45  1666  230.6  4.45  231.3  4.43  231.6  4.39  3271  3138 1.000  40.2   4010 0D7A
26.08.2022 09:43:36  *01n 20 100TL 4  234.1  6.58  1541  479.2  3.30  1585  230.6  4.75  231.4  4.72  231.7  4.70  3126  3150 1.000  40.2   4027 FDB1
26.08.2022 09:43:56  *01n 20 100TL 4  243.5  6.82  1661  478.6  3.32  1593  230.6  4.85  231.5  4.83  231.6  4.80  3254  3218 1.000  40.2   4045 7A3B
26.08.2022 09:44:16  *01n 20 100TL 4  243.4  6.60  1606  482.6  3.28  1583  230.6  4.80  231.5  4.78  231.7  4.77  3190  3215 1.000  40.2   4062 875D
26.08.2022 09:44:36  *01n 20 100TL 4  246.1  6.60  1623  486.1  3.19  1551  230.6  4.70  231.5  4.70  231.7  4.65  3175  3208 1.000  40.2   4080 EBBF
26.08.2022 09:44:56  *01n 20 100TL 4  244.4  6.86  1675  486.3  3.39  1654  230.4  4.59  231.4  4.57  231.8  4.54  3329  3210 1.000  40.2   4099 35FE
26.08.2022 09:45:17  *01n 20 100TL 4  241.2  6.75  1629  481.7  3.21  1550  230.8  4.75  231.5  4.74  231.6  4.69  3179  3215 1.000  40.3   4117 E70A
26.08.2022 09:45:37  *01n 20 100TL 4  241.7  6.88  1663  491.3  3.33  1638  230.4  4.64  231.3  4.62  231.5  4.60  3302  3216 1.000  40.3   4135 A241
26.08.2022 09:45:57  *01n 20 100TL 4  241.2  6.85  1652  485.4  3.32  1614  230.2  4.71  231.0  4.69  231.1  4.69  3266  3225 1.000  40.3   4152 E2E1
26.08.2022 09:46:17  *01n 20 100TL 4  244.2  6.89  1681  485.5  3.29  1599  230.6  4.80  231.3  4.79  231.5  4.78  3280  3228 1.000  40.3   4170 5876
26.08.2022 09:46:37  *01n 20 100TL 4  243.7  6.90  1683  485.9  3.39  1651  230.3  4.75  231.4  4.76  231.8  4.71  3334  3230 1.000  40.3   4189 9143
26.08.2022 09:46:57  *01n 20 100TL 4  241.5  6.79  1641  486.2  3.21  1564  230.4  4.80  231.2  4.81  231.4  4.75  3205  3236 1.000  40.4   4206 22F3
26.08.2022 09:47:17  *01n 20 100TL 4  241.2  6.96  1680  481.2  3.43  1649  230.1  4.83  230.8  4.82  230.9  4.81  3329  3242 1.000  40.4   4224 C8FC
26.08.2022 09:47:37  *01n 20 100TL 4  245.9  6.69  1646  481.2  3.25  1567  230.5  4.67  231.1  4.65  231.4  4.64  3213  3247 1.000  40.4   4243 F90F
26.08.2022 09:47:57  *01n 20 100TL 4  248.5  6.64  1652  486.0  3.34  1626  230.8  4.74  231.5  4.70  231.7  4.71  3279  3248 1.000  40.4   4261 C7F9
26.08.2022 09:48:17  *01n 20 100TL 4  246.3  6.62  1632  481.4  3.31  1596  230.4  4.88  231.5  4.87  231.8  4.85  3228  3254 1.000  40.4   4279 C543
26.08.2022 09:48:37  *01n 20 100TL 4  243.2  7.07  1719  481.3  3.40  1640  230.3  4.77  231.4  4.78  231.5  4.73  3360  3256 1.000  40.4   4297 891D
26.08.2022 09:48:57  *01n 20 100TL 4  246.0  6.87  1690  480.8  3.44  1660  230.0  4.65  231.0  4.63  231.4  4.61  3350  3254 1.000  40.5   4315 7AB1
26.08.2022 09:49:17  *01n 20 100TL 4  243.3  6.81  1658  485.8  3.23  1573  230.1  4.88  231.2  4.87  231.6  4.85  3231  3263 1.000  40.5   4333 B9FC
26.08.2022 09:49:37  *01n 20 100TL 4  243.2  6.85  1667  480.7  3.40  1635  230.2  4.81  230.9  4.81  231.5  4.76  3303  3268 1.000  40.5   4351 9AA0
26.08.2022 09:49:57  *01n 20 100TL 4  240.7  6.99  1683  480.6  3.32  1597  230.3  4.69  231.1  4.67  231.4  4.65  3280  3268 1.000  40.5   4370 38C3
26.08.2022 09:50:17  *01n 20 100TL 4  246.9  6.82  1684  480.9  3.37  1623  230.4  4.72  231.2  4.70  231.5  4.68  3308  3295 1.000  40.5   4388 6CFD
26.08.2022 09:50:37  *01n 20 100TL 4  250.8  6.88  1725  480.8  3.33  1602  230.4  4.93  231.1  4.93  231.5  4.87  3327  3347 1.000  40.5   4406 FAED
26.08.2022 09:50:57  *01n 20 100TL 4  258.5  7.11  1838  480.3  3.32  1597  230.2  4.92  231.3  4.89  231.5  4.88  3436  3407 1.000  40.5   4425 8177
26.08.2022 09:51:17  *01n 20 100TL 4  263.4  7.09  1869  475.9  3.51  1673  230.2  4.88  230.9  4.85  231.2  4.82  3543  3411 1.000  40.6   4444 A339
26.08.2022 09:51:38  *01n 20 100TL 4  265.8  7.08  1882  475.6  3.41  1623  230.3  5.11  231.1  5.10  231.4  5.07  3506  3421 1.000  40.6   4463 C9DE
26.08.2022 09:51:58  *01n 20 100TL 4  263.9  6.95  1832  471.0  3.43  1620  230.1  5.13  231.0  5.13  231.4  5.09  3453  3419 1.000  40.6   4482 B68F
26.08.2022 09:52:18  *01n 20 100TL 4  264.0  7.01  1850  475.6  3.36  1600  230.6  4.88  231.2  4.87  231.5  4.85  3451  3424 1.000  40.6   4501 317A
26.08.2022 09:52:38  *01n 20 100TL 4  265.9  7.00  1863  475.5  3.39  1615  230.4  5.11  231.1  5.08  231.6  5.09  3479  3431 1.000  40.6   4520 F27C
26.08.2022 09:52:58  *01n 20 100TL 4  263.2  7.01  1846  475.5  3.46  1644  230.6  5.05  231.2  5.04  231.6  4.99  3491  3422 1.000  40.7   4539 4615
26.08.2022 09:53:18  *01n 20 100TL 4  263.2  7.23  1904  475.4  3.45  1641  230.3  4.87  231.2  4.86  231.5  4.84  3546  3421 1.000  40.7   4559 E4CB
26.08.2022 09:53:38  *01n 20 100TL 4  263.5  6.95  1832  475.4  3.42  1629  230.4  4.91  231.2  4.91  231.6  4.88  3462  3421 1.000  40.7   4578 7073
26.08.2022 09:53:58  *01n 20 100TL 4  263.8  7.11  1876  480.0  3.36  1614  230.5  4.90  231.2  4.89  231.4  4.86  3491  3428 1.000  40.7   4597 26E8
26.08.2022 09:54:18  *01n 20 100TL 4  266.5  7.08  1887  480.1  3.49  1678  230.6  4.95  231.6  4.94  231.2  4.91  3566  3436 1.000  40.7   4616 EBC4
26.08.2022 09:54:38  *01n 20 100TL 4  265.1  6.86  1821  481.0  3.30  1591  230.6  5.01  231.2  5.02  231.5  4.95  3413  3436 1.000  40.7   4635 D769
26.08.2022 09:54:58  *01n 20 100TL 4  265.6  6.90  1832  484.6  3.26  1582  230.4  5.05  231.4  5.05  231.7  5.01  3414  3440 1.000  40.7   4654 EE95
26.08.2022 09:55:18  *01n 20 100TL 4  263.5  7.13  1878  479.6  3.49  1673  230.9  4.93  230.5  4.91  231.8  4.91  3552  3447 1.000  40.8   4673 2ADB
26.08.2022 09:55:38  *01n 20 100TL 4  270.6  6.78  1837  484.5  3.28  1589  230.2  5.16  231.2  5.15  231.6  5.13  3427  3453 1.000  40.8   4692 D276
26.08.2022 09:55:58  *01n 20 100TL 4  266.3  7.15  1905  484.5  3.49  1692  230.4  4.91  231.1  4.91  231.9  4.87  3598  3456 1.000  40.8   4711 43F9
26.08.2022 09:56:18  *01n 20 100TL 4  269.0  7.14  1921  485.1  3.46  1680  230.2  4.91  231.0  4.88  231.3  4.87  3601  3462 1.000  40.8   4731 22F0
26.08.2022 09:56:38  *01n 20 100TL 4  269.1  6.82  1835  485.7  3.32  1615  230.3  5.20  231.3  5.20  231.5  5.16  3451  3474 1.000  40.8   4751 3224
26.08.2022 09:56:58  *01n 20 100TL 4  266.6  7.11  1896  476.7  3.50  1672  230.3  5.11  231.3  5.12  231.5  5.06  3569  3476 1.000  40.9   4770 77F5
26.08.2022 09:57:18  *01n 20 100TL 4  270.3  6.95  1879  469.9  3.44  1617  230.5  5.13  231.5  5.14  231.9  5.09  3497  3471 1.000  40.9   4789 2B52
26.08.2022 09:57:38  *01n 20 100TL 4  267.7  6.86  1838  479.4  3.39  1629  230.2  5.18  231.1  5.17  231.5  5.16  3468  3486 1.000  40.9   4808 98C6
26.08.2022 09:57:58  *01n 20 100TL 4  267.5  7.12  1905  478.4  3.46  1658  230.7  5.20  230.8  5.18  231.5  5.18  3564  3495 1.000  40.9   4827 64B9
26.08.2022 09:58:18  *01n 20 100TL 4  267.1  7.07  1889  482.6  3.46  1672  230.2  5.21  231.1  5.20  231.4  5.20  3561  3495 1.000  40.9   4848 CFAD
26.08.2022 09:58:39  *01n 20 100TL 4  264.5  7.01  1855  485.6  3.37  1640  230.1  5.14  230.8  5.13  231.5  5.11  3495  3491 1.000  41.0   4867 6626
26.08.2022 09:58:59  *01n 20 100TL 4  272.0  7.07  1924  480.9  3.42  1647  230.0  5.06  230.7  5.04  231.0  5.02  3572  3526 1.000  41.0   4886 F920
26.08.2022 09:59:19  *01n 20 100TL 4  277.3  7.06  1959  483.4  3.41  1652  230.2  5.35  231.3  5.34  231.7  5.32  3611  3575 1.000  41.0   4905 E722
26.08.2022 09:59:39  *01n 20 100TL 4  283.7  7.15  2027  478.8  3.46  1660  230.2  5.42  231.2  5.42  231.6  5.40  3688  3634 1.000  41.0   4925 518F
26.08.2022 09:59:59  *01n 20 100TL 4  288.3  7.11  2049  477.6  3.48  1664  230.2  5.27  231.0  5.26  231.5  5.26  3714  3656 1.000  41.0   4946 5E42
26.08.2022 10:00:19  *01n 20 100TL 4  286.1  7.23  2069  472.4  3.55  1681  230.3  5.22  231.3  5.21  231.6  5.20  3750  3656 1.000  41.0   4967 63F8
26.08.2022 10:00:39  *01n 20 100TL 4  286.1  7.04  2015  480.8  3.38  1626  230.1  5.34  231.2  5.36  231.5  5.30  3642  3662 1.000  41.1   4987 B751
26.08.2022 10:00:59  *01n 20 100TL 4  285.5  7.24  2067  481.2  3.54  1702  229.8  5.28  230.8  5.26  231.2  5.24  3770  3663 1.000  41.1   5007 A8C5
26.08.2022 10:01:19  *01n 20 100TL 4  285.6  7.10  2027  481.2  3.36  1617  230.0  5.40  230.8  5.40  231.1  5.35  3645  3666 1.000  41.1   5028 FAB6
26.08.2022 10:01:39  *01n 20 100TL 4  286.0  7.12  2035  477.6  3.46  1655  229.6  5.22  230.6  5.21  231.1  5.19  3691  3668 1.000  41.1   5048 FAD7
26.08.2022 10:01:59  *01n 20 100TL 4  285.5  7.21  2059  480.0  3.48  1670  230.1  5.22  230.9  5.20  231.2  5.18  3730  3669 1.000  41.1   5069 5914
26.08.2022 10:02:19  *01n 20 100TL 4  288.1  7.13  2055  481.1  3.44  1658  229.8  5.25  230.7  5.24  231.1  5.21  3714  3674 1.000  41.2   5089 AFB2
26.08.2022 10:02:39  *01n 20 100TL 4  285.3  7.04  2008  481.0  3.43  1652  230.0  5.38  230.5  5.35  231.3  5.37  3660  3683 1.000  41.2   5109 D534
26.08.2022 10:02:59  *01n 20 100TL 4  285.7  7.34  2098  480.6  3.48  1678  230.2  5.25  230.9  5.23  231.2  5.20  3776  3677 1.000  41.2   5130 74AA
26.08.2022 10:03:19  *01n 20 100TL 4  288.4  7.17  2069  476.0  3.57  1699  230.1  5.38  231.0  5.38  231.3  5.33  3768  3669 1.000  41.2   5151 F1B9
26.08.2022 10:03:39  *01n 20 100TL 4  285.5  7.33  2096  471.1  3.55  1673  230.2  5.26  231.1  5.23  231.3  5.22  3770  3665 1.000  41.2   5172 E634
26.08.2022 10:03:59  *01n 20 100TL 4  285.1  7.42  2116  476.1  3.53  1684  230.0  5.22  231.1  5.21  231.4  5.18  3801  3662 1.000  41.2   5191 6D93
26.08.2022 10:04:19  *01n 20 100TL 4  288.0  7.05  2030  475.3  3.51  1669  229.9  5.38  230.9  5.36  231.1  5.35  3700  3665 1.000  41.3   5211 B832
26.08.2022 10:04:39  *01n 20 100TL 4  285.6  7.25  2070  475.5  3.45  1643  230.2  5.34  231.0  5.32  231.2  5.33  3714  3669 1.000  41.3   5232 132C
26.08.2022 10:05:00  *01n 20 100TL 4  285.1  7.13  2034  480.4  3.46  1667  230.3  5.45  231.1  5.43  231.3  5.43  3701  3666 1.000  41.3   5253 4586
26.08.2022 10:05:19  *01n 20 100TL 4  288.3  7.14  2059  480.2  3.45  1660  230.2  5.42  231.1  5.40  231.4  5.41  3720  3669 1.000  41.3   5273 9D0D
26.08.2022 10:05:40  *01n 20 100TL 4  285.2  7.32  2088  475.4  3.59  1707  229.9  5.34  230.8  5.33  231.3  5.30  3796  3674 1.000  41.3   5294 F855
26.08.2022 10:06:00  *01n 20 100TL 4  287.7  7.00  2014  470.7  3.47  1637  230.1  5.37  231.1  5.38  231.5  5.33  3651  3668 1.000  41.3   5314 C109
26.08.2022 10:06:20  *01n 20 100TL 4  282.3  7.40  2090  470.6  3.52  1660  229.9  5.27  231.1  5.25  231.4  5.24  3750  3666 1.000  41.4   5334 0E99
26.08.2022 10:06:40  *01n 20 100TL 4  285.1  7.16  2041  470.6  3.56  1675  230.0  5.38  231.0  5.39  231.2  5.33  3717  3685 1.000  41.4   5355 5A16
26.08.2022 10:07:00  *01n 20 100TL 4  284.9  7.25  2067  480.1  3.52  1692  230.0  5.26  230.8  5.27  230.9  5.23  3759  3697 1.000  41.4   5376 9BCE
26.08.2022 10:07:20  *01n 20 100TL 4  285.0  7.28  2073  474.9  3.50  1663  230.0  5.52  230.9  5.53  231.1  5.50  3736  3709 1.000  41.4   5396 7E37
26.08.2022 10:07:40  *01n 20 100TL 4  285.3  7.23  2063  479.7  3.53  1693  229.8  5.34  230.8  5.33  230.9  5.31  3756  3714 1.000  41.4   5417 EB0A
26.08.2022 10:08:00  *01n 20 100TL 4  287.2  7.15  2055  474.9  3.45  1640  229.9  5.49  230.9  5.49  231.1  5.44  3695  3718 1.000  41.5   5437 0FEC
26.08.2022 10:08:20  *01n 20 100TL 4  284.9  7.22  2056  479.5  3.41  1638  229.8  5.37  230.7  5.36  231.1  5.36  3695  3721 1.000  41.5   5458 D926
26.08.2022 10:08:40  *01n 20 100TL 4  290.8  7.30  2124  474.9  3.59  1707  230.4  5.39  230.8  5.38  231.3  5.35  3831  3746 1.000  41.5   5479 099E
26.08.2022 10:09:00  *01n 20 100TL 4  296.5  7.11  2108  474.7  3.45  1638  230.3  5.55  231.1  5.57  231.3  5.51  3747  3772 1.000  41.5   5500 8A14
26.08.2022 10:09:20  *01n 20 100TL 4  293.3  7.14  2093  474.6  3.51  1666  230.3  5.56  231.0  5.56  231.2  5.52  3759  3770 1.000  41.5   5521 1C1D
26.08.2022 10:09:40  *01n 20 100TL 4  291.2  7.40  2156  474.7  3.50  1664  230.6  5.63  230.5  5.61  231.6  5.60  3820  3773 1.000  41.5   5542 4590
26.08.2022 10:10:00  *01n 20 100TL 4  292.6  7.40  2165  479.4  3.57  1712  230.1  5.56  231.1  5.56  231.6  5.54  3877  3775 1.000  41.5   5564 2DF4
26.08.2022 10:10:20  *01n 20 100TL 4  292.4  7.23  2117  478.5  3.46  1660  230.2  5.58  230.9  5.57  231.8  5.55  3778  3781 1.000  41.6   5585 29EF
26.08.2022 10:10:41  *01n 20 100TL 4  299.4  7.33  2195  474.7  3.50  1663  230.1  5.47  231.1  5.45  231.4  5.45  3859  3814 1.000  41.6   5605 EBFB
26.08.2022 10:11:01  *01n 20 100TL 4  305.4  7.25  2217  469.7  3.68  1730  230.3  5.52  231.2  5.51  231.6  5.50  3947  3826 1.000  41.6   5626 69ED
26.08.2022 10:11:21  *01n 20 100TL 4  298.7  7.35  2197  474.2  3.49  1657  230.4  5.67  231.4  5.67  231.9  5.64  3854  3836 1.000  41.6   5647 7A23
26.08.2022 10:11:41  *01n 20 100TL 4  299.7  7.30  2189  470.0  3.62  1702  230.6  5.70  231.4  5.69  231.9  5.67  3892  3839 1.000  41.7   5670 78B8
26.08.2022 10:12:01  *01n 20 100TL 4  298.1  7.25  2162  465.2  3.54  1647  230.3  5.60  231.2  5.62  231.7  5.57  3810  3825 1.000  41.7   5691 67D9
26.08.2022 10:12:21  *01n 20 100TL 4  303.0  7.47  2265  471.1  3.62  1705  230.2  5.73  231.1  5.73  231.6  5.70  3971  3842 1.000  41.7   5712 F582
26.08.2022 10:12:41  *01n 20 100TL 4  307.1  7.15  2195  470.9  3.60  1698  230.4  5.53  230.9  5.52  231.0  5.51  3894  3843 1.000  41.7   5733 5846
26.08.2022 10:13:01  *01n 20 100TL 4  301.7  7.48  2258  469.2  3.65  1715  230.3  5.57  231.2  5.55  231.7  5.54  3973  3849 1.000  41.7   5754 6E63
26.08.2022 10:13:21  *01n 20 100TL 4  302.3  7.23  2188  469.4  3.50  1641  230.4  5.70  231.4  5.69  231.8  5.68  3830  3851 1.000  41.7   5776 39CD
26.08.2022 10:13:41  *01n 20 100TL 4  307.1  7.21  2217  469.1  3.62  1702  230.7  5.62  231.4  5.61  231.8  5.56  3920  3840 1.000  41.8   5798 758F
26.08.2022 10:14:01  *01n 20 100TL 4  302.7  7.52  2278  469.5  3.61  1696  230.4  5.63  231.5  5.64  231.9  5.59  3974  3840 1.000  41.8   5819 E683
26.08.2022 10:14:21  *01n 20 100TL 4  302.9  7.25  2198  468.5  3.60  1687  230.3  5.51  231.3  5.48  232.0  5.48  3886  3842 1.000  41.8   5840 994B
26.08.2022 10:14:41  *01n 20 100TL 4  306.7  7.40  2270  470.7  3.58  1686  230.3  5.50  231.2  5.48  231.8  5.48  3956  3842 1.000  41.8   5862 C726
26.08.2022 10:15:01  *01n 20 100TL 4  308.8  7.26  2246  471.1  3.64  1718  230.1  5.64  231.1  5.64  231.6  5.60  3964  3842 1.000  41.8   5884 3DAD
26.08.2022 10:15:21  *01n 20 100TL 4  302.1  7.25  2191  469.1  3.61  1696  230.5  5.56  231.6  5.54  230.8  5.53  3887  3849 1.000  41.9   5904 9696
26.08.2022 10:15:41  *01n 20 100TL 4  299.6  7.32  2194  474.0  3.45  1637  230.1  5.53  231.1  5.52  231.5  5.50  3831  3852 1.000  41.9   5926 C681
26.08.2022 10:16:01  *01n 20 100TL 4  300.7  7.40  2224  474.0  3.57  1693  230.2  5.49  231.4  5.48  231.6  5.45  3918  3859 1.000  41.9   5947 FCB9
26.08.2022 10:16:21  *01n 20 100TL 4  302.5  7.36  2229  470.4  3.56  1678  230.1  5.77  231.4  5.78  231.8  5.74  3907  3866 1.000  41.9   5969 800D
26.08.2022 10:16:41  *01n 20 100TL 4  306.4  7.19  2203  470.4  3.53  1664  230.5  5.78  231.6  5.76  231.8  5.73  3868  3863 1.000  41.9   5991 D6C0
26.08.2022 10:17:01  *01n 20 100TL 4  305.7  7.26  2220  475.6  3.56  1695  230.5  5.61  231.5  5.60  231.6  5.58  3915  3865 1.000  41.9   6013 5914
26.08.2022 10:17:21  *01n 20 100TL 4  303.7  7.47  2270  473.3  3.63  1721  230.4  5.65  231.5  5.67  231.5  5.61  3991  3863 1.000  42.0   6033 8575
26.08.2022 10:17:42  *01n 20 100TL 4  306.7  7.14  2191  473.6  3.46  1640  230.4  5.63  231.4  5.59  231.5  5.60  3831  3855 1.000  42.0   6054 BE3A
26.08.2022 10:18:02  *01n 20 100TL 4  302.3  7.36  2226  470.0  3.61  1698  230.6  5.63  231.7  5.64  231.7  5.58  3924  3860 1.000  42.0   6076 2872
26.08.2022 10:18:22  *01n 20 100TL 4  303.2  7.31  2217  470.0  3.50  1651  230.6  5.63  232.0  5.65  232.1  5.59  3868  3854 1.000  42.0   6098 6E47
26.08.2022 10:18:42  *01n 20 100TL 4  300.1  7.47  2244  470.9  3.64  1719  230.7  5.52  231.9  5.52  232.0  5.50  3964  3865 1.000  42.0   6120 1104
26.08.2022 10:19:02  *01n 20 100TL 4  303.0  7.29  2211  470.2  3.49  1641  230.7  5.64  232.0  5.66  232.1  5.59  3852  3875 1.000  42.0   6141 8336
26.08.2022 10:19:22  *01n 20 100TL 4  305.5  7.28  2226  470.8  3.61  1704  230.8  5.53  232.0  5.51  232.1  5.49  3930  3887 1.000  42.1   6163 180A
26.08.2022 10:19:42  *01n 20 100TL 4  312.5  7.09  2217  478.8  3.50  1680  230.4  5.76  231.6  5.76  231.9  5.72  3897  3920 1.000  42.1   6184 A171
26.08.2022 10:20:02  *01n 20 100TL 4  320.8  7.01  2252  476.1  3.46  1651  230.6  5.72  231.7  5.72  231.9  5.67  3903  3929 1.000  42.1   6207 7A2D
26.08.2022 10:20:22  *01n 20 100TL 4  321.8  7.17  2310  471.1  3.64  1719  230.4  5.88  231.8  5.87  231.8  5.87  4029  3988 1.000  42.1   6229 D190
26.08.2022 10:20:42  *01n 20 100TL 4  315.2  7.34  2314  475.4  3.52  1673  231.2  5.84  231.3  5.84  231.8  5.79  3988  4005 1.000  42.1   6251 5675
26.08.2022 10:21:02  *01n 20 100TL 4  317.7  7.31  2323  469.9  3.56  1672  230.4  5.94  231.5  5.92  231.7  5.92  3996  4014 1.000  42.1   6273 AF39
26.08.2022 10:21:22  *01n 20 100TL 4  320.9  7.28  2337  474.8  3.63  1724  230.7  5.87  231.7  5.85  231.9  5.84  4061  4013 1.000  42.1   6295 90AB
26.08.2022 10:21:42  *01n 20 100TL 4  317.7  7.60  2413  470.0  3.66  1725  230.5  5.88  231.7  5.86  231.8  5.85  4139  4020 1.000  42.2   6319 D14E
26.08.2022 10:22:02  *01n 20 100TL 4  317.4  7.41  2354  470.3  3.64  1710  230.7  5.99  231.5  5.97  231.9  5.96  4077  4020 1.000  42.2   6341 C009
26.08.2022 10:22:22  *01n 20 100TL 4  314.2  7.54  2369  475.0  3.61  1716  230.5  5.81  231.4  5.79  231.8  5.78  4086  4022 1.000  42.2   6362 7B84
26.08.2022 10:22:42  *01n 20 100TL 4  311.8  7.79  2430  474.9  3.63  1724  230.6  5.73  231.7  5.69  232.1  5.69  4155  4022 1.000  42.2   6385 08B6
26.08.2022 10:23:02  *01n 20 100TL 4  311.7  7.65  2384  474.5  3.69  1751  230.5  5.85  231.5  5.85  232.0  5.81  4136  4023 1.000  42.2   6407 173F
26.08.2022 10:23:22  *01n 20 100TL 4  314.2  7.63  2398  474.4  3.59  1709  230.4  6.00  231.5  5.98  231.9  5.98  4107  4031 1.000  42.2   6430 9927
26.08.2022 10:23:43  *01n 20 100TL 4  314.6  7.44  2340  469.7  3.66  1721  230.5  5.86  231.5  5.83  231.8  5.84  4061  4032 1.000  42.3   6453 A37C
26.08.2022 10:24:03  *01n 20 100TL 4  311.6  7.50  2339  465.1  3.66  1704  230.5  5.78  231.7  5.76  231.9  5.75  4043  4020 1.000  42.3   6475 35B4
26.08.2022 10:24:23  *01n 20 100TL 4  310.9  7.47  2323  464.7  3.61  1676  230.6  5.89  231.6  5.87  232.0  5.87  4000  4020 1.000  42.3   6496 B18C
26.08.2022 10:24:43  *01n 20 100TL 4  317.6  7.58  2406  464.8  3.74  1739  230.9  5.93  231.8  5.91  232.2  5.91  4145  4025 1.000  42.3   6519 FB55
26.08.2022 10:25:03  *01n 20 100TL 4  321.0  7.25  2328  465.2  3.61  1683  230.7  5.93  231.5  5.91  232.0  5.91  4011  4028 1.000  42.3   6542 3520
26.08.2022 10:25:23  *01n 20 100TL 4  323.8  7.40  2398  464.8  3.62  1684  230.6  6.00  231.6  6.01  231.9  5.99  4083  4040 1.000  42.4   6565 6BFF
26.08.2022 10:25:43  *01n 20 100TL 4  317.8  7.64  2429  460.3  3.80  1751  230.8  5.73  231.3  5.72  231.7  5.70  4180  4043 1.000  42.4   6587 2E5B
26.08.2022 10:26:03  *01n 20 100TL 4  320.4  7.43  2380  474.1  3.51  1667  230.4  6.02  231.5  6.01  231.7  6.01  4048  4075 1.000  42.4   6610 EAA3
26.08.2022 10:26:23  *01n 20 100TL 4  320.3  7.50  2403  469.2  3.70  1739  230.3  5.87  231.3  5.85  231.5  5.84  4142  4083 1.000  42.4   6632 A4C4
26.08.2022 10:26:43  *01n 20 100TL 4  317.6  7.43  2360  468.3  3.64  1705  230.3  5.99  231.2  6.00  231.6  5.95  4066  4080 1.000  42.4   6655 A8F5
26.08.2022 10:27:03  *01n 20 100TL 4  316.8  7.65  2423  468.6  3.64  1707  230.4  5.96  231.2  5.95  231.3  5.91  4130  4081 1.000  42.4   6678 0E78
26.08.2022 10:27:23  *01n 20 100TL 4  314.2  7.52  2359  464.1  3.67  1704  230.1  5.97  231.0  5.95  231.3  5.94  4063  4077 1.000  42.5   6700 8262
26.08.2022 10:27:43  *01n 20 100TL 4  314.3  7.55  2374  469.3  3.60  1690  229.9  6.11  230.9  6.10  231.2  6.07  4065  4086 1.000  42.5   6723 1DC0
26.08.2022 10:28:03  *01n 20 100TL 4  320.1  7.56  2421  469.3  3.62  1704  229.9  5.96  230.9  5.95  230.7  5.92  4126  4092 1.000  42.5   6746 DACE
26.08.2022 10:28:23  *01n 20 100TL 4  316.9  7.58  2403  473.8  3.66  1736  229.9  6.02  230.8  6.01  231.1  6.00  4139  4103 1.000  42.5   6770 8739
26.08.2022 10:28:43  *01n 20 100TL 4  316.9  7.76  2461  464.3  3.70  1722  230.2  5.98  231.3  5.99  231.6  5.94  4184  4100 1.000  42.5   6792 4F37
26.08.2022 10:29:03  *01n 20 100TL 4  319.6  7.62  2435  473.2  3.60  1704  230.0  5.99  231.0  5.97  231.4  5.98  4139  4133 1.000  42.5   6814 A471
26.08.2022 10:29:23  *01n 20 100TL 4  319.7  7.66  2449  468.0  3.73  1747  229.9  6.07  231.0  6.07  231.4  6.02  4196  4148 1.000  42.6   6837 32CE
26.08.2022 10:29:44  *01n 20 100TL 4  323.4  7.56  2444  469.1  3.58  1684  230.1  6.13  231.3  6.11  231.5  6.12  4129  4155 1.000  42.6   6860 7BCD
26.08.2022 10:30:04  *01n 20 100TL 4  333.3  7.56  2520  468.8  3.78  1774  230.2  5.95  231.4  5.92  231.5  5.90  4295  4171 1.000  42.6   6885 3A37
26.08.2022 10:30:24  *01n 20 100TL 4  329.9  7.58  2504  473.2  3.62  1718  230.3  6.12  231.3  6.12  231.6  6.10  4222  4182 1.000  42.6   6908 C6FE
26.08.2022 10:30:44  *01n 20 100TL 4  332.9  7.50  2499  463.9  3.73  1733  230.3  6.19  231.5  6.20  231.8  6.17  4232  4179 1.000  42.6   6931 329B
26.08.2022 10:31:04  *01n 20 100TL 4  329.3  7.56  2491  472.2  3.71  1753  230.3  6.09  231.3  6.09  231.7  6.07  4245  4187 1.000  42.7   6953 F41B
26.08.2022 10:31:24  *01n 20 100TL 4  326.5  7.54  2461  473.6  3.61  1709  230.3  5.99  231.5  5.98  232.0  5.96  4170  4187 1.000  42.7   6976 392F
26.08.2022 10:31:44  *01n 20 100TL 4  326.3  7.72  2520  468.4  3.69  1731  230.4  6.09  231.5  6.10  232.0  6.06  4252  4193 1.000  42.7   7001 9B7A
26.08.2022 10:32:04  *01n 20 100TL 4  329.3  7.66  2525  472.7  3.75  1776  230.3  6.00  231.6  5.99  232.0  5.97  4301  4202 1.000  42.7   7024 6509
26.08.2022 10:32:24  *01n 20 100TL 4  329.5  7.60  2504  473.0  3.60  1702  230.4  6.24  231.4  6.23  231.9  6.22  4206  4206 0.999c  42.7   7047 38AC
26.08.2022 10:32:44  *01n 20 100TL 4  329.3  7.69  2532  472.8  3.76  1782  230.3  6.12  231.3  6.12  231.8  6.07  4315  4202 1.000  42.7   7071 A0AC
26.08.2022 10:33:04  *01n 20 100TL 4  326.2  7.72  2520  468.0  3.70  1734  230.3  6.04  231.4  6.02  231.8  6.00  4255  4199 1.000  42.7   7094 3B2A
26.08.2022 10:33:24  *01n 20 100TL 4  325.9  7.94  2589  468.1  3.77  1766  230.5  5.96  231.0  5.95  231.7  5.93  4356  4202 1.000  42.7   7117 9234
26.08.2022 10:33:44  *01n 20 100TL 4  332.4  7.55  2510  463.3  3.79  1760  230.4  6.15  231.4  6.15  232.0  6.14  4271  4213 1.000  42.8   7141 8783
26.08.2022 10:34:04  *01n 20 100TL 4  329.0  7.57  2491  472.3  3.62  1709  230.3  6.18  231.2  6.18  231.9  6.16  4200  4214 1.000  42.8   7164 9B29
26.08.2022 10:34:24  *01n 20 100TL 4  325.9  7.87  2565  472.5  3.76  1780  230.6  5.99  231.3  5.98  231.8  5.96  4345  4214 1.000  42.8   7188 5A86
26.08.2022 10:34:44  *01n 20 100TL 4  329.0  7.76  2555  472.5  3.78  1786  230.6  6.02  231.4  5.99  231.8  5.97  4342  4223 1.000  42.8   7211 ECA0
26.08.2022 10:35:04  *01n 20 100TL 4  326.3  7.85  2561  472.2  3.68  1739  230.4  6.18  231.0  6.16  231.4  6.14  4301  4232 1.000  42.8   7236 A2F6
26.08.2022 10:35:24  *01n 20 100TL 4  338.3  7.62  2578  472.4  3.79  1792  228.1  6.21  231.6  6.21  231.8  6.17  4371  4255 1.000  42.8   7259 0D29
26.08.2022 10:35:45  *01n 20 100TL 4  339.0  7.51  2546  472.0  3.72  1757  230.1  6.28  231.0  6.30  231.4  6.27  4304  4260 1.000  42.9   7282 C883
26.08.2022 10:36:04  *01n 20 100TL 4  338.8  7.64  2590  467.7  3.71  1734  230.0  6.29  231.0  6.27  231.4  6.28  4325  4263 1.000  42.9   7306 52F1
26.08.2022 10:36:25  *01n 20 100TL 4  335.5  7.66  2571  462.8  3.81  1763  229.8  6.06  230.8  6.05  231.1  6.03  4335  4263 1.000  42.9   7329 542B
26.08.2022 10:36:45  *01n 20 100TL 4  335.6  7.50  2517  467.2  3.68  1724  233.2  6.22  234.2  6.21  234.4  6.19  4242  4267 1.000  42.9   7354 5481
26.08.2022 10:37:05  *01n 20 100TL 4  332.6  7.79  2592  471.9  3.68  1738  233.1  6.15  234.0  6.13  234.4  6.13  4330  4271 1.000  42.9   7378 3BE4
26.08.2022 10:37:25  *01n 20 100TL 4  332.8  7.53  2508  466.9  3.70  1730  233.3  6.22  234.5  6.22  234.6  6.22  4238  4264 1.000  42.9   7401 02AD
26.08.2022 10:37:45  *01n 20 100TL 4  330.8  7.79  2578  466.4  3.68  1721  233.4  6.15  234.5  6.15  234.5  6.10  4299  4257 1.000  42.9   7425 10B7
26.08.2022 10:38:05  *01n 20 100TL 4  332.0  7.60  2523  462.5  3.68  1704  233.5  6.18  234.2  6.16  234.5  6.16  4228  4251 1.000  43.0   7448 8B1C
26.08.2022 10:38:25  *01n 20 100TL 4  331.8  7.54  2502  467.1  3.68  1721  233.3  6.18  234.4  6.17  234.5  6.17  4223  4251 1.000  43.0   7472 5ABB
26.08.2022 10:38:45  *01n 20 100TL 4  332.4  7.78  2589  466.9  3.69  1725  233.3  6.13  234.5  6.13  234.6  6.12  4315  4260 1.000  43.0   7496 1D96
26.08.2022 10:39:05  *01n 20 100TL 4  334.3  7.84  2621  467.1  3.81  1783  233.1  5.99  234.3  6.00  234.4  5.96  4405  4257 1.000  43.0   7520 3323
26.08.2022 10:39:25  *01n 20 100TL 4  333.3  7.58  2526  462.8  3.70  1715  233.4  6.24  234.4  6.23  234.5  6.21  4242  4266 1.000  43.0   7543 D19E
26.08.2022 10:39:45  *01n 20 100TL 4  343.6  7.51  2581  463.8  3.71  1722  233.2  6.18  234.1  6.16  234.4  6.15  4304  4275 1.000  43.0   7567 A703
26.08.2022 10:40:05  *01n 20 100TL 4  340.7  7.58  2584  465.2  3.78  1759  233.1  6.19  234.3  6.19  234.4  6.13  4344  4278 1.000  43.1   7592 F2A5
26.08.2022 10:40:25  *01n 20 100TL 4  335.5  7.83  2629  466.9  3.78  1768  233.1  6.07  234.0  6.06  234.3  6.05  4397  4289 1.000  43.1   7615 4514
26.08.2022 10:40:45  *01n 20 100TL 4  340.7  7.78  2652  466.7  3.74  1745  233.0  6.08  234.2  6.07  234.4  6.05  4397  4293 1.000  43.1   7638 3ED9
26.08.2022 10:41:05  *01n 20 100TL 4  340.6  7.70  2624  461.3  3.83  1768  233.1  6.28  234.3  6.27  234.5  6.27  4393  4312 1.000  43.1   7662 5FBA
26.08.2022 10:41:25  *01n 20 100TL 4  343.0  7.76  2661  465.5  3.76  1750  233.2  6.21  234.4  6.21  234.6  6.17  4411  4321 1.000  43.1   7686 9EA1
26.08.2022 10:41:45  *01n 20 100TL 4  343.5  7.52  2586  468.0  3.66  1715  233.1  6.10  234.3  6.09  234.5  6.08  4301  4322 1.000  43.2   7712 1D2E
26.08.2022 10:42:05  *01n 20 100TL 4  339.7  7.75  2635  463.8  3.81  1771  233.1  6.24  234.2  6.25  234.4  6.19  4406  4315 1.000  43.2   7736 9EDD
26.08.2022 10:42:25  *01n 20 100TL 4  338.9  7.60  2578  469.0  3.72  1748  233.0  6.22  234.3  6.23  234.3  6.18  4431  4321 1.000  43.2   7760 A165
26.08.2022 10:42:46  *01n 20 100TL 4  343.9  7.59  2610  471.1  3.66  1728  233.2  6.10  234.0  6.09  234.4  6.05  4339  4310 1.000  43.2   7782 BB42
26.08.2022 10:43:06  *01n 20 100TL 4  339.8  7.80  2652  467.4  3.80  1777  233.2  6.19  234.2  6.17  234.4  6.17  4429  4312 1.000  43.2   7806 B5DD
26.08.2022 10:43:26  *01n 20 100TL 4  343.3  7.77  2671  467.7  3.74  1750  233.4  6.10  234.2  6.09  234.7  6.07  4422  4312 1.000  43.2   7831 2264
26.08.2022 10:43:46  *01n 20 100TL 4  343.2  7.65  2627  463.3  3.81  1766  233.5  6.24  234.4  6.24  234.7  6.19  4394  4315 1.000  43.2   7855 033F
26.08.2022 10:44:06  *01n 20 100TL 4  346.1  7.59  2627  468.3  3.74  1751  233.6  6.12  234.4  6.11  234.8  6.10  4379  4324 1.000  43.2   7879 749F
26.08.2022 10:44:26  *01n 20 100TL 4  346.0  7.50  2597  472.9  3.59  1698  233.6  6.30  234.3  6.27  234.7  6.27  4295  4330 1.000  43.3   7903 D060
26.08.2022 10:44:46  *01n 20 100TL 4  339.8  7.81  2658  462.1  3.85  1779  233.2  6.22  234.2  6.24  234.5  6.18  4437  4328 1.000  43.3   7926 A32B
26.08.2022 10:45:06  *01n 20 100TL 4  345.7  7.46  2578  467.3  3.68  1722  233.5  6.12  234.4  6.10  234.8  6.09  4301  4327 1.000  43.3   7952 CEB8
26.08.2022 10:45:26  *01n 20 100TL 4  343.3  7.64  2623  468.7  3.66  1715  233.4  6.34  234.5  6.35  234.7  6.32  4338  4341 1.000  43.3   7976 3430
26.08.2022 10:45:46  *01n 20 100TL 4  343.1  7.74  2658  463.8  3.86  1792  233.0  6.11  233.9  6.11  234.1  6.09  4451  4335 1.000  43.3   8000 AC45
26.08.2022 10:46:06  *01n 20 100TL 4  339.4  7.94  2696  468.0  3.76  1760  233.2  6.14  234.4  6.12  234.5  6.12  4457  4332 0.999c  43.3   8024 38B2
26.08.2022 10:46:26  *01n 20 100TL 4  349.5  7.40  2589  468.1  3.70  1733  233.4  6.27  234.2  6.27  234.8  6.22  4322  4345 1.000  43.4   8048 1A3B
26.08.2022 10:46:46  *01n 20 100TL 4  356.4  7.44  2656  463.3  3.75  1741  233.5  6.24  234.7  6.23  234.9  6.23  4397  4371 1.000  43.4   8073 2802
26.08.2022 10:47:06  *01n 20 100TL 4  357.1  7.40  2647  463.7  3.68  1710  233.6  6.33  234.7  6.34  235.0  6.29  4357  4386 1.000  43.4   8096 4A4F
26.08.2022 10:47:26  *01n 20 100TL 4  353.4  7.48  2647  463.4  3.69  1712  233.7  6.21  234.6  6.19  234.8  6.18  4359  4390 1.000  43.4   8121 C3D7
26.08.2022 10:47:46  *01n 20 100TL 4  352.4  7.61  2684  467.6  3.79  1777  233.6  6.33  234.9  6.35  234.8  6.30  4461  4409 1.000  43.4   8145 66D3
26.08.2022 10:48:06  *01n 20 100TL 4  349.5  7.81  2734  468.2  3.72  1745  233.6  6.33  234.5  6.35  234.6  6.29  4480  4420 1.000  43.4   8170 351A
26.08.2022 10:48:26  *01n 20 100TL 4  349.4  7.90  2760  467.7  3.86  1808  233.5  6.25  234.7  6.25  234.8  6.22  4568  4437 1.000  43.5   8196 9EA1
26.08.2022 10:48:46  *01n 20 100TL 4  349.4  7.95  2781  467.7  3.82  1786  233.7  6.40  234.9  6.43  234.9  6.36  4568  4460 1.000  43.5   8220 C0C9
26.08.2022 10:49:06  *01n 20 100TL 4  353.1  7.68  2711  467.6  3.71  1734  234.2  6.49  234.5  6.49  235.0  6.46  4446  4461 1.000  43.5   8245 EED8
26.08.2022 10:49:27  *01n 20 100TL 4  355.6  7.70  2740  467.5  3.82  1788  233.8  6.46  234.8  6.45  234.8  6.45  4528  4457 1.000  43.5   8269 B1C6
26.08.2022 10:49:47  *01n 20 100TL 4  349.4  7.71  2694  462.8  3.74  1733  233.7  6.43  234.6  6.45  234.7  6.39  4428  4457 1.000  43.5   8293 24DB
26.08.2022 10:50:07  *01n 20 100TL 4  352.9  7.92  2796  467.4  3.83  1791  233.7  6.31  234.6  6.28  234.7  6.27  4588  4461 1.000  43.5   8319 8D8D
26.08.2022 10:50:27  *01n 20 100TL 4  352.7  7.77  2740  467.2  3.82  1785  233.6  6.48  234.7  6.48  234.8  6.46  4525  4464 1.000  43.5   8344 50CF
26.08.2022 10:50:47  *01n 20 100TL 4  355.7  7.74  2755  472.0  3.71  1751  233.5  6.44  234.6  6.43  234.6  6.38  4507  4457 1.000  43.6   8369 6455
26.08.2022 10:51:07  *01n 20 100TL 4  351.8  7.84  2760  471.9  3.75  1771  233.8  6.30  234.7  6.27  234.8  6.27  4531  4458 1.000  43.6   8394 6D80
26.08.2022 10:51:27  *01n 20 100TL 4  349.1  7.86  2748  462.6  3.82  1766  233.9  6.43  234.9  6.45  235.1  6.39  4515  4454 1.000  43.6   8417 63FA
26.08.2022 10:51:47  *01n 20 100TL 4  348.6  7.97  2781  466.9  3.80  1776  234.6  6.40  234.4  6.42  235.4  6.36  4557  4449 1.000  43.6   8443 0F1F
26.08.2022 10:52:07  *01n 20 100TL 4  352.1  7.86  2767  462.5  3.85  1782  234.0  6.28  235.1  6.26  235.0  6.25  4550  4448 1.000  43.6   8468 5045
26.08.2022 10:52:27  *01n 20 100TL 4  352.5  7.81  2752  462.3  3.86  1789  233.7  6.31  234.8  6.31  234.8  6.29  4542  4446 1.000  43.6   8493 8E5A
26.08.2022 10:52:47  *01n 20 100TL 4  348.5  7.95  2772  462.3  3.78  1750  233.6  6.46  234.7  6.45  234.7  6.45  4522  4451 1.000  43.6   8518 B97C
26.08.2022 10:53:07  *01n 20 100TL 4  352.2  8.00  2819  467.0  3.85  1800  233.7  6.49  234.9  6.50  234.9  6.43  4620  4475 1.000  43.7   8542 F987
26.08.2022 10:53:27  *01n 20 100TL 4  354.2  7.82  2772  466.6  3.76  1757  233.8  6.54  235.0  6.54  234.9  6.50  4530  4487 1.000  43.7   8568 15CC
26.08.2022 10:53:47  *01n 20 100TL 4  355.9  8.00  2847  466.9  3.78  1768  233.9  6.37  235.0  6.35  234.8  6.34  4615  4507 1.000  43.7   8592 B7D6
26.08.2022 10:54:07  *01n 20 100TL 4  358.9  7.82  2806  462.2  3.88  1792  234.3  6.36  235.3  6.34  235.1  6.33  4599  4510 1.000  43.7   8617 D387
26.08.2022 10:54:27  *01n 20 100TL 4  366.1  7.78  2848  466.7  3.88  1811  234.2  6.60  235.1  6.60  235.1  6.57  4660  4542 1.000  43.7   8642 C451
26.08.2022 10:54:47  *01n 20 100TL 4  366.5  7.62  2795  466.7  3.68  1719  233.9  6.58  235.3  6.58  235.1  6.57  4515  4538 1.000  43.7   8668 A75B
26.08.2022 10:55:07  *01n 20 100TL 4  362.4  7.58  2749  466.5  3.74  1747  233.9  6.59  234.6  6.57  235.1  6.58  4496  4527 1.000  43.7   8694 AE8D
26.08.2022 10:55:28  *01n 20 100TL 4  365.6  7.73  2829  466.4  3.75  1753  233.8  6.38  234.8  6.37  234.7  6.34  4582  4512 1.000  43.7   8719 2524
26.08.2022 10:55:48  *01n 20 100TL 4  359.6  7.91  2847  461.7  3.87  1789  233.9  6.48  234.3  6.45  234.8  6.45  4637  4509 1.000  43.8   8744 F0CA
26.08.2022 10:56:08  *01n 20 100TL 4  369.2  7.42  2742  466.1  3.74  1747  233.9  6.49  234.9  6.50  234.6  6.44  4489  4516 1.000  43.8   8768 9680
26.08.2022 10:56:28  *01n 20 100TL 4  362.2  7.64  2769  461.7  3.79  1750  234.0  6.52  234.9  6.49  234.7  6.49  4519  4539 1.000  43.8   8793 3164
26.08.2022 10:56:48  *01n 20 100TL 4  362.2  7.98  2894  466.3  3.80  1774  233.9  6.55  234.9  6.57  234.7  6.50  4669  4539 1.000  43.8   8820 B27E
26.08.2022 10:57:08  *01n 20 100TL 4  366.3  7.58  2777  470.9  3.72  1756  233.9  6.51  234.8  6.51  234.7  6.51  4533  4554 1.000  43.8   8845 4560
26.08.2022 10:57:28  *01n 20 100TL 4  370.0  7.60  2815  461.3  3.75  1734  233.9  6.64  235.0  6.63  234.9  6.62  4550  4574 1.000  43.8   8870 2327
26.08.2022 10:57:48  *01n 20 100TL 4  372.7  7.73  2883  466.2  3.76  1757  233.8  6.64  234.7  6.64  234.7  6.59  4641  4606 1.000  43.9   8896 722E
26.08.2022 10:58:08  *01n 20 100TL 4  368.7  7.79  2874  475.4  3.75  1783  234.0  6.65  234.8  6.68  234.7  6.62  4658  4620 1.000  43.9   8921 4418
26.08.2022 10:58:28  *01n 20 100TL 4  369.0  7.86  2902  470.4  3.78  1779  234.2  6.67  234.4  6.66  234.7  6.64  4681  4628 1.000  43.9   8947 3BDF
26.08.2022 10:58:48  *01n 20 100TL 4  369.2  7.87  2908  466.0  3.77  1760  233.7  6.60  234.8  6.61  234.7  6.59  4669  4623 1.000  43.9   8973 E21F
26.08.2022 10:59:08  *01n 20 100TL 4  369.4  7.68  2841  465.7  3.79  1770  233.6  6.65  234.5  6.65  234.4  6.60  4611  4632 1.000  43.9   8998 BB66
26.08.2022 10:59:28  *01n 20 100TL 4  368.6  7.87  2905  465.7  3.80  1771  233.6  6.77  234.5  6.76  234.5  6.74  4676  4640 1.000  43.9   9024 E739
26.08.2022 10:59:48  *01n 20 100TL 4  365.6  7.86  2874  461.0  3.79  1751  234.3  6.57  234.2  6.55  233.9  6.54  4626  4647 1.000  43.9   9050 8CFF
26.08.2022 11:00:08  *01n 20 100TL 4  365.4  7.98  2915  465.7  3.86  1795  233.7  6.72  234.5  6.70  234.4  6.71  4711  4676 1.000  44.0   9077 4443
26.08.2022 11:00:28  *01n 20 100TL 4  373.1  8.03  2998  461.3  3.93  1812  233.4  6.74  234.5  6.71  234.3  6.72  4811  4693 1.000  44.0   9103 1C3D
26.08.2022 11:00:48  *01n 20 100TL 4  376.1  7.87  2964  461.2  3.87  1786  233.4  6.81  234.6  6.80  234.5  6.79  4751  4701 1.000  44.0   9128 FF7F
26.08.2022 11:01:08  *01n 20 100TL 4  385.6  7.65  2951  464.1  3.82  1774  233.4  6.76  234.4  6.78  234.4  6.73  4725  4625 1.000  44.0   9154 621E
26.08.2022 11:01:28  *01n 20 100TL 4  396.4  7.71  3057  461.0  3.84  1774  234.4  6.70  234.9  6.68  235.3  6.67  4832  4766 1.000  44.0   9181 80D4
26.08.2022 11:01:48  *01n 20 100TL 4  392.3  7.79  3057  460.7  3.93  1814  233.4  6.96  234.5  6.94  234.4  6.95  4872  4792 1.000  44.0   9209 A357
26.08.2022 11:02:09  *01n 20 100TL 4  394.7  7.77  3068  465.1  3.96  1843  233.5  6.86  234.6  6.88  234.5  6.81  4911  4774 1.000  44.0   9235 D817
26.08.2022 11:02:29  *01n 20 100TL 4  389.0  7.75  3016  465.2  3.74  1742  233.4  6.76  234.5  6.77  234.5  6.73  4759  4786 1.000  44.1   9262 BF81
26.08.2022 11:02:49  *01n 20 100TL 4  389.5  7.87  3065  465.3  3.83  1788  233.5  6.83  234.4  6.84  234.4  6.77  4853  4756 1.000  44.1   9287 406C
26.08.2022 11:03:09  *01n 20 100TL 4  395.1  7.61  3009  465.1  3.87  1802  233.2  6.73  234.2  6.71  234.4  6.68  4811  4747 1.000  44.1   9313 8627
26.08.2022 11:03:29  *01n 20 100TL 4  395.4  7.61  3010  460.3  3.78  1744  233.3  6.68  234.4  6.67  234.4  6.63  4754  4728 1.000  44.1   9341 52A9
26.08.2022 11:03:49  *01n 20 100TL 4  390.8  7.85  3071  460.3  3.96  1824  233.1  6.85  234.4  6.84  234.3  6.83  4896  4759 1.000  44.1   9367 EE71
26.08.2022 11:04:09  *01n 20 100TL 4  388.6  7.78  3025  464.9  3.83  1780  233.3  6.82  234.5  6.84  234.5  6.79  4806  4742 1.000  44.1   9394 0043
26.08.2022 11:04:29  *01n 20 100TL 4  384.9  7.87  3030  465.2  3.75  1748  233.3  6.79  234.5  6.79  234.6  6.74  4779  4722 1.000  44.2   9420 D39D
26.08.2022 11:04:49  *01n 20 100TL 4  385.1  7.69  2960  470.8  3.74  1765  233.2  6.75  234.3  6.74  234.3  6.71  4725  4681 1.000  44.2   9446 E160
26.08.2022 11:05:09  *01n 20 100TL 4  391.0  7.57  2963  460.2  3.83  1766  233.0  6.62  234.1  6.59  234.1  6.58  4730  4664 1.000  44.2   9472 FA64
26.08.2022 11:05:29  *01n 20 100TL 4  390.5  7.79  3041  469.4  3.70  1738  233.3  6.73  234.3  6.72  234.2  6.69  4779  4737 1.000  44.2   9498 9842
26.08.2022 11:05:49  *01n 20 100TL 4  389.9  7.91  3085  464.5  3.87  1800  233.3  6.83  234.5  6.85  234.3  6.78  4885  4757 0.999c  44.2   9525 B2FB
26.08.2022 11:06:09  *01n 20 100TL 4  397.7  7.65  3042  473.3  3.75  1779  233.3  6.80  234.2  6.75  234.2  6.77  4821  4750 1.000  44.2   9551 5062
26.08.2022 11:06:29  *01n 20 100TL 4  397.8  7.80  3105  467.6  3.79  1774  233.4  6.69  234.2  6.72  234.2  6.66  4879  4739 1.000  44.2   9577 2897
26.08.2022 11:06:49  *01n 20 100TL 4  392.9  7.77  3054  467.8  3.84  1800  233.2  6.91  234.0  6.85  234.4  6.83  4855  4750 1.000  44.2   9605 8351
26.08.2022 11:07:09  *01n 20 100TL 4  390.2  7.76  3028  464.2  3.83  1777  233.3  6.91  234.4  6.91  234.4  6.84  4734  4757 1.000  44.3   9632 C2A2
26.08.2022 11:07:29  *01n 20 100TL 4  388.1  7.89  3065  464.4  3.75  1745  233.2  6.74  234.1  6.76  234.2  6.66  4811  4769 1.000  44.3   9657 AB17
26.08.2022 11:07:49  *01n 20 100TL 4  392.1  7.77  3048  464.8  3.80  1768  233.2  7.02  234.4  6.98  234.5  7.02  4817  4811 1.000  44.3   9683 54DA
26.08.2022 11:08:09  *01n 20 100TL 4  389.0  7.97  3103  465.2  3.90  1815  233.4  6.89  234.5  6.98  234.6  6.85  4919  4805 1.000  44.3   9710 2F55
26.08.2022 11:08:30  *01n 20 100TL 4  392.9  7.73  3039  461.0  3.75  1731  233.1  6.99  234.1  6.92  234.3  6.96  4771  4798 1.000  44.3   9738 D6EB
26.08.2022 11:08:50  *01n 20 100TL 4  400.0  7.65  3060  461.6  3.89  1799  233.1  6.91  234.0  6.91  234.3  6.90  4859  4815 1.000  44.3   9765 537D
26.08.2022 11:09:10  *01n 20 100TL 4  404.0  7.64  3088  462.0  3.88  1794  232.8  6.85  234.1  6.80  234.2  6.84  4882  4791 1.000  44.4   9791 1AEE
26.08.2022 11:09:30  *01n 20 100TL 4  393.5  7.88  3100  459.5  3.83  1762  233.4  6.93  234.5  6.94  234.6  6.82  4863  4812 1.000  44.4   9817 E185
26.08.2022 11:09:50  *01n 20 100TL 4  391.9  7.92  3105  467.8  3.86  1808  233.1  6.94  234.3  6.99  234.4  6.87  4913  4826 1.000  44.4   9843 DA2C
26.08.2022 11:10:10  *01n 20 100TL 4  388.4  7.92  3080  467.0  3.85  1799  233.0  6.97  234.2  6.98  234.3  6.93  4879  4831 1.000  44.4   9872 B436
26.08.2022 11:10:30  *01n 20 100TL 4  392.0  7.80  3062  462.0  3.76  1741  233.0  7.04  234.3  7.03  234.2  6.95  4803  4831 1.000  44.4   9898 50CE
26.08.2022 11:10:50  *01n 20 100TL 4  395.8  7.77  3077  461.3  3.92  1809  232.9  6.99  234.2  6.89  234.3  6.91  4887  4812 1.000  44.4   9925 63A2
26.08.2022 11:11:10  *01n 20 100TL 4  388.3  8.02  3114  461.2  3.93  1814  233.1  6.74  234.3  6.74  234.4  6.72  4928  4798 1.000  44.4   9952 FBE3
26.08.2022 11:11:30  *01n 20 100TL 4  396.0  7.92  3140  466.1  3.84  1791  233.3  7.00  234.1  6.99  234.4  6.97  4931  4820 1.000  44.4   9979 D106
26.08.2022 11:11:50  *01n 20 100TL 4  391.8  7.76  3044  466.9  3.77  1762  233.4  6.88  234.1  6.86  234.5  6.84  4806  4829 1.000  44.5  10004 89A3
26.08.2022 11:12:10  *01n 20 100TL 4  391.7  7.76  3042  465.2  3.80  1773  233.1  7.02  234.2  7.02  234.4  6.98  4815  4835 1.000  44.5  10032 2E74
26.08.2022 11:12:30  *01n 20 100TL 4  392.3  8.05  3161  470.7  3.80  1792  233.3  6.96  234.2  6.99  234.5  6.93  4954  4832 1.000  44.5  10059 3FEC
26.08.2022 11:12:50  *01n 20 100TL 4  399.3  7.69  3073  460.8  3.93  1811  233.0  6.92  234.1  6.92  234.4  6.90  4884  4832 1.000  44.5  10086 A28F
26.08.2022 11:13:10  *01n 20 100TL 4  399.0  7.90  3155  465.1  3.84  1789  233.3  7.17  234.2  7.13  234.6  7.09  4945  4908 1.000  44.5  10113 C164
26.08.2022 11:13:30  *01n 20 100TL 4  407.8  7.85  3202  470.0  3.78  1777  233.4  7.21  233.9  7.19  234.3  7.15  4980  4950 1.000  44.5  10142 35AF
26.08.2022 11:13:50  *01n 20 100TL 4  412.6  7.64  3152  470.0  3.87  1820  233.3  6.92  234.1  6.93  234.4  6.90  4972  4914 1.000  44.6  10169 0F84
26.08.2022 11:14:10  *01n 20 100TL 4  412.6  7.78  3213  460.5  3.98  1835  233.4  7.18  234.4  7.15  234.7  7.13  5049  4931 1.000  44.6  10195 E228
26.08.2022 11:14:30  *01n 20 100TL 4  403.8  7.91  3199  465.0  3.83  1782  233.8  7.09  234.7  7.09  234.8  7.06  4982  4940 1.000  44.6  10222 1876
26.08.2022 11:14:50  *01n 20 100TL 4  412.1  7.76  3199  460.7  3.93  1812  233.7  7.10  234.6  7.07  235.0  7.09  5012  4969 1.000  44.6  10250 AD45
26.08.2022 11:15:11  *01n 20 100TL 4  419.7  7.76  3259  460.7  3.99  1840  233.7  6.97  234.8  6.96  235.2  6.90  5099  4953 1.000  44.6  10278 7469
26.08.2022 11:15:31  *01n 20 100TL 4  408.0  7.84  3201  465.2  3.80  1771  233.5  7.17  234.8  7.18  234.9  7.11  4972  4982 1.000  44.6  10307 DD2C
26.08.2022 11:15:51  *01n 20 100TL 4  415.0  7.56  3140  465.2  3.84  1786  233.6  7.08  234.8  7.10  235.1  7.03  4927  4951 1.000  44.7  10334 89A9
26.08.2022 11:16:11  *01n 20 100TL 4  411.2  7.81  3215  469.3  3.85  1809  233.9  7.07  234.8  7.04  235.0  7.00  5024  4997 1.000  44.6  10362 62BD
26.08.2022 11:16:31  *01n 20 100TL 4  411.1  7.91  3253  464.7  3.83  1780  233.8  7.14  235.0  7.14  235.2  7.11  5033  5004 1.000  44.7  10388 EF18
26.08.2022 11:16:51  *01n 20 100TL 4  408.2  7.99  3263  460.4  4.01  1846  233.7  7.05  234.9  7.03  235.2  7.02  5110  4992 1.000  44.7  10416 4029
26.08.2022 11:17:11  *01n 20 100TL 4  416.0  7.75  3227  460.3  3.95  1820  233.8  7.14  234.9  7.16  235.1  7.09  5047  4991 1.000  44.7  10445 5046
26.08.2022 11:17:31  *01n 20 100TL 4  411.7  7.95  3277  460.3  3.89  1789  233.8  7.16  235.0  7.18  235.1  7.12  5067  5001 1.000  44.7  10473 CE73
26.08.2022 11:17:51  *01n 20 100TL 4  404.2  7.99  3231  464.8  3.93  1828  234.0  7.07  234.6  7.04  235.1  7.04  5059  4988 1.000  44.7  10501 13F6
26.08.2022 11:18:11  *01n 20 100TL 4  406.5  7.88  3205  459.7  3.92  1802  234.0  7.17  234.8  7.18  235.0  7.13  5008  4988 1.000  44.7  10528 F538
26.08.2022 11:18:31  *01n 20 100TL 4  406.7  8.14  3312  459.9  3.96  1821  234.1  7.19  235.1  7.20  235.2  7.15  5134  5026 1.000  44.7  10555 C767
26.08.2022 11:18:51  *01n 20 100TL 4  403.1  7.96  3213  459.8  3.89  1792  234.0  7.31  234.7  7.28  234.9  7.28  5006  5029 1.000  44.8  10584 EAD8
26.08.2022 11:19:11  *01n 20 100TL 4  411.0  8.02  3300  464.5  3.99  1855  234.1  7.14  235.1  7.14  235.3  7.14  5156  5037 1.000  44.8  10612 6B64
26.08.2022 11:19:31  *01n 20 100TL 4  415.4  7.80  3241  469.2  3.77  1770  234.1  7.21  235.3  7.24  235.2  7.18  5011  5029 1.000  44.8  10640 3767
26.08.2022 11:19:51  *01n 20 100TL 4  411.7  7.97  3282  464.4  3.98  1852  234.4  7.10  235.3  7.08  235.5  7.06  5134  5026 1.000  44.8  10668 CE8A
26.08.2022 11:20:11  *01n 20 100TL 4  410.3  8.00  3285  468.5  3.93  1841  233.8  7.22  234.7  7.23  235.0  7.18  5127  5029 1.000  44.8  10696 81AB
26.08.2022 11:20:31  *01n 20 100TL 4  404.2  8.16  3300  468.0  3.85  1802  233.9  7.13  234.4  7.13  234.9  7.12  5102  5030 1.000  44.8  10725 EED7
26.08.2022 11:20:51  *01n 20 100TL 4  410.6  7.84  3222  459.6  3.86  1779  234.1  7.10  234.9  7.08  234.9  7.06  5001  5021 1.000  44.9  10752 D737
26.08.2022 11:21:11  *01n 20 100TL 4  410.8  7.93  3259  464.1  3.95  1838  233.9  7.24  234.8  7.24  235.0  7.20  5098  5024 1.000  44.9  10780 D80A
26.08.2022 11:21:31  *01n 20 100TL 4  414.5  7.76  3219  468.8  3.77  1771  234.0  7.29  234.9  7.31  235.1  7.29  4991  5023 1.000  44.9  10808 ACF6
26.08.2022 11:21:51  *01n 20 100TL 4  409.8  7.96  3263  464.0  3.92  1820  233.8  7.31  234.7  7.31  234.7  7.29  5084  5026 1.000  44.9  10836 B1C8
26.08.2022 11:22:12  *01n 20 100TL 4  407.6  7.85  3201  467.9  3.84  1799  233.9  7.31  234.6  7.31  235.0  7.28  5000  5026 1.000  44.9  10865 3E75
26.08.2022 11:22:32  *01n 20 100TL 4  409.6  8.03  3292  467.4  3.85  1799  234.0  7.26  234.9  7.26  235.0  7.25  5091  5026 1.000  44.9  10893 27F1
26.08.2022 11:22:52  *01n 20 100TL 4  413.4  7.71  3187  465.5  3.86  1800  234.3  7.18  235.0  7.18  235.1  7.13  4988  5017 1.000  44.9  10921 0EE0
26.08.2022 11:23:12  *01n 20 100TL 4  415.1  7.65  3176  468.3  3.84  1800  234.3  7.21  235.1  7.21  235.1  7.16  4977  5009 1.000  44.9  10947 61A2
26.08.2022 11:23:32  *01n 20 100TL 4  410.2  7.98  3277  463.7  3.87  1795  235.0  7.23  234.8  7.23  234.9  7.22  5073  5018 1.000  45.0  10975 B7A1
26.08.2022 11:23:52  *01n 20 100TL 4  405.7  8.08  3280  468.0  3.92  1837  234.2  7.11  235.0  7.12  235.0  7.11  5117  5006 1.000  45.0  11004 916F
26.08.2022 11:24:12  *01n 20 100TL 4  409.4  7.84  3212  472.6  3.80  1800  234.3  7.03  235.0  7.03  235.2  7.00  5012  4997 1.000  45.0  11032 98A2
26.08.2022 11:24:32  *01n 20 100TL 4  405.3  8.05  3266  462.5  3.88  1795  234.3  6.98  235.0  6.98  235.2  6.95  5062  4998 1.000  45.0  11060 0381
26.08.2022 11:24:52  *01n 20 100TL 4  403.3  7.94  3205  465.0  3.83  1782  234.2  7.24  235.2  7.25  235.0  7.22  4988  4997 1.000  45.0  11088 F15E
26.08.2022 11:25:12  *01n 20 100TL 4  405.8  7.94  3224  467.9  3.88  1815  234.3  7.21  235.4  7.21  235.5  7.20  5040  5003 1.000  45.0  11114 EF51
26.08.2022 11:25:32  *01n 20 100TL 4  406.3  8.10  3291  463.4  3.93  1826  234.5  7.13  235.2  7.14  235.2  7.10  5117  4995 1.000  45.0  11143 5B1A
26.08.2022 11:25:52  *01n 20 100TL 4  410.2  7.96  3268  468.0  3.85  1806  234.3  7.15  235.5  7.15  235.4  7.12  5075  5003 1.000  45.1  11171 DC3C
26.08.2022 11:26:12  *01n 20 100TL 4  405.6  8.08  3279  467.8  3.95  1850  234.5  7.15  235.4  7.15  235.3  7.12  5130  5003 1.000  45.1  11199 BBB7
26.08.2022 11:26:32  *01n 20 100TL 4  404.9  7.93  3212  467.4  3.78  1770  234.5  7.16  235.3  7.18  235.5  7.11  4982  5001 1.000  45.1  11226 2E1B
26.08.2022 11:26:52  *01n 20 100TL 4  414.5  7.78  3228  462.5  3.83  1773  234.6  7.30  235.4  7.29  235.4  7.27  5001  5027 1.000  45.1  11254 1C31
26.08.2022 11:27:12  *01n 20 100TL 4  410.9  7.92  3257  463.9  3.92  1820  232.2  7.15  236.0  7.14  235.6  7.12  5078  5035 1.000  45.1  11284 C7DD
26.08.2022 11:27:32  *01n 20 100TL 4  413.1  7.80  3222  467.6  3.83  1794  234.7  7.22  235.4  7.23  235.3  7.17  5017  5043 1.000  45.1  11310 A81A
26.08.2022 11:27:52  *01n 20 100TL 4  413.6  8.10  3353  463.0  3.92  1817  234.5  7.23  235.4  7.23  235.4  7.18  5171  5055 1.000  45.1  11338 CA0E
26.08.2022 11:28:13  *01n 20 100TL 4  409.9  7.89  3234  462.8  3.90  1809  234.5  7.32  235.4  7.31  235.3  7.29  5044  5056 1.000  45.1  11366 68F0
26.08.2022 11:28:33  *01n 20 100TL 4  413.8  7.93  3283  462.8  3.90  1808  235.2  7.24  235.0  7.24  235.5  7.19  5091  5050 1.000  45.1  11394 8822
26.08.2022 11:28:53  *01n 20 100TL 4  422.8  7.84  3317  462.7  3.86  1786  234.4  7.25  235.4  7.24  235.3  7.22  5104  5076 1.000  45.2  11424 9D57
26.08.2022 11:29:13  *01n 20 100TL 4  418.9  7.89  3306  463.0  4.00  1853  234.3  7.35  235.7  7.35  235.2  7.32  5160  5067 1.000  45.2  11452 DE9D
26.08.2022 11:29:33  *01n 20 100TL 4  427.7  7.69  3291  471.4  3.79  1791  234.3  7.35  235.4  7.34  235.5  7.33  5082  5111 1.000  45.2  11480 411A
26.08.2022 11:29:53  *01n 20 100TL 4  426.1  7.93  3379  466.8  3.92  1831  235.0  7.34  235.2  7.34  235.6  7.34  5210  5085 1.000  45.2  11507 03EC
26.08.2022 11:30:13  *01n 20 100TL 4  422.2  7.85  3314  462.3  3.93  1818  234.5  7.33  235.4  7.33  235.5  7.28  5133  5098 1.000  45.2  11535 F24F
26.08.2022 11:30:33  *01n 20 100TL 4  426.4  7.63  3254  466.9  3.86  1806  234.5  7.25  235.5  7.26  235.6  7.21  5061  5082 1.000  45.2  11565 A2FE
26.08.2022 11:30:53  *01n 20 100TL 4  422.5  7.98  3373  462.2  3.90  1803  234.4  7.43  235.6  7.43  235.4  7.40  5177  5113 1.000  45.2  11594 2B37
26.08.2022 11:31:13  *01n 20 100TL 4  416.6  8.00  3335  461.9  3.97  1837  234.4  7.25  235.5  7.26  235.1  7.24  5172  5116 1.000  45.3  11622 082A
26.08.2022 11:31:33  *01n 20 100TL 4  416.2  8.16  3399  468.0  3.94  1847  234.9  7.31  235.5  7.28  235.5  7.28  5247  5117 1.000  45.2  11650 04B0
26.08.2022 11:31:53  *01n 20 100TL 4  413.4  8.24  3410  466.8  3.93  1835  234.7  7.29  235.5  7.26  235.4  7.28  5246  5111 1.000  45.3  11677 513F
26.08.2022 11:32:13  *01n 20 100TL 4  417.4  8.06  3364  466.7  3.90  1823  234.5  7.33  235.7  7.33  235.5  7.28  5188  5113 1.000  45.3  11707 ECB8
26.08.2022 11:32:33  *01n 20 100TL 4  425.0  7.87  3346  466.9  3.95  1846  234.3  7.40  235.4  7.39  234.9  7.37  5192  5105 1.000  45.3  11736 7DCC
26.08.2022 11:32:53  *01n 20 100TL 4  416.4  8.17  3405  466.8  3.92  1834  234.6  7.13  235.7  7.13  235.4  7.10  5239  5099 0.999c  45.3  11764 D519
26.08.2022 11:33:13  *01n 20 100TL 4  419.9  8.00  3361  467.6  3.88  1817  234.5  7.24  235.5  7.24  235.3  7.23  5178  5104 1.000  45.3  11792 576B
26.08.2022 11:33:33  *01n 20 100TL 4  415.6  7.85  3263  468.0  3.83  1797  234.5  7.28  235.5  7.29  235.3  7.23  5061  5091 1.000  45.3  11821 48E2
26.08.2022 11:33:53  *01n 20 100TL 4  414.5  8.22  3410  463.8  3.92  1823  234.7  7.23  235.8  7.23  235.4  7.22  5233  5087 1.000  45.4  11850 F773
26.08.2022 11:34:13  *01n 20 100TL 4  421.9  7.93  3347  466.4  3.84  1791  234.6  7.39  235.8  7.40  235.4  7.38  5139  5088 1.000  45.4  11877 CB76
26.08.2022 11:34:34  *01n 20 100TL 4  417.6  7.96  3324  461.6  3.94  1823  234.9  7.40  235.7  7.40  234.8  7.37  5148  5102 1.000  45.4  11905 1117
26.08.2022 11:34:54  *01n 20 100TL 4  419.9  7.98  3352  467.1  3.90  1820  234.8  7.30  235.6  7.31  234.7  7.25  5172  5099 1.000  45.4  11934 8D70
26.08.2022 11:35:14  *01n 20 100TL 4  423.7  7.87  3338  464.8  3.85  1789  234.9  7.29  235.7  7.29  234.6  7.24  5128  5087 1.000  45.4  11962 9765
26.08.2022 11:35:34  *01n 20 100TL 4  415.2  7.89  3279  468.0  3.85  1805  234.8  7.34  235.4  7.34  234.5  7.32  5084  5098 1.000  45.4  11992 4690
26.08.2022 11:35:54  *01n 20 100TL 4  414.3  8.03  3331  468.8  3.87  1815  234.7  7.20  235.4  7.19  234.6  7.18  5146  5101 1.000  45.4  12020 CA06
26.08.2022 11:36:14  *01n 20 100TL 4  418.5  7.87  3297  468.5  3.78  1774  234.6  7.33  235.5  7.33  234.6  7.27  5072  5101 1.000  45.5  12048 6CB9
26.08.2022 11:36:34  *01n 20 100TL 4  423.8  7.78  3299  471.5  3.82  1805  234.5  7.30  235.3  7.32  235.1  7.26  5104  5105 1.000  45.5  12075 7DCB
26.08.2022 11:36:54  *01n 20 100TL 4  415.3  8.02  3331  467.4  3.88  1815  235.0  7.15  234.7  7.13  234.8  7.12  5146  5104 1.000  45.5  12104 C151
26.08.2022 11:37:14  *01n 20 100TL 4  415.2  8.09  3361  467.8  3.86  1806  234.6  7.32  235.4  7.34  234.4  7.29  5168  5111 1.000  45.5  12134 6AE4
26.08.2022 11:37:34  *01n 20 100TL 4  422.5  7.95  3363  468.5  3.89  1824  234.7  7.31  235.1  7.31  234.6  7.26  5188  5110 1.000  45.5  12162 F8B9
26.08.2022 11:37:54  *01n 20 100TL 4  419.1  7.86  3299  463.4  3.92  1817  234.3  7.33  235.4  7.33  234.7  7.29  5116  5098 1.000  45.5  12190 3F9D
26.08.2022 11:38:14  *01n 20 100TL 4  431.0  7.73  3337  463.6  3.81  1768  234.1  7.35  235.2  7.37  234.4  7.30  5105  5131 1.000  45.5  12219 E93C
26.08.2022 11:38:34  *01n 20 100TL 4  426.8  7.92  3382  463.6  3.93  1824  234.2  7.37  235.6  7.39  234.6  7.33  5207  5148 1.000  45.5  12247 C015
26.08.2022 11:38:54  *01n 20 100TL 4  426.7  7.80  3327  468.5  3.88  1818  234.2  7.41  235.5  7.43  234.5  7.37  5146  5166 1.000  45.5  12276 658E
26.08.2022 11:39:14  *01n 20 100TL 4  422.5  8.20  3466  463.6  4.00  1855  234.0  7.38  235.4  7.38  234.1  7.36  5322  5178 1.000  45.5  12305 3A7B
26.08.2022 11:39:34  *01n 20 100TL 4  432.0  7.85  3395  462.9  3.92  1815  234.2  7.48  235.4  7.48  234.0  7.44  5210  5192 1.000  45.5  12334 7FDF
26.08.2022 11:39:54  *01n 20 100TL 4  432.0  7.77  3360  467.4  3.89  1818  234.4  7.33  235.4  7.32  234.4  7.30  5178  5212 1.000  45.5  12362 9488
26.08.2022 11:40:14  *01n 20 100TL 4  429.5  8.16  3506  467.7  3.99  1866  234.9  7.46  235.7  7.48  234.9  7.41  5372  5215 1.000  45.6  12391 36BA
26.08.2022 11:40:34  *01n 20 100TL 4  426.2  7.92  3378  463.1  3.88  1797  234.7  7.45  235.8  7.46  234.7  7.45  5175  5203 1.000  45.6  12422 42DF
26.08.2022 11:40:54  *01n 20 100TL 4  422.3  8.09  3418  462.9  3.99  1849  234.9  7.60  235.7  7.61  234.4  7.59  5267  5230 1.000  45.6  12451 6526
26.08.2022 11:41:15  *01n 20 100TL 4  430.5  7.87  3389  462.4  3.94  1823  234.7  7.55  235.6  7.55  234.1  7.54  5212  5244 1.000  45.6  12478 9EDE
26.08.2022 11:41:35  *01n 20 100TL 4  435.0  7.88  3431  467.2  3.84  1794  234.5  7.64  235.6  7.65  234.2  7.62  5226  5264 1.000  45.6  12508 5AC1
26.08.2022 11:41:55  *01n 20 100TL 4  430.6  8.10  3492  472.0  3.95  1869  234.6  7.53  235.4  7.53  234.3  7.53  5362  5288 1.000  45.6  12537 9F13
26.08.2022 11:42:15  *01n 20 100TL 4  426.2  8.18  3489  462.4  4.01  1853  234.4  7.49  235.5  7.51  235.6  7.49  5343  5290 1.000  45.6  12568 D3FD
26.08.2022 11:42:35  *01n 20 100TL 4  426.3  8.34  3556  462.6  4.01  1860  234.8  7.56  235.0  7.55  235.8  7.56  5416  5297 1.000  45.6  12597 9DCA
26.08.2022 11:42:55  *01n 20 100TL 4  426.6  8.06  3442  462.4  3.97  1837  234.6  7.66  235.5  7.66  235.7  7.64  5279  5307 1.000  45.6  12627 DB88
26.08.2022 11:43:15  *01n 20 100TL 4  429.4  7.98  3430  462.5  3.97  1838  234.5  7.65  235.6  7.65  235.6  7.63  5268  5300 1.000  45.7  12656 99B6
26.08.2022 11:43:35  *01n 20 100TL 4  430.3  8.20  3527  467.1  3.95  1847  235.1  7.64  235.4  7.64  234.6  7.63  5375  5308 1.000  45.7  12684 1CB8
26.08.2022 11:43:55  *01n 20 100TL 4  430.1  8.18  3521  466.8  3.96  1849  234.7  7.46  234.8  7.45  235.3  7.41  5371  5305 1.000  45.7  12715 47A9
26.08.2022 11:44:15  *01n 20 100TL 4  425.9  7.85  3346  466.9  4.19  1956  234.6  7.56  234.6  7.55  235.5  7.55  5302  5311 1.000  45.7  12744 6255
26.08.2022 11:44:35  *01n 20 100TL 4  425.3  8.35  3553  462.3  4.04  1872  232.6  7.60  235.4  7.61  236.2  7.56  5426  5294 1.000  45.7  12774 8A62
26.08.2022 11:44:55  *01n 20 100TL 4  424.8  8.39  3564  467.1  4.01  1875  234.6  7.41  234.9  7.40  235.7  7.38  5439  5294 1.000  45.7  12803 C9CE
26.08.2022 11:45:15  *01n 20 100TL 4  427.2  8.15  3483  462.4  4.05  1875  234.4  7.53  234.7  7.50  235.6  7.52  5358  5288 1.000  45.7  12833 4C18
26.08.2022 11:45:35  *01n 20 100TL 4  431.8  8.18  3535  460.7  4.01  1846  234.5  7.63  235.2  7.63  234.8  7.63  5381  5288 1.000  45.7  12864 9A8D
26.08.2022 11:45:55  *01n 20 100TL 4  425.8  8.36  3564  466.7  3.98  1861  234.7  7.55  235.2  7.55  234.7  7.55  5426  5296 1.000  45.7  12892 9CF7
26.08.2022 11:46:16  *01n 20 100TL 4  425.6  8.26  3518  462.1  4.02  1861  234.8  7.57  235.3  7.58  234.5  7.53  5380  5293 1.000  45.8  12921 B94B
26.08.2022 11:46:36  *01n 20 100TL 4  429.1  8.20  3520  466.6  4.04  1887  235.0  7.59  235.4  7.60  234.8  7.54  5407  5290 1.000  45.8  12950 2E5A
26.08.2022 11:46:56  *01n 20 100TL 4  424.3  8.16  3463  462.0  3.90  1805  234.9  7.70  235.6  7.69  234.8  7.67  5268  5307 1.000  45.8  12980 E6E1
26.08.2022 11:47:16  *01n 20 100TL 4  424.0  8.23  3491  466.0  4.02  1875  235.0  7.53  236.0  7.54  235.1  7.53  5366  5299 1.000  45.8  13011 21B3
26.08.2022 11:47:36  *01n 20 100TL 4  427.3  8.22  3514  464.8  4.00  1858  234.8  7.68  235.4  7.69  234.8  7.66  5372  5305 1.000  45.8  13040 579F
26.08.2022 11:47:56  *01n 20 100TL 4  422.8  8.44  3569  458.8  4.06  1863  234.9  7.57  235.3  7.56  234.8  7.56  5432  5305 1.000  45.8  13070 49B1
26.08.2022 11:48:16  *01n 20 100TL 4  430.3  8.05  3463  466.2  3.92  1831  235.2  7.65  235.1  7.64  234.5  7.63  5294  5313 1.000  45.8  13098 FD73
26.08.2022 11:48:36  *01n 20 100TL 4  424.0  8.21  3482  461.5  4.05  1873  234.7  7.48  235.2  7.47  234.6  7.44  5355  5311 1.000  45.8  13127 C7B4
26.08.2022 11:48:56  *01n 20 100TL 4  422.2  8.20  3465  461.8  3.94  1821  234.7  7.62  235.5  7.62  234.8  7.57  5287  5310 1.000  45.9  13158 212B
26.08.2022 11:49:16  *01n 20 100TL 4  422.6  8.31  3515  464.4  3.97  1847  234.8  7.69  235.5  7.69  234.8  7.66  5363  5313 1.000  45.9  13188 ED93
26.08.2022 11:49:36  *01n 20 100TL 4  427.5  8.33  3566  464.2  4.09  1901  234.4  7.71  235.4  7.73  235.5  7.70  5467  5326 1.000  45.9  13217 B0A5
26.08.2022 11:49:56  *01n 20 100TL 4  435.7  8.21  3581  459.5  4.12  1895  234.5  7.67  235.1  7.65  235.4  7.65  5476  5320 1.000  45.9  13247 B0EE
26.08.2022 11:50:16  *01n 20 100TL 4  436.0  8.19  3572  463.3  4.03  1869  234.7  7.47  235.5  7.47  235.7  7.44  5441  5320 1.000  45.9  13276 9F11
26.08.2022 11:50:36  *01n 20 100TL 4  430.9  8.17  3524  460.9  4.04  1863  234.6  7.53  235.7  7.54  235.8  7.51  5387  5319 1.000  45.9  13306 FDC0
26.08.2022 11:50:56  *01n 20 100TL 4  435.4  8.08  3520  464.8  3.99  1857  235.0  7.68  235.6  7.67  235.5  7.66  5377  5326 1.000  45.9  13335 BA25
26.08.2022 11:51:16  *01n 20 100TL 4  431.5  8.21  3544  464.2  3.93  1828  234.9  7.67  235.9  7.68  235.8  7.64  5372  5322 1.000  46.0  13365 5B71
26.08.2022 11:51:36  *01n 20 100TL 4  431.2  8.18  3530  468.5  3.93  1841  234.9  7.50  235.7  7.50  235.6  7.47  5372  5317 0.999c  45.9  13394 CDB3
26.08.2022 11:51:56  *01n 20 100TL 4  436.5  8.10  3537  468.3  3.99  1869  234.8  7.61  235.7  7.62  235.6  7.60  5406  5328 1.000  46.0  13424 1FFF
26.08.2022 11:52:17  *01n 20 100TL 4  439.6  8.11  3566  467.6  3.90  1828  235.0  7.46  235.6  7.44  235.1  7.43  5394  5319 1.000  46.0  13455 ABF2
26.08.2022 11:52:37  *01n 20 100TL 4  435.2  8.11  3533  463.2  4.01  1858  234.9  7.49  235.9  7.51  235.3  7.47  5392  5307 1.000  46.0  13485 BA50
26.08.2022 11:52:57  *01n 20 100TL 4  440.2  8.11  3573  463.8  4.04  1876  235.2  7.59  235.6  7.59  234.7  7.57  5450  5337 1.000  46.0  13513 7999
26.08.2022 11:53:17  *01n 20 100TL 4  444.5  7.97  3544  462.5  3.97  1838  234.8  7.54  235.4  7.53  234.9  7.50  5383  5329 1.000  46.0  13542 6708
26.08.2022 11:53:37  *01n 20 100TL 4  443.7  7.91  3511  462.6  3.87  1791  234.9  7.73  235.6  7.74  235.1  7.72  5302  5343 1.000  46.0  13572 2E4C
26.08.2022 11:53:57  *01n 20 100TL 4  439.6  7.95  3495  463.0  3.96  1835  235.0  7.67  235.7  7.69  235.2  7.63  5331  5358 1.000  46.0  13603 8FC3
26.08.2022 11:54:17  *01n 20 100TL 4  435.0  8.33  3625  467.7  3.98  1866  234.9  7.54  235.5  7.54  235.1  7.51  5491  5363 1.000  46.0  13633 92E0
26.08.2022 11:54:37  *01n 20 100TL 4  439.4  8.17  3591  467.4  3.92  1834  234.8  7.62  235.7  7.62  235.0  7.61  5426  5369 1.000  46.0  13663 34FF
26.08.2022 11:54:57  *01n 20 100TL 4  435.1  8.23  3584  463.4  3.95  1832  235.0  7.64  235.9  7.65  235.7  7.58  5416  5358 1.000  46.0  13692 1931
26.08.2022 11:55:17  *01n 20 100TL 4  439.1  8.11  3562  462.3  4.04  1872  234.8  7.54  235.8  7.53  235.5  7.51  5435  5362 1.000  46.0  13721 35AF
26.08.2022 11:55:37  *01n 20 100TL 4  434.8  8.34  3631  467.0  3.99  1864  234.8  7.66  236.0  7.69  236.0  7.62  5496  5375 1.000  46.1  13752 74B3
26.08.2022 11:55:57  *01n 20 100TL 4  438.9  8.23  3616  462.6  4.04  1869  235.4  7.56  235.2  7.55  235.3  7.52  5485  5387 1.000  46.1  13782 77C5
26.08.2022 11:56:17  *01n 20 100TL 4  439.1  8.22  3610  462.4  4.07  1886  235.1  7.59  235.7  7.56  235.5  7.55  5496  5386 1.000  46.1  13812 6CBD
26.08.2022 11:56:37  *01n 20 100TL 4  434.6  8.29  3605  462.5  4.00  1850  234.8  7.54  235.6  7.53  235.4  7.51  5456  5384 1.000  46.1  13842 F358
26.08.2022 11:56:57  *01n 20 100TL 4  438.6  8.17  3587  466.9  3.94  1843  234.9  7.82  235.6  7.82  235.4  7.79  5430  5400 1.000  46.1  13872 DEC4
26.08.2022 11:57:17  *01n 20 100TL 4  434.4  8.12  3532  462.0  3.96  1832  235.1  7.60  235.8  7.58  235.6  7.55  5365  5398 1.000  46.1  13902 79AB
26.08.2022 11:57:37  *01n 20 100TL 4  443.5  8.09  3588  462.4  4.07  1886  235.0  7.73  236.0  7.72  235.6  7.71  5474  5407 1.000  46.1  13932 12DF
26.08.2022 11:57:57  *01n 20 100TL 4  443.0  8.27  3666  471.4  3.96  1869  234.9  7.79  235.9  7.78  235.7  7.78  5535  5421 1.000  46.1  13962 A8E4
26.08.2022 11:58:17  *01n 20 100TL 4  434.3  8.32  3614  462.2  4.07  1884  234.7  7.70  235.9  7.69  235.6  7.68  5499  5427 1.000  46.1  13992 9ADA
26.08.2022 11:58:38  *01n 20 100TL 4  434.5  8.41  3656  466.8  4.08  1908  235.2  7.76  235.7  7.75  236.1  7.70  5564  5436 1.000  46.2  14022 5570
26.08.2022 11:58:58  *01n 20 100TL 4  439.7  8.29  3649  462.0  4.02  1860  234.8  7.76  235.7  7.77  235.7  7.75  5510  5445 1.000  46.2  14054 A7FF
26.08.2022 11:59:18  *01n 20 100TL 4  437.1  8.38  3666  457.4  4.13  1890  235.5  7.80  235.4  7.80  235.8  7.75  5557  5445 1.000  46.2  14084 4C40
26.08.2022 11:59:38  *01n 20 100TL 4  438.4  8.15  3575  466.4  3.93  1838  234.7  7.84  236.0  7.85  236.0  7.81  5413  5448 1.000  46.2  14113 CFB6
26.08.2022 11:59:58  *01n 20 100TL 4  438.5  8.38  3672  466.6  4.08  1905  234.3  7.87  235.6  7.87  235.9  7.85  5578  5452 1.000  46.2  14143 28FC
26.08.2022 12:00:18  *01n 20 100TL 4  442.7  8.27  3663  466.2  4.00  1866  234.5  7.74  235.5  7.71  235.6  7.72  5529  5450 1.000  46.2  14174 195D
26.08.2022 12:00:38  *01n 20 100TL 4  438.5  8.23  3610  461.7  4.08  1886  234.5  7.66  235.7  7.66  235.8  7.62  5496  5438 1.000  46.2  14205 6C5E
26.08.2022 12:00:58  *01n 20 100TL 4  435.2  8.20  3570  471.0  3.90  1840  234.5  7.74  235.8  7.77  235.7  7.70  5410  5426 1.000  46.2  14235 F107
26.08.2022 12:01:18  *01n 20 100TL 4  439.6  8.36  3677  466.2  4.01  1870  234.7  7.74  235.9  7.76  236.2  7.71  5548  5418 1.000  46.3  14266 C24A
26.08.2022 12:01:38  *01n 20 100TL 4  440.1  8.00  3521  469.9  3.93  1846  235.5  7.74  235.6  7.76  235.7  7.70  5368  5409 1.000  46.3  14296 8801
26.08.2022 12:01:58  *01n 20 100TL 4  438.2  8.27  3628  470.7  4.02  1896  234.5  7.59  236.0  7.59  236.0  7.58  5525  5400 1.000  46.3  14324 9168
26.08.2022 12:02:18  *01n 20 100TL 4  434.1  8.31  3611  466.0  3.95  1841  234.8  7.75  236.0  7.74  236.0  7.74  5453  5384 1.000  46.3  14356 0A19
26.08.2022 12:02:38  *01n 20 100TL 4  436.9  8.09  3538  465.8  3.92  1826  234.9  7.66  235.9  7.68  235.9  7.61  5365  5368 1.000  46.3  14386 D4A4
26.08.2022 12:02:58  *01n 20 100TL 4  435.3  8.14  3543  461.1  4.03  1860  234.8  7.67  235.9  7.68  235.7  7.62  5403  5352 1.000  46.3  14415 7BCC
26.08.2022 12:03:18  *01n 20 100TL 4  435.9  8.06  3514  466.5  3.86  1805  234.8  7.72  236.0  7.72  235.6  7.69  5319  5360 1.000  46.3  14445 44A0
26.08.2022 12:03:38  *01n 20 100TL 4  439.8  8.09  3562  459.8  3.96  1824  235.2  7.48  236.0  7.44  236.0  7.44  5387  5337 1.000  46.3  14475 2438
26.08.2022 12:03:58  *01n 20 100TL 4  435.8  8.11  3538  463.9  3.99  1853  235.1  7.71  236.2  7.72  236.2  7.69  5392  5346 1.000  46.3  14506 5E53
26.08.2022 12:04:18  *01n 20 100TL 4  438.3  7.98  3498  465.7  3.93  1832  235.8  7.70  236.3  7.69  235.8  7.68  5331  5354 1.000  46.3  14534 0227
26.08.2022 12:04:39  *01n 20 100TL 4  438.9  8.03  3529  465.7  3.85  1794  235.3  7.63  236.2  7.64  236.3  7.60  5323  5358 1.000  46.3  14564 E07F
26.08.2022 12:04:59  *01n 20 100TL 4  439.3  8.15  3579  461.4  4.02  1855  235.3  7.69  236.3  7.67  236.1  7.67  5435  5360 1.000  46.4  14594 C143
26.08.2022 12:05:19  *01n 20 100TL 4  439.4  8.09  3561  464.3  3.99  1852  235.4  7.61  236.6  7.60  236.4  7.60  5413  5366 1.000  46.4  14624 B946
26.08.2022 12:05:39  *01n 20 100TL 4  439.4  8.02  3526  462.3  3.92  1811  234.9  7.75  236.2  7.76  235.9  7.74  5337  5377 1.000  46.4  14655 15E7
26.08.2022 12:05:59  *01n 20 100TL 4  439.9  8.28  3643  463.4  4.03  1872  235.0  7.66  236.1  7.65  235.7  7.63  5516  5378 1.000  46.4  14685 10DF
26.08.2022 12:06:19  *01n 20 100TL 4  439.7  8.21  3613  463.2  4.08  1892  232.8  7.53  236.6  7.51  236.1  7.50  5505  5366 1.000  46.4  14715 967A
26.08.2022 12:06:39  *01n 20 100TL 4  435.6  8.23  3585  460.8  4.04  1866  235.0  7.57  236.2  7.56  236.0  7.55  5452  5377 1.000  46.4  14743 2AFE
26.08.2022 12:06:59  *01n 20 100TL 4  439.2  8.36  3672  461.6  4.03  1863  235.5  7.54  235.8  7.52  235.7  7.51  5535  5389 1.000  46.4  14773 FED6
26.08.2022 12:07:19  *01n 20 100TL 4  439.8  8.21  3613  463.6  4.07  1890  234.9  7.65  236.3  7.64  236.0  7.64  5503  5380 1.000  46.4  14804 2F27
26.08.2022 12:07:39  *01n 20 100TL 4  439.4  8.13  3576  466.7  3.99  1861  234.8  7.66  236.1  7.66  235.9  7.64  5438  5383 1.000  46.4  14834 8F4B
26.08.2022 12:07:59  *01n 20 100TL 4  439.0  8.31  3653  467.1  4.00  1872  235.6  7.67  235.8  7.68  235.5  7.62  5525  5375 1.000  46.5  14864 46FB
26.08.2022 12:08:19  *01n 20 100TL 4  439.1  7.99  3514  458.2  3.99  1829  234.9  7.53  236.3  7.53  235.9  7.51  5343  5363 1.000  46.5  14894 27A7
26.08.2022 12:08:39  *01n 20 100TL 4  439.1  7.98  3503  453.6  4.03  1828  234.7  7.74  236.3  7.76  235.9  7.73  5331  5351 1.000  46.5  14924 ABCF
26.08.2022 12:08:59  *01n 20 100TL 4  435.1  8.14  3546  459.1  4.00  1837  235.1  7.59  236.2  7.59  235.9  7.55  5383  5323 1.000  46.5  14953 0214
26.08.2022 12:09:19  *01n 20 100TL 4  443.2  8.15  3611  463.3  3.96  1835  234.9  7.57  236.1  7.58  235.9  7.53  5447  5320 1.000  46.5  14983 2979
26.08.2022 12:09:39  *01n 20 100TL 4  438.8  8.04  3529  466.7  3.94  1838  235.8  7.56  235.7  7.55  235.1  7.55  5368  5319 1.000  46.5  15012 2DE9
26.08.2022 12:09:59  *01n 20 100TL 4  438.9  8.13  3570  462.1  4.00  1850  234.9  7.45  236.3  7.45  235.9  7.42  5421  5305 1.000  46.5  15042 0C29
26.08.2022 12:10:19  *01n 20 100TL 4  439.0  8.10  3556  462.5  3.91  1811  235.1  7.60  236.1  7.59  236.0  7.55  5368  5320 1.000  46.5  15071 9363
26.08.2022 12:10:39  *01n 20 100TL 4  434.3  8.09  3518  462.3  3.94  1824  234.9  7.40  236.1  7.41  236.0  7.36  5343  5279 1.000  46.5  15102 0B38
26.08.2022 12:10:59  *01n 20 100TL 4  434.4  8.09  3517  461.4  3.90  1802  235.0  7.40  235.5  7.38  236.0  7.36  5319  5265 1.000  46.5  15130 0CC2
26.08.2022 12:11:20  *01n 20 100TL 4  439.1  8.13  3573  461.6  4.03  1863  235.4  7.61  235.2  7.63  235.4  7.57  5436  5305 1.000  46.5  15160 7B58
26.08.2022 12:11:40  *01n 20 100TL 4  438.7  8.10  3558  462.4  3.90  1805  235.3  7.43  235.3  7.42  235.5  7.38  5363  5296 1.000  46.5  15189 AFF0
26.08.2022 12:12:00  *01n 20 100TL 4  438.5  8.05  3530  461.9  3.99  1844  235.8  7.48  235.9  7.47  235.5  7.46  5375  5305 1.000  46.6  15218 777C
26.08.2022 12:12:20  *01n 20 100TL 4  438.1  7.97  3494  461.7  3.97  1837  235.5  7.55  235.7  7.56  235.4  7.51  5331  5290 1.000  46.6  15250 58E0
26.08.2022 12:12:40  *01n 20 100TL 4  434.3  8.22  3572  457.4  3.96  1812  235.6  7.51  235.3  7.50  235.6  7.47  5384  5336 1.000  46.6  15279 2993
26.08.2022 12:13:00  *01n 20 100TL 4  438.7  8.27  3628  461.8  4.10  1896  235.2  7.69  235.3  7.69  235.5  7.66  5525  5398 1.000  46.6  15309 5036
26.08.2022 12:13:20  *01n 20 100TL 4  433.9  8.25  3582  462.1  4.05  1875  235.3  7.80  235.6  7.80  235.2  7.76  5458  5397 1.000  46.6  15337 1B6C
26.08.2022 12:13:40  *01n 20 100TL 4  438.5  8.32  3651  462.1  4.04  1867  235.9  7.69  235.1  7.65  235.1  7.67  5519  5384 1.000  46.6  15367 D3A7
26.08.2022 12:14:00  *01n 20 100TL 4  434.2  8.42  3660  457.4  4.05  1858  235.3  7.69  235.1  7.71  235.3  7.66  5519  5378 1.000  46.6  15399 8BB6
26.08.2022 12:14:20  *01n 20 100TL 4  438.3  8.05  3530  461.6  4.01  1855  235.8  7.56  234.8  7.58  235.5  7.52  5386  5304 1.000  46.6  15428 D336
26.08.2022 12:14:40  *01n 20 100TL 4  438.3  7.83  3431  457.0  3.90  1786  235.0  7.56  235.8  7.55  235.9  7.54  5218  5259 1.000  46.6  15458 13C6
26.08.2022 12:15:00  *01n 20 100TL 4  434.5  7.99  3476  461.6  3.85  1777  235.2  7.34  235.7  7.35  235.9  7.32  5253  5188 1.000  46.7  15487 4EA3
26.08.2022 12:15:20  *01n 20 100TL 4  442.0  7.59  3358  456.9  3.86  1766  235.2  7.45  235.2  7.45  236.1  7.43  5125  5145 1.000  46.7  15516 C11D
26.08.2022 12:15:40  *01n 20 100TL 4  433.3  7.30  3163  456.6  3.65  1670  235.3  6.94  235.1  6.97  236.1  6.90  4834  4832 1.000  46.7  15544 3574
26.08.2022 12:16:00  *01n 20 100TL 4  437.2  7.18  3140  456.9  3.39  1551  235.5  6.60  235.6  6.59  235.4  6.58  4692  4591 1.000  46.7  15570 C514
26.08.2022 12:16:20  *01n 20 100TL 4  433.2  6.79  2941  452.3  3.23  1463  235.2  5.99  235.2  5.99  235.7  5.94  4405  4281 1.000  46.7  15594 4E55
26.08.2022 12:16:40  *01n 20 100TL 4  429.6  7.00  3007  456.8  3.41  1562  235.4  6.70  234.9  6.68  236.1  6.65  4570  4602 1.000  46.7  15619 0EEC
26.08.2022 12:17:00  *01n 20 100TL 4  430.7  7.31  3152  460.6  3.31  1525  235.2  6.75  235.1  6.76  236.0  6.69  4678  4736 1.000  46.7  15645 DD7B
26.08.2022 12:17:20  *01n 20 100TL 4  431.1  5.89  2543  468.0  2.62  1228  235.2  5.45  234.7  5.45  236.3  5.44  3772  3802 1.000  46.7  15669 461C
26.08.2022 12:17:40  *01n 20 100TL 4  439.9  6.51  2864  475.1  3.19  1518  235.4  6.22  234.7  6.53  236.4  6.51  4414  4455 1.000  46.7  15692 BD3C
26.08.2022 12:18:01  *01n 20 100TL 4  436.6  7.29  3186  479.0  3.37  1615  235.3  6.81  234.8  6.77  235.9  6.77  4802  4837 1.000  46.7  15717 98E1
26.08.2022 12:18:21  *01n 20 100TL 4  437.7  6.51  2851  475.4  3.10  1477  235.1  6.03  234.7  6.04  236.3  5.99  4328  4214 1.000  46.7  15742 B216
26.08.2022 12:18:41  *01n 20 100TL 4  440.6  7.33  3231  483.9  3.34  1618  235.4  6.71  234.7  6.72  236.2  6.68  4850  4797 1.000  46.7  15768 03FB
26.08.2022 12:19:01  *01n 20 100TL 4  444.2  6.54  2909  483.8  2.97  1437  235.2  6.21  234.7  6.21  236.3  6.20  4347  4306 1.000  46.7  15795 29A6
26.08.2022 12:19:21  *01n 20 100TL 4  442.2  5.88  2604  495.3  2.62  1298  235.0  5.36  235.2  5.37  236.1  5.35  3903  3772 1.000  46.7  15817 7321
26.08.2022 12:19:41  *01n 20 100TL 4  444.1  6.39  2839  489.9  2.85  1396  235.3  5.84  234.5  5.81  236.0  5.79  4235  4139 1.000  46.7  15839 D89C
26.08.2022 12:20:01  *01n 20 100TL 4  445.3  5.23  2331  486.1  2.37  1153  235.0  5.06  234.5  5.07  236.0  5.02  3485  3523 1.000  46.7  15860 D7C7
26.08.2022 12:20:21  *01n 20 100TL 4  436.1  5.09  2223  466.4  2.42  1130  234.9  4.93  235.5  4.95  235.9  4.89  3353  3398 1.000  46.7  15879 8E22
26.08.2022 12:20:41  *01n 20 100TL 4  444.4  5.51  2452  476.3  2.49  1185  235.0  5.06  235.5  5.04  236.0  5.02  3637  3585 1.000  46.7  15899 4991
26.08.2022 12:21:01  *01n 20 100TL 4  449.5  4.03  1811  494.6  1.76   872  234.8  3.77  235.8  3.76  235.7  3.72  2684  2655 1.000  46.7  15917 B771
26.08.2022 12:21:21  *01n 20 100TL 4  445.1  6.47  2883  475.0  3.15  1499  235.2  6.16  235.6  6.14  236.0  6.11  4383  4304 1.000  46.7  15938 3768
26.08.2022 12:21:41  *01n 20 100TL 4  434.0  5.46  2374  471.6  2.74  1293  234.9  5.20  235.4  5.19  235.9  5.18  3668  3695 0.999c  46.7  15962 3F80
26.08.2022 12:22:01  *01n 20 100TL 4  441.2  7.46  3291  473.5  3.83  1814  235.6  6.99  236.4  6.99  236.2  6.96  5105  4933 1.000  46.7  15984 5368
26.08.2022 12:22:21  *01n 20 100TL 4  429.2  7.74  3326  477.2  3.47  1658  236.1  7.05  236.0  7.06  236.2  7.04  4985  5026 1.000  46.7  16013 18EA
26.08.2022 12:22:41  *01n 20 100TL 4  437.3  6.31  2761  467.4  2.96  1383  235.2  5.69  235.5  5.69  236.4  5.67  4145  4022 1.000  46.7  16037 CC6F
26.08.2022 12:23:01  *01n 20 100TL 4  431.3  8.44  3640  466.9  4.01  1876  235.8  7.61  235.9  7.60  236.4  7.59  5517  5365 1.000  46.7  16064 6DFC
26.08.2022 12:23:21  *01n 20 100TL 4  443.2  8.30  3682  469.7  4.00  1882  235.7  7.86  235.9  7.85  236.5  7.84  5564  5600 1.000  46.7  16095 AD61
26.08.2022 12:23:41  *01n 20 100TL 4  438.6  7.84  3442  470.6  3.71  1748  235.8  7.52  236.4  7.50  236.4  7.47  5191  5220 1.000  46.7  16125 FCC7
26.08.2022 12:24:01  *01n 20 100TL 4  441.5  7.13  3149  478.1  3.35  1602  235.5  6.83  235.6  6.84  236.3  6.78  4751  4789 1.000  46.7  16155 3744
26.08.2022 12:24:21  *01n 20 100TL 4  450.9  6.55  2954  467.5  3.25  1521  235.4  6.55  235.5  6.56  235.9  6.52  4475  4582 1.000  46.7  16179 C931
26.08.2022 12:24:42  *01n 20 100TL 4  442.5  8.31  3678  476.3  3.94  1879  235.7  7.76  235.4  7.76  236.2  7.70  5558  5420 1.000  46.7  16206 769E
26.08.2022 12:25:02  *01n 20 100TL 4  442.9  7.19  3189  475.9  3.58  1709  235.6  7.04  236.4  7.05  236.2  6.99  4898  4937 1.000  46.7  16236 6C5E
26.08.2022 12:25:22  *01n 20 100TL 4  451.9  8.10  3662  484.9  3.79  1841  235.9  7.58  236.0  7.57  236.5  7.58  5503  5374 1.000  46.7  16264 A0D9
26.08.2022 12:25:42  *01n 20 100TL 4  452.9  6.50  2944  483.7  3.10  1503  235.6  6.11  235.8  6.11  236.5  6.08  4448  4374 1.000  46.7  16292 3F9D
26.08.2022 12:26:02  *01n 20 100TL 4  458.0  7.77  3561  480.4  3.92  1887  235.4  7.59  236.2  7.59  236.1  7.58  5448  5316 1.000  46.6  16318 E4CA
26.08.2022 12:26:22  *01n 20 100TL 4  438.7  8.41  3689  470.0  3.96  1864  235.7  7.89  236.2  7.87  236.2  7.85  5554  5490 1.000  46.7  16349 5ACB
26.08.2022 12:26:42  *01n 20 100TL 4  438.6  8.35  3666  471.0  3.93  1855  235.3  7.69  235.4  7.68  236.4  7.67  5522  5375 1.000  46.6  16377 F95B
26.08.2022 12:27:02  *01n 20 100TL 4  441.4  7.91  3492  460.1  3.84  1768  235.3  7.26  235.5  7.26  236.2  7.25  5261  5186 1.000  46.7  16407 F5E1
26.08.2022 12:27:22  *01n 20 100TL 4  448.7  7.86  3530  470.8  3.93  1853  235.2  7.81  236.1  7.82  236.3  7.78  5384  5404 1.000  46.7  16436 C692
26.08.2022 12:27:42  *01n 20 100TL 4  443.0  8.19  3630  465.5  3.94  1838  235.3  7.82  236.1  7.82  236.3  7.78  5468  5479 1.000  46.7  16466 E260
26.08.2022 12:28:02  *01n 20 100TL 4  443.0  8.21  3640  465.2  4.07  1895  235.5  7.67  235.7  7.66  236.3  7.63  5535  5487 1.000  46.7  16496 B547
26.08.2022 12:28:22  *01n 20 100TL 4  434.1  7.91  3434  462.2  3.66  1693  235.5  7.23  236.0  7.21  236.6  7.20  5128  5069 1.000  46.7  16527 4966
26.08.2022 12:28:42  *01n 20 100TL 4  454.6  7.22  3285  481.2  3.71  1789  235.5  6.94  236.2  6.93  236.4  6.91  5075  4901 1.000  46.7  16550 D5E8
26.08.2022 12:29:02  *01n 20 100TL 4  437.3  8.13  3558  464.6  3.90  1814  235.5  7.29  236.3  7.28  236.4  7.26  5372  5236 1.000  46.7  16579 90C7
26.08.2022 12:29:22  *01n 20 100TL 4  447.1  7.45  3334  457.3  4.01  1834  235.4  7.29  235.8  7.29  236.7  7.28  5168  5076 1.000  46.7  16606 25ED
26.08.2022 12:29:42  *01n 20 100TL 4  438.4  8.45  3709  469.3  4.11  1931  235.8  7.85  236.0  7.87  236.7  7.81  5641  5519 1.000  46.7  16636 5951
26.08.2022 12:30:02  *01n 20 100TL 4  438.3  8.48  3720  469.2  4.00  1876  235.5  7.71  236.5  7.70  236.5  7.67  5597  5520 1.000  46.7  16667 B655
26.08.2022 12:30:22  *01n 20 100TL 4  438.4  8.42  3695  464.6  4.10  1905  235.5  7.73  236.3  7.73  236.5  7.69  5601  5516 1.000  46.7  16698 C127
26.08.2022 12:30:42  *01n 20 100TL 4  434.5  8.26  3591  464.4  4.03  1873  236.5  7.80  235.0  7.79  237.0  7.79  5465  5511 1.000  46.7  16730 1355
26.08.2022 12:31:02  *01n 20 100TL 4  441.6  8.35  3689  469.1  3.98  1869  236.1  7.92  236.2  7.91  237.0  7.89  5558  5479 1.000  46.7  16760 ADA6
26.08.2022 12:31:23  *01n 20 100TL 4  433.7  8.43  3660  455.3  4.05  1844  235.9  7.68  236.4  7.68  236.8  7.65  5505  5487 1.000  46.7  16789 E549
26.08.2022 12:31:43  *01n 20 100TL 4  437.9  8.43  3694  459.8  4.16  1918  236.0  7.66  236.6  7.65  237.1  7.63  5612  5471 1.000  46.7  16820 3B45
26.08.2022 12:32:03  *01n 20 100TL 4  433.6  8.52  3695  464.1  4.08  1899  236.2  7.76  236.0  7.75  237.2  7.73  5595  5464 1.000  46.7  16850 5A4E
26.08.2022 12:32:23  *01n 20 100TL 4  433.8  8.40  3646  459.7  4.02  1849  236.0  7.56  236.0  7.54  237.1  7.51  5496  5426 1.000  46.7  16882 AD41
26.08.2022 12:32:43  *01n 20 100TL 4  436.6  8.35  3648  464.3  4.02  1867  236.1  7.50  236.8  7.50  236.9  7.47  5516  5375 1.000  46.7  16912 CB62
26.08.2022 12:33:03  *01n 20 100TL 4  435.2  8.18  3562  464.2  3.97  1844  236.1  7.66  236.6  7.68  237.0  7.63  5407  5375 1.000  46.7  16942 66AE
26.08.2022 12:33:23  *01n 20 100TL 4  433.5  8.30  3599  473.3  3.90  1846  236.2  7.61  236.2  7.59  237.3  7.60  5445  5375 1.000  46.7  16970 D272
26.08.2022 12:33:43  *01n 20 100TL 4  437.9  8.24  3611  468.7  3.89  1823  236.5  7.50  236.5  7.48  237.3  7.46  5435  5360 1.000  46.7  17000 A583
26.08.2022 12:34:03  *01n 20 100TL 4  437.8  8.15  3567  464.0  3.99  1855  236.1  7.68  236.6  7.66  236.8  7.66  5423  5351 1.000  46.7  17031 0302
26.08.2022 12:34:23  *01n 20 100TL 4  434.5  8.24  3585  468.7  3.96  1857  235.9  7.61  236.8  7.60  236.9  7.58  5442  5360 1.000  46.7  17061 30D9
26.08.2022 12:34:43  *01n 20 100TL 4  439.0  8.21  3607  463.8  3.92  1821  235.9  7.63  236.1  7.64  236.8  7.61  5429  5362 1.000  46.7  17091 B16F
26.08.2022 12:35:03  *01n 20 100TL 4  435.8  8.03  3501  463.0  3.90  1808  235.6  7.64  235.9  7.65  236.6  7.59  5310  5345 1.000  46.7  17121 FD58
26.08.2022 12:35:23  *01n 20 100TL 4  435.4  8.02  3497  462.4  3.93  1820  235.6  7.56  236.5  7.55  236.6  7.52  5317  5246 1.000  46.8  17150 1C73
26.08.2022 12:35:43  *01n 20 100TL 4  437.7  8.07  3533  459.2  3.94  1814  235.8  7.49  236.6  7.48  236.6  7.47  5348  5278 1.000  46.8  17179 7B7C
26.08.2022 12:36:03  *01n 20 100TL 4  432.0  8.19  3541  463.7  3.84  1782  235.9  7.48  236.2  7.49  237.0  7.45  5323  5265 1.000  46.7  17209 08C0
26.08.2022 12:36:23  *01n 20 100TL 4  431.5  8.16  3523  459.2  3.94  1812  235.9  7.37  236.3  7.36  236.9  7.35  5336  5261 1.000  46.8  17238 021D
26.08.2022 12:36:43  *01n 20 100TL 4  431.1  8.21  3540  464.1  3.95  1837  235.8  7.37  236.7  7.37  236.6  7.32  5377  5261 1.000  46.8  17267 4BB1
26.08.2022 12:37:03  *01n 20 100TL 4  434.9  7.99  3479  464.5  3.81  1773  235.8  7.45  236.7  7.46  236.7  7.39  5252  5244 1.000  46.8  17296 F1B4
26.08.2022 12:37:23  *01n 20 100TL 4  434.9  8.03  3494  465.1  3.87  1802  235.5  7.55  235.7  7.55  236.5  7.52  5296  5226 1.000  46.8  17327 ABD1
26.08.2022 12:37:43  *01n 20 100TL 4  437.6  7.87  3445  463.4  3.83  1777  235.7  7.52  235.9  7.50  236.5  7.47  5297  5241 1.000  46.8  17356 058A
26.08.2022 12:38:04  *01n 20 100TL 4  429.6  8.03  3453  458.6  3.87  1779  235.5  7.37  236.3  7.35  236.4  7.33  5232  5244 0.999c  46.8  17383 826A
26.08.2022 12:38:24  *01n 20 100TL 4  435.3  8.05  3506  462.9  3.82  1770  235.5  7.56  236.3  7.56  236.2  7.52  5276  5235 1.000  46.8  17413 2C1A
26.08.2022 12:38:44  *01n 20 100TL 4  435.3  8.09  3524  462.1  3.91  1808  236.1  7.43  236.0  7.44  236.7  7.39  5333  5201 1.000  46.8  17442 9C76
26.08.2022 12:39:04  *01n 20 100TL 4  435.0  7.99  3479  460.2  3.92  1803  236.1  7.38  236.0  7.40  237.0  7.34  5282  5207 1.000  46.8  17472 EF07
26.08.2022 12:39:24  *01n 20 100TL 4  434.8  7.93  3451  465.0  3.73  1738  235.7  7.33  236.5  7.30  236.5  7.28  5189  5221 1.000  46.8  17501 1136
26.08.2022 12:39:44  *01n 20 100TL 4  434.8  8.10  3523  455.9  3.93  1795  236.0  7.36  237.0  7.34  236.7  7.33  5319  5250 1.000  46.8  17530 15E0
26.08.2022 12:40:04  *01n 20 100TL 4  434.0  8.22  3569  462.9  3.98  1841  236.1  7.48  236.4  7.47  236.8  7.46  5410  5270 1.000  46.9  17559 2963
26.08.2022 12:40:24  *01n 20 100TL 4  430.9  8.23  3547  467.3  3.90  1826  236.0  7.48  236.3  7.49  236.8  7.44  5374  5253 1.000  46.9  17587 A9EE
26.08.2022 12:40:44  *01n 20 100TL 4  430.5  8.27  3562  454.9  3.93  1792  236.8  7.43  235.6  7.43  236.7  7.37  5355  5235 1.000  46.9  17618 3980
26.08.2022 12:41:04  *01n 20 100TL 4  434.6  7.90  3436  459.7  3.86  1780  235.9  7.43  236.8  7.44  236.8  7.37  5217  5233 1.000  46.9  17647 5B55
26.08.2022 12:41:24  *01n 20 100TL 4  426.1  8.04  3428  459.7  3.87  1782  236.0  7.53  235.8  7.53  237.0  7.50  5210  5235 1.000  46.9  17676 A2D2
26.08.2022 12:41:44  *01n 20 100TL 4  429.9  8.16  3512  464.5  3.81  1774  236.1  7.36  236.6  7.37  237.1  7.33  5287  5212 1.000  46.9  17705 96D7
26.08.2022 12:42:04  *01n 20 100TL 4  434.6  8.01  3482  465.3  3.80  1768  235.9  7.30  236.7  7.30  236.7  7.28  5250  5180 1.000  46.9  17734 006F
26.08.2022 12:42:24  *01n 20 100TL 4  430.1  7.93  3413  460.6  3.83  1765  235.8  7.38  236.6  7.37  236.6  7.32  5178  5188 1.000  46.9  17764 2552
26.08.2022 12:42:44  *01n 20 100TL 4  433.8  7.93  3440  457.0  3.87  1771  236.1  7.42  235.7  7.42  237.2  7.37  5212  5221 1.000  46.9  17791 5130
26.08.2022 12:43:04  *01n 20 100TL 4  434.0  8.23  3575  463.8  3.86  1795  236.7  7.37  236.1  7.37  236.8  7.37  5371  5229 1.000  46.9  17820 CAB5
26.08.2022 12:43:24  *01n 20 100TL 4  429.7  7.98  3430  460.5  3.83  1765  236.3  7.46  237.0  7.46  236.8  7.41  5195  5233 1.000  46.9  17849 7FE1
26.08.2022 12:43:45  *01n 20 100TL 4  434.1  8.05  3495  459.8  3.91  1800  236.1  7.52  237.0  7.53  237.1  7.50  5296  5238 1.000  46.9  17879 565B
26.08.2022 12:44:05  *01n 20 100TL 4  429.7  8.16  3511  459.6  3.86  1776  236.3  7.44  235.8  7.44  237.2  7.39  5287  5224 1.000  46.9  17909 5C63
26.08.2022 12:44:25  *01n 20 100TL 4  433.9  8.13  3532  455.6  3.92  1789  236.3  7.53  236.7  7.53  237.2  7.50  5322  5229 1.000  46.9  17938 49E3
26.08.2022 12:44:45  *01n 20 100TL 4  429.8  8.21  3532  458.5  3.95  1815  236.2  7.41  237.0  7.41  237.1  7.36  5348  5229 1.000  46.9  17966 BCD7
26.08.2022 12:45:05  *01n 20 100TL 4  434.0  7.92  3442  460.7  3.85  1774  236.4  7.47  237.1  7.47  237.2  7.45  5217  5235 1.000  47.0  17995 92D9
26.08.2022 12:45:25  *01n 20 100TL 4  429.4  8.13  3492  455.6  3.85  1754  236.6  7.43  235.7  7.45  237.6  7.38  5247  5220 1.000  47.0  18024 4BD4
26.08.2022 12:45:45  *01n 20 100TL 4  429.4  8.14  3500  455.5  3.93  1789  236.4  7.27  236.0  7.27  237.1  7.25  5290  5203 1.000  47.0  18054 616F
26.08.2022 12:46:05  *01n 20 100TL 4  433.7  7.85  3408  454.8  3.86  1757  236.1  7.42  236.9  7.42  237.0  7.37  5166  5207 1.000  47.0  18083 E38A
26.08.2022 12:46:25  *01n 20 100TL 4  433.6  8.13  3526  450.5  3.91  1763  236.4  7.26  236.4  7.24  237.3  7.22  5290  5194 1.000  47.0  18112 51C4
26.08.2022 12:46:45  *01n 20 100TL 4  429.4  8.14  3497  459.6  3.88  1786  236.3  7.44  236.1  7.43  237.2  7.43  5284  5203 1.000  47.0  18141 4D66
26.08.2022 12:47:05  *01n 20 100TL 4  429.3  7.97  3425  458.9  3.83  1759  236.0  7.40  236.4  7.41  236.9  7.36  5185  5195 1.000  47.0  18168 7C5D
26.08.2022 12:47:25  *01n 20 100TL 4  428.9  8.05  3457  455.1  3.93  1791  236.1  7.34  236.8  7.33  237.1  7.32  5249  5189 1.000  47.0  18199 8C86
26.08.2022 12:47:45  *01n 20 100TL 4  429.0  8.14  3495  455.1  3.86  1759  236.4  7.31  236.5  7.29  237.2  7.27  5255  5185 1.000  47.0  18228 A8C8
26.08.2022 12:48:05  *01n 20 100TL 4  433.5  8.12  3523  454.7  3.95  1799  236.3  7.20  237.4  7.22  237.3  7.15  5322  5180 1.000  47.0  18256 A445
26.08.2022 12:48:25  *01n 20 100TL 4  424.7  8.06  3424  454.6  3.87  1762  236.6  7.27  236.7  7.28  237.3  7.25  5186  5156 1.000  47.0  18285 F1ED
26.08.2022 12:48:45  *01n 20 100TL 4  424.7  8.03  3413  459.2  3.77  1733  236.2  7.31  237.2  7.32  237.1  7.27  5146  5127 1.000  47.0  18314 2614
26.08.2022 12:49:05  *01n 20 100TL 4  433.2  7.92  3436  454.2  3.80  1727  236.6  7.30  236.3  7.31  237.1  7.25  5163  5116 1.000  47.0  18344 3149
26.08.2022 12:49:25  *01n 20 100TL 4  432.9  7.74  3353  459.2  3.73  1716  236.3  7.22  236.8  7.23  236.9  7.18  5070  5116 1.000  47.0  18371 84D1
26.08.2022 12:49:45  *01n 20 100TL 4  433.3  7.89  3419  459.3  3.83  1762  236.5  7.34  236.5  7.34  237.1  7.33  5181  5120 1.000  47.0  18399 E50F
26.08.2022 12:50:05  *01n 20 100TL 4  428.9  8.06  3459  450.0  3.88  1748  236.3  7.27  237.1  7.30  237.0  7.23  5207  5136 1.000  47.0  18427 820C
26.08.2022 12:50:26  *01n 20 100TL 4  433.0  7.88  3413  459.0  3.73  1713  236.3  7.36  236.6  7.35  237.2  7.32  5127  5165 1.000  47.0  18456 3E8D
26.08.2022 12:50:45  *01n 20 100TL 4  428.3  8.05  3448  458.9  3.89  1786  236.4  7.37  236.6  7.37  237.2  7.35  5235  5181 1.000  47.1  18486 58DE
26.08.2022 12:51:06  *01n 20 100TL 4  432.0  7.94  3431  454.4  3.82  1736  236.5  7.45  236.6  7.44  237.3  7.44  5168  5195 1.000  47.1  18515 F984
26.08.2022 12:51:26  *01n 20 100TL 4  433.0  8.17  3541  449.5  3.95  1777  236.5  7.26  237.3  7.26  237.3  7.23  5319  5192 1.000  47.1  18542 A42B
26.08.2022 12:51:46  *01n 20 100TL 4  428.2  8.13  3485  449.7  3.94  1777  236.8  7.25  236.8  7.25  237.3  7.21  5262  5204 1.000  47.1  18571 CB73
26.08.2022 12:52:06  *01n 20 100TL 4  424.2  8.19  3477  454.1  3.97  1803  236.7  7.43  237.0  7.44  237.6  7.39  5281  5201 1.000  47.1  18600 9C89
26.08.2022 12:52:26  *01n 20 100TL 4  424.4  8.12  3450  458.5  3.79  1738  236.8  7.37  237.1  7.39  237.7  7.33  5188  5197 1.000  47.1  18629 8EE6
26.08.2022 12:52:46  *01n 20 100TL 4  429.1  8.10  3477  458.3  3.84  1760  236.6  7.22  237.4  7.22  237.5  7.18  5238  5195 1.000  47.1  18659 E9FC
26.08.2022 12:53:06  *01n 20 100TL 4  429.6  8.05  3462  458.3  3.90  1791  236.9  7.47  236.6  7.47  237.5  7.44  5253  5200 1.000  47.1  18688 0767
26.08.2022 12:53:26  *01n 20 100TL 4  429.8  8.16  3512  454.3  3.97  1803  236.9  7.35  236.8  7.37  237.6  7.30  5316  5183 1.000  47.1  18717 D7DE
26.08.2022 12:53:46  *01n 20 100TL 4  423.9  8.20  3479  458.5  3.82  1750  236.8  7.44  237.0  7.45  237.7  7.40  5229  5168 1.000  47.1  18745 6739
26.08.2022 12:54:06  *01n 20 100TL 4  424.1  8.19  3472  458.4  3.84  1762  236.5  7.19  237.5  7.19  237.4  7.17  5235  5157 1.000  47.1  18773 1D0F
26.08.2022 12:54:26  *01n 20 100TL 4  427.4  8.02  3428  449.2  3.93  1768  236.5  7.15  236.7  7.15  237.1  7.12  5197  5128 1.000  47.1  18803 C447
26.08.2022 12:54:46  *01n 20 100TL 4  420.6  8.24  3466  458.1  3.87  1776  236.5  7.36  237.0  7.37  237.5  7.34  5243  5128 1.000  47.1  18832 808C
26.08.2022 12:55:06  *01n 20 100TL 4  422.6  8.31  3514  449.7  3.91  1759  236.5  7.37  236.9  7.38  237.2  7.36  5273  5152 1.000  47.1  18860 A2B1
26.08.2022 12:55:26  *01n 20 100TL 4  429.7  8.15  3504  454.6  3.94  1794  236.3  7.35  237.2  7.35  237.1  7.29  5299  5159 1.000  47.1  18889 383D
26.08.2022 12:55:46  *01n 20 100TL 4  429.6  7.98  3431  456.3  3.88  1773  236.8  7.31  236.2  7.32  237.6  7.26  5204  5130 1.000  47.1  18918 9F5C
26.08.2022 12:56:06  *01n 20 100TL 4  427.2  7.95  3399  462.3  3.73  1730  236.4  7.11  236.7  7.11  237.2  7.07  5130  5078 1.000  47.1  18946 8332
26.08.2022 12:56:26  *01n 20 100TL 4  426.9  7.79  3327  458.3  3.65  1675  236.5  7.27  236.6  7.24  237.3  7.23  5003  5047 1.000  47.1  18974 F925
26.08.2022 12:56:46  *01n 20 100TL 4  426.4  7.93  3384  453.5  3.85  1748  236.6  7.07  237.4  7.05  237.4  7.03  5133  5070 1.000  47.1  19002 53C5
26.08.2022 12:57:06  *01n 20 100TL 4  424.6  7.80  3314  456.5  3.68  1683  236.4  6.92  236.3  6.92  237.2  6.88  4997  4965 1.000  47.1  19030 F3CC
26.08.2022 12:57:27  *01n 20 100TL 4  425.7  7.47  3184  454.5  3.51  1596  236.4  6.82  236.7  6.83  237.2  6.78  4780  4794 1.000  47.2  19057 4CF1
26.08.2022 12:57:46  *01n 20 100TL 4  424.9  6.69  2847  454.9  3.23  1470  236.7  6.18  236.4  6.19  237.6  6.14  4318  4353 1.000  47.2  19084 C6FA
26.08.2022 12:58:07  *01n 20 100TL 4  434.9  6.51  2835  457.7  3.21  1469  236.4  6.24  237.2  6.21  237.2  6.21  4304  4335 1.000  47.2  19107 25CC
26.08.2022 12:58:27  *01n 20 100TL 4  442.2  6.43  2847  457.9  3.14  1441  236.4  6.13  236.7  6.13  237.4  6.10  4289  4228 0.999c  47.2  19131 730F
26.08.2022 12:58:47  *01n 20 100TL 4  442.3  6.52  2887  452.2  3.19  1445  236.8  6.19  237.0  6.19  237.6  6.16  4332  4292 1.000  47.2  19154 1A6F
26.08.2022 12:59:07  *01n 20 100TL 4  441.8  6.09  2693  449.4  3.04  1368  236.7  5.79  236.9  5.81  237.4  5.75  4061  4084 1.000  47.2  19178 94C5
26.08.2022 12:59:27  *01n 20 100TL 4  441.7  5.96  2636  451.3  3.01  1359  236.5  5.67  237.1  5.66  237.2  5.64  3996  3913 1.000  47.2  19201 2BB6
26.08.2022 12:59:47  *01n 20 100TL 4  438.6  6.26  2751  463.2  2.94  1364  236.5  5.81  236.5  5.80  237.4  5.78  4115  4007 1.000  47.2  19223 102E
26.08.2022 13:00:07  *01n 20 100TL 4  451.8  5.94  2685  472.1  2.92  1382  236.2  5.76  236.4  5.74  237.1  5.73  4068  4100 1.000  47.2  19245 4A58
26.08.2022 13:00:27  *01n 20 100TL 4  442.9  6.21  2751  465.8  3.04  1419  236.1  5.63  236.5  5.61  237.0  5.58  4170  4042 1.000  47.2  19267 726E
26.08.2022 13:00:47  *01n 20 100TL 4  450.4  5.86  2642  449.1  2.62  1179  235.8  5.56  236.6  5.58  236.7  5.52  3822  3875 1.000  47.2  19289 FCD4
26.08.2022 13:01:07  *01n 20 100TL 4  450.8  6.14  2771  455.5  3.03  1383  235.9  5.89  235.8  5.88  236.6  5.87  4155  4074 1.000  47.2  19312 3332
26.08.2022 13:01:27  *01n 20 100TL 4  451.5  6.49  2929  451.8  3.37  1524  236.1  6.37  236.2  6.37  236.8  6.34  4454  4390 1.000  47.2  19335 D208
26.08.2022 13:01:47  *01n 20 100TL 4  446.3  6.97  3111  451.3  3.55  1603  236.0  6.57  236.7  6.57  236.7  6.51  4715  4603 1.000  47.2  19360 0B8E
26.08.2022 13:02:07  *01n 20 100TL 4  446.0  6.82  3045  451.9  3.33  1510  235.8  6.16  236.7  6.16  236.5  6.11  4556  4426 1.000  47.2  19385 2CE8
26.08.2022 13:02:27  *01n 20 100TL 4  446.2  5.96  2661  451.6  2.99  1350  235.7  5.84  236.1  5.83  236.8  5.81  4011  4042 1.000  47.2  19409 BA6F
26.08.2022 13:02:47  *01n 20 100TL 4  455.1  5.99  2726  458.3  3.07  1411  235.9  5.59  236.4  5.58  236.9  5.55  4138  4003 1.000  47.1  19431 6FE3
26.08.2022 13:03:07  *01n 20 100TL 4  451.6  6.45  2915  460.1  3.32  1528  236.2  6.10  236.3  6.07  236.9  6.05  4444  4344 1.000  47.2  19454 1DA0
26.08.2022 13:03:27  *01n 20 100TL 4  446.4  7.48  3341  456.4  3.66  1673  236.2  7.15  237.2  7.15  237.2  7.12  5015  4948 1.000  47.1  19480 7D8F
26.08.2022 13:03:48  *01n 20 100TL 4  446.8  7.63  3408  460.4  3.82  1760  237.0  7.17  236.5  7.17  236.9  7.15  5169  5094 1.000  47.1  19508 FFA4
26.08.2022 13:04:08  *01n 20 100TL 4  437.6  7.80  3416  469.3  3.72  1747  236.6  7.17  236.8  7.16  237.4  7.13  5163  5110 1.000  47.1  19536 6CE6
26.08.2022 13:04:27  *01n 20 100TL 4  432.9  7.96  3447  464.8  3.70  1722  236.3  7.11  237.3  7.12  237.2  7.08  5169  5122 1.000  47.1  19566 B075
26.08.2022 13:04:48  *01n 20 100TL 4  441.9  7.88  3486  464.9  3.78  1757  236.7  7.29  237.2  7.31  237.2  7.23  5244  5111 1.000  47.1  19594 3ECD
26.08.2022 13:05:08  *01n 20 100TL 4  437.1  7.75  3390  464.0  3.73  1731  236.7  7.26  236.7  7.25  237.3  7.24  5122  5148 1.000  47.1  19621 14C9
26.08.2022 13:05:28  *01n 20 100TL 4  441.8  7.81  3453  459.5  3.89  1791  236.5  7.36  236.6  7.36  237.1  7.31  5244  5177 1.000  47.1  19650 4DDB
26.08.2022 13:05:48  *01n 20 100TL 4  437.1  8.14  3559  455.6  3.91  1786  236.6  7.42  237.5  7.44  237.1  7.37  5346  5218 1.000  47.1  19679 E8DD
26.08.2022 13:06:08  *01n 20 100TL 4  432.7  8.06  3489  464.4  3.80  1768  236.4  7.40  237.5  7.40  237.1  7.37  5258  5212 1.000  47.1  19709 B496
26.08.2022 13:06:28  *01n 20 100TL 4  432.6  7.90  3421  455.0  3.88  1766  236.6  7.29  237.0  7.26  237.3  7.23  5188  5236 1.000  47.1  19738 4602
26.08.2022 13:06:48  *01n 20 100TL 4  437.1  8.18  3575  464.4  3.86  1794  236.4  7.45  236.9  7.45  237.1  7.42  5369  5244 1.000  47.1  19767 2B88
26.08.2022 13:07:08  *01n 20 100TL 4  432.6  8.20  3552  455.8  3.90  1779  236.3  7.58  237.0  7.58  236.8  7.54  5331  5264 1.000  47.1  19795 1798
26.08.2022 13:07:28  *01n 20 100TL 4  432.6  8.23  3562  459.2  4.00  1838  236.5  7.45  237.5  7.43  237.4  7.42  5401  5259 1.000  47.1  19824 2C2C
26.08.2022 13:07:48  *01n 20 100TL 4  428.2  8.19  3509  455.2  3.98  1815  236.6  7.36  236.8  7.35  237.2  7.32  5325  5244 1.000  47.1  19855 09EF
26.08.2022 13:08:08  *01n 20 100TL 4  436.9  7.91  3460  459.6  3.81  1754  236.5  7.31  236.7  7.31  237.3  7.28  5215  5233 1.000  47.1  19884 14DB
26.08.2022 13:08:28  *01n 20 100TL 4  428.3  8.22  3523  459.6  3.85  1773  236.8  7.28  237.5  7.28  237.2  7.24  5296  5232 1.000  47.1  19913 875F
26.08.2022 13:08:48  *01n 20 100TL 4  431.8  8.15  3523  459.6  3.95  1815  236.5  7.41  237.3  7.40  237.0  7.39  5339  5233 1.000  47.1  19942 BF61
26.08.2022 13:09:08  *01n 20 100TL 4  429.1  8.02  3445  459.2  3.78  1736  236.8  7.45  236.8  7.46  237.2  7.39  5181  5220 1.000  47.1  19971 9BDA
26.08.2022 13:09:28  *01n 20 100TL 4  432.2  7.98  3451  459.3  3.75  1724  236.2  7.43  236.6  7.45  237.0  7.38  5175  5214 1.000  47.1  20000 8723
26.08.2022 13:09:48  *01n 20 100TL 4  432.2  8.17  3533  463.9  3.82  1776  237.0  7.39  237.0  7.39  236.7  7.34  5310  5210 1.000  47.1  20029 22A9
26.08.2022 13:10:09  *01n 20 100TL 4  436.4  7.93  3465  459.1  3.91  1797  236.6  7.42  237.5  7.42  237.2  7.37  5262  5214 1.000  47.1  20058 C876
26.08.2022 13:10:29  *01n 20 100TL 4  427.5  8.27  3538  463.9  3.88  1800  236.7  7.46  237.0  7.45  237.4  7.44  5339  5220 1.000  47.1  20087 2083
26.08.2022 13:10:48  *01n 20 100TL 4  431.0  8.14  3509  459.4  3.86  1776  236.8  7.47  237.1  7.47  237.5  7.45  5285  5220 1.000  47.2  20116 F917
26.08.2022 13:11:09  *01n 20 100TL 4  430.4  8.13  3503  454.6  3.99  1817  236.7  7.29  237.5  7.29  237.2  7.26  5320  5204 1.000  47.2  20146 CBE5
26.08.2022 13:11:29  *01n 20 100TL 4  433.7  7.91  3434  463.0  3.76  1745  236.4  7.27  237.1  7.26  237.1  7.25  5180  5201 1.000  47.2  20175 B57F
26.08.2022 13:11:49  *01n 20 100TL 4  436.2  8.02  3501  459.1  3.83  1762  236.4  7.47  236.5  7.46  237.2  7.45  5264  5198 1.000  47.2  20203 4FAF
26.08.2022 13:12:09  *01n 20 100TL 4  427.7  8.21  3514  454.3  3.89  1768  236.5  7.37  236.4  7.38  237.1  7.32  5282  5185 1.000  47.2  20232 6C5F
26.08.2022 13:12:29  *01n 20 100TL 4  430.8  8.02  3456  458.9  3.89  1788  236.4  7.45  236.9  7.45  237.0  7.44  5244  5198 1.000  47.2  20261 6591
26.08.2022 13:12:49  *01n 20 100TL 4  430.4  8.16  3512  463.6  3.91  1817  236.4  7.41  236.6  7.42  236.8  7.37  5329  5195 1.000  47.2  20291 3EED
26.08.2022 13:13:09  *01n 20 100TL 4  428.9  8.16  3503  458.5  3.84  1765  236.5  7.36  236.5  7.33  237.2  7.33  5268  5198 1.000  47.2  20320 CE5B
26.08.2022 13:13:29  *01n 20 100TL 4  429.6  7.97  3427  464.2  3.79  1765  236.3  7.49  236.5  7.49  237.1  7.47  5192  5218 1.000  47.2  20349 B7F2
26.08.2022 13:13:49  *01n 20 100TL 4  431.5  8.08  3489  458.6  3.94  1809  236.3  7.42  237.0  7.39  237.0  7.39  5299  5227 1.000  47.2  20376 2340
26.08.2022 13:14:09  *01n 20 100TL 4  431.3  8.22  3546  453.9  3.94  1791  236.2  7.41  236.6  7.43  236.8  7.38  5337  5218 1.000  47.2  20405 FAB8
26.08.2022 13:14:29  *01n 20 100TL 4  427.6  8.31  3553  458.3  3.88  1782  236.1  7.40  236.0  7.39  237.0  7.37  5336  5210 1.000  47.2  20436 FE4F
26.08.2022 13:14:49  *01n 20 100TL 4  437.3  7.95  3480  467.7  3.84  1800  236.6  7.26  235.6  7.23  237.3  7.22  5281  5174 1.000  47.2  20464 6FAD
26.08.2022 13:15:09  *01n 20 100TL 4  433.1  8.20  3552  458.1  3.99  1831  236.3  7.43  236.9  7.44  236.9  7.37  5383  5227 1.000  47.2  20493 82F6
26.08.2022 13:15:29  *01n 20 100TL 4  429.3  8.04  3453  459.1  3.76  1730  236.6  7.50  236.4  7.50  237.3  7.48  5183  5232 1.000  47.2  20522 5EC4
26.08.2022 13:15:49  *01n 20 100TL 4  429.2  8.22  3527  455.3  3.99  1818  236.6  7.26  236.6  7.25  237.8  7.22  5346  5220 1.000  47.2  20551 1F4E
26.08.2022 13:16:09  *01n 20 100TL 4  427.4  8.15  3485  458.1  3.93  1805  236.7  7.41  236.7  7.41  237.3  7.38  5290  5229 1.000  47.2  20580 F651
26.08.2022 13:16:29  *01n 20 100TL 4  434.3  8.16  3546  458.3  3.91  1795  236.5  7.31  237.2  7.29  237.3  7.28  5342  5212 1.000  47.2  20609 C3DD
26.08.2022 13:16:50  *01n 20 100TL 4  432.5  8.15  3526  462.5  3.81  1765  236.5  7.48  237.3  7.47  237.2  7.47  5291  5214 1.000  47.2  20638 92D6
26.08.2022 13:17:10  *01n 20 100TL 4  433.5  7.84  3401  462.1  3.78  1751  236.9  7.40  236.9  7.40  237.7  7.35  5152  5189 1.000  47.2  20667 8CF6
26.08.2022 13:17:30  *01n 20 100TL 4  428.4  8.16  3500  463.3  3.85  1783  236.7  7.28  236.8  7.27  237.6  7.25  5284  5171 1.000  47.2  20696 DCA9
26.08.2022 13:17:50  *01n 20 100TL 4  428.6  8.14  3492  460.9  3.79  1747  236.6  7.37  237.3  7.35  237.4  7.34  5239  5140 1.000  47.2  20726 8FCD
26.08.2022 13:18:10  *01n 20 100TL 4  428.9  7.89  3387  459.8  3.74  1719  236.6  7.12  237.3  7.12  237.7  7.11  5107  5111 1.000  47.2  20755 B18C
26.08.2022 13:18:30  *01n 20 100TL 4  429.5  8.07  3468  458.0  3.92  1795  236.7  7.19  236.6  7.16  237.8  7.15  5264  5133 1.000  47.2  20782 2AEB
26.08.2022 13:18:50  *01n 20 100TL 4  429.1  8.05  3456  457.8  3.90  1786  236.7  7.32  236.8  7.30  237.5  7.29  5243  5169 1.000  47.2  20810 CB50
26.08.2022 13:19:10  *01n 20 100TL 4  428.0  8.04  3443  461.2  3.73  1721  236.6  7.35  237.3  7.37  237.4  7.31  5165  5177 1.000  47.3  20839 BBDE
26.08.2022 13:19:30  *01n 20 100TL 4  424.7  8.10  3442  461.1  3.83  1770  236.7  7.18  237.2  7.17  237.3  7.13  5212  5165 1.000  47.3  20869 6557
26.08.2022 13:19:50  *01n 20 100TL 4  428.6  7.97  3418  460.7  3.83  1768  236.6  7.19  236.7  7.19  237.6  7.15  5186  5151 1.000  47.3  20898 5D1C
26.08.2022 13:20:10  *01n 20 100TL 4  428.3  7.95  3410  460.4  3.71  1709  237.3  7.04  237.0  7.03  237.2  7.00  5119  5055 1.000  47.3  20926 765A
26.08.2022 13:20:30  *01n 20 100TL 4  431.3  7.63  3294  457.1  3.59  1643  236.7  6.94  237.6  6.93  237.5  6.90  4937  4968 1.000  47.3  20953 6852
26.08.2022 13:20:50  *01n 20 100TL 4  433.4  7.55  3274  462.3  3.60  1666  236.7  6.90  237.6  6.90  237.4  6.87  4940  4882 1.000  47.3  20980 D8ED
26.08.2022 13:21:10  *01n 20 100TL 4  432.3  7.51  3250  456.2  3.67  1676  236.6  6.83  236.6  6.84  237.5  6.80  4927  4898 1.000  47.3  21009 615E
26.08.2022 13:21:30  *01n 20 100TL 4  432.6  7.68  3323  455.8  3.64  1663  236.7  7.10  236.8  7.09  237.7  7.05  4986  4995 1.000  47.3  21036 76FF
26.08.2022 13:21:50  *01n 20 100TL 4  427.9  7.89  3378  459.9  3.70  1704  236.8  7.19  237.4  7.20  237.4  7.15  5082  5119 1.000  47.3  21064 DEEF
26.08.2022 13:22:10  *01n 20 100TL 4  432.4  7.94  3436  459.1  3.86  1776  236.7  7.28  237.4  7.27  237.6  7.23  5212  5127 1.000  47.3  21093 85D8
26.08.2022 13:22:30  *01n 20 100TL 4  427.8  7.98  3414  455.0  3.87  1760  237.4  7.11  236.6  7.11  237.4  7.07  5175  5122 1.000  47.3  21121 F61C
26.08.2022 13:22:50  *01n 20 100TL 4  428.5  8.09  3466  457.6  3.83  1751  236.7  7.28  237.1  7.28  237.6  7.21  5218  5125 1.000  47.3  21150 B97D
26.08.2022 13:23:11  *01n 20 100TL 4  424.2  8.14  3454  458.2  3.80  1742  236.9  7.13  237.4  7.11  237.5  7.08  5197  5125 1.000  47.3  21178 50D9
26.08.2022 13:23:30  *01n 20 100TL 4  428.0  7.99  3422  463.3  3.82  1770  236.6  7.18  237.4  7.18  237.4  7.15  5192  5128 1.000  47.3  21207 DF47
26.08.2022 13:23:51  *01n 20 100TL 4  427.6  8.06  3448  459.7  3.79  1742  236.9  7.31  237.1  7.29  237.8  7.28  5191  5134 1.000  47.3  21235 68C9
26.08.2022 13:24:11  *01n 20 100TL 4  431.9  7.85  3392  458.6  3.70  1699  237.0  7.31  237.0  7.30  237.7  7.25  5091  5136 1.000  47.3  21264 AC10
26.08.2022 13:24:31  *01n 20 100TL 4  427.5  7.98  3414  454.7  3.89  1768  236.6  7.14  237.5  7.12  237.2  7.10  5183  5134 1.000  47.3  21294 251B
26.08.2022 13:24:51  *01n 20 100TL 4  427.5  7.90  3379  454.5  3.76  1713  236.7  7.30  237.6  7.31  237.5  7.25  5093  5134 1.000  47.3  21322 13AD
26.08.2022 13:25:11  *01n 20 100TL 4  427.8  8.17  3497  455.9  3.86  1763  236.9  7.18  236.6  7.18  237.7  7.15  5261  5134 1.000  47.3  21349 EA18
26.08.2022 13:25:31  *01n 20 100TL 4  427.3  8.05  3443  458.2  3.83  1754  236.7  7.41  237.2  7.41  237.5  7.38  5198  5146 1.000  47.3  21378 7F57
26.08.2022 13:25:51  *01n 20 100TL 4  427.4  8.08  3456  458.3  3.88  1780  237.4  7.37  236.9  7.36  237.0  7.34  5236  5143 1.000  47.3  21406 13AF
26.08.2022 13:26:11  *01n 20 100TL 4  427.4  7.65  3273  454.4  3.68  1673  236.7  7.05  236.7  7.01  237.1  7.04  4946  4994 1.000  47.3  21436 A72C
26.08.2022 13:26:31  *01n 20 100TL 4  426.9  7.43  3173  454.1  3.49  1586  236.5  6.76  236.2  6.77  237.6  6.71  4760  4736 1.000  47.3  21463 2339
26.08.2022 13:26:51  *01n 20 100TL 4  431.7  7.33  3164  454.2  3.59  1634  236.5  6.68  236.7  6.69  237.8  6.64  4798  4698 1.000  47.4  21489 733C
26.08.2022 13:27:11  *01n 20 100TL 4  439.8  6.97  3070  444.9  3.50  1557  236.4  6.67  237.5  6.67  237.5  6.66  4628  4658 1.000  47.4  21516 CD86
26.08.2022 13:27:31  *01n 20 100TL 4  440.4  6.95  3062  445.7  3.49  1556  237.1  6.54  237.1  6.53  236.9  6.51  4618  4518 1.000  47.4  21540 7224
26.08.2022 13:27:51  *01n 20 100TL 4  448.5  6.87  3082  453.6  3.41  1551  236.4  6.24  236.2  6.23  237.8  6.20  4634  4487 1.000  47.4  21566 476F
26.08.2022 13:28:11  *01n 20 100TL 4  443.9  7.01  3115  449.6  3.55  1597  236.4  6.49  236.7  6.48  237.3  6.45  4713  4644 1.000  47.4  21592 D68F
26.08.2022 13:28:31  *01n 20 100TL 4  435.3  6.87  2995  445.4  3.40  1515  236.4  6.41  237.3  6.42  237.3  6.40  4510  4473 1.000  47.4  21617 4819
26.08.2022 13:28:51  *01n 20 100TL 4  432.2  7.66  3314  440.8  3.67  1620  236.4  6.67  237.3  6.67  237.6  6.63  4934  4785 1.000  47.4  21642 8C01
26.08.2022 13:29:11  *01n 20 100TL 4  435.1  7.46  3245  449.2  3.70  1663  236.5  6.91  236.2  6.89  237.5  6.88  4908  4872 1.000  47.4  21669 BB20
26.08.2022 13:29:31  *01n 20 100TL 4  431.2  7.20  3103  452.5  3.53  1600  236.7  6.73  237.0  6.74  237.5  6.69  4704  4734 1.000  47.3  21695 4597
26.08.2022 13:29:52  *01n 20 100TL 4  430.9  6.66  2874  452.7  3.21  1454  236.3  6.20  237.1  6.19  237.3  6.15  4328  4345 1.000  47.4  21721 86C0
26.08.2022 13:30:12  *01n 20 100TL 4  426.7  6.90  2949  458.8  3.20  1470  236.5  6.21  237.4  6.21  237.3  6.15  4420  4357 1.000  47.4  21745 6E53
26.08.2022 13:30:32  *01n 20 100TL 4  431.2  6.62  2856  454.0  3.18  1445  236.9  6.03  236.2  6.01  237.6  5.99  4301  4190 1.000  47.4  21769 F5CE
26.08.2022 13:30:52  *01n 20 100TL 4  427.6  7.09  3035  453.6  3.43  1560  236.7  6.50  237.2  6.52  237.6  6.46  4596  4554 1.000  47.4  21793 8B73
26.08.2022 13:31:12  *01n 20 100TL 4  444.0  7.33  3257  449.1  3.65  1643  236.7  6.85  237.6  6.84  237.5  6.82  4901  4831 0.999c  47.3  21820 2398
26.08.2022 13:31:32  *01n 20 100TL 4  439.8  7.50  3300  457.8  3.60  1649  236.7  6.94  237.6  6.95  237.5  6.89  4950  4885 1.000  47.3  21847 1EF7
26.08.2022 13:31:52  *01n 20 100TL 4  434.8  7.50  3263  453.9  3.68  1672  236.8  6.84  237.0  6.83  237.7  6.81  4936  4888 1.000  47.4  21873 BACE
26.08.2022 13:32:12  *01n 20 100TL 4  435.1  7.69  3350  461.8  3.73  1725  236.6  6.88  236.6  6.85  237.6  6.83  5076  4945 1.000  47.4  21900 3AF0
26.08.2022 13:32:32  *01n 20 100TL 4  430.5  7.88  3395  466.4  3.63  1695  236.9  7.09  237.5  7.11  237.4  7.04  5090  4989 1.000  47.4  21928 16B9
26.08.2022 13:32:52  *01n 20 100TL 4  434.8  7.82  3401  462.5  3.73  1727  236.6  7.04  237.7  7.02  237.3  7.01  5128  4997 1.000  47.4  21957 516E
26.08.2022 13:33:12  *01n 20 100TL 4  430.3  7.46  3215  462.1  3.58  1658  236.8  6.89  236.9  6.88  237.6  6.86  4873  4931 1.000  47.4  21985 1861
26.08.2022 13:33:32  *01n 20 100TL 4  435.1  7.49  3260  466.9  3.53  1652  236.5  6.93  236.9  6.93  237.3  6.91  4913  4798 1.000  47.4  22011 1FBD
26.08.2022 13:33:52  *01n 20 100TL 4  430.3  7.63  3288  457.5  3.60  1649  236.2  6.75  237.2  6.73  237.1  6.71  4937  4818 1.000  47.4  22038 52D1
26.08.2022 13:34:12  *01n 20 100TL 4  434.6  7.18  3125  457.1  3.48  1591  236.6  6.56  236.8  6.58  237.4  6.52  4716  4599 1.000  47.4  22063 0CCE
26.08.2022 13:34:32  *01n 20 100TL 4  426.3  7.03  2999  449.0  3.45  1548  236.5  6.47  237.0  6.47  237.6  6.45  4548  4486 1.000  47.4  22089 5E6D
26.08.2022 13:34:52  *01n 20 100TL 4  426.3  7.57  3228  448.3  3.60  1614  236.6  6.85  237.0  6.84  237.5  6.82  4843  4766 1.000  47.4  22115 35A8
26.08.2022 13:35:12  *01n 20 100TL 4  434.9  7.44  3241  462.1  3.56  1646  236.4  6.86  237.4  6.84  237.2  6.84  4887  4846 1.000  47.4  22142 DDF2
26.08.2022 13:35:32  *01n 20 100TL 4  423.5  7.47  3166  466.4  3.45  1609  236.5  6.91  236.8  6.90  237.5  6.89  4776  4831 1.000  47.3  22169 B4A5
26.08.2022 13:35:52  *01n 20 100TL 4  430.3  7.67  3302  466.5  3.62  1692  236.8  7.02  236.9  7.02  237.4  6.99  4994  5021 1.000  47.4  22196 B241
26.08.2022 13:36:12  *01n 20 100TL 4  426.5  7.74  3303  461.6  3.57  1649  236.9  6.95  236.3  6.93  237.8  6.93  4953  4975 1.000  47.4  22225 3895
26.08.2022 13:36:33  *01n 20 100TL 4  430.1  7.76  3340  456.9  3.64  1664  236.6  6.87  237.4  6.85  237.3  6.82  5004  4945 1.000  47.4  22252 BAB0
26.08.2022 13:36:52  *01n 20 100TL 4  438.5  7.42  3256  461.4  3.61  1667  236.8  7.01  237.1  6.99  237.6  7.00  4924  4954 1.000  47.4  22279 91C1
26.08.2022 13:37:13  *01n 20 100TL 4  438.5  7.35  3225  461.3  3.61  1666  236.5  6.86  236.9  6.86  237.4  6.82  4892  4866 1.000  47.4  22306 AAF5
26.08.2022 13:37:33  *01n 20 100TL 4  434.3  7.59  3295  461.5  3.56  1644  236.7  6.84  236.9  6.86  237.5  6.79  4940  4818 1.000  47.4  22333 FFCB
26.08.2022 13:37:53  *01n 20 100TL 4  434.8  7.50  3262  461.3  3.61  1667  236.5  6.81  237.3  6.81  237.4  6.78  4930  4876 1.000  47.4  22362 78A2
26.08.2022 13:38:13  *01n 20 100TL 4  432.7  7.46  3230  456.9  3.64  1667  236.6  6.97  236.8  6.95  237.4  6.94  4898  4853 1.000  47.4  22389 BCD4
26.08.2022 13:38:33  *01n 20 100TL 4  438.5  7.28  3193  456.7  3.58  1637  237.0  6.93  237.1  6.90  237.8  6.90  4831  4850 1.000  47.4  22414 2E9F
26.08.2022 13:38:53  *01n 20 100TL 4  429.8  7.65  3289  456.8  3.62  1657  236.8  6.96  237.6  6.97  237.4  6.91  4946  4885 1.000  47.4  22441 A1DB
26.08.2022 13:39:13  *01n 20 100TL 4  429.6  7.51  3231  461.3  3.59  1660  236.8  7.03  237.6  7.02  237.4  7.01  4892  4930 1.000  47.4  22469 0277
26.08.2022 13:39:33  *01n 20 100TL 4  434.0  7.44  3228  456.7  3.60  1647  236.7  7.08  237.4  7.07  237.3  7.04  4876  4917 1.000  47.4  22497 AA51
26.08.2022 13:39:53  *01n 20 100TL 4  433.9  7.62  3305  456.6  3.61  1649  236.7  6.94  237.2  6.91  237.2  6.92  4954  4902 1.000  47.4  22525 AB86
26.08.2022 13:40:13  *01n 20 100TL 4  437.3  7.32  3201  461.1  3.57  1644  237.4  6.96  236.6  6.95  237.4  6.90  4846  4887 1.000  47.4  22552 9296
26.08.2022 13:40:33  *01n 20 100TL 4  435.3  7.41  3227  461.0  3.62  1672  236.8  6.95  237.5  6.93  237.4  6.93  4899  4913 1.000  47.4  22579 67F1
26.08.2022 13:40:53  *01n 20 100TL 4  436.3  7.50  3274  460.5  3.57  1647  236.7  7.08  237.6  7.07  237.4  7.05  4922  4937 1.000  47.4  22606 BAFD
26.08.2022 13:41:13  *01n 20 100TL 4  437.9  7.61  3335  461.0  3.62  1672  236.9  6.86  237.5  6.84  237.4  6.82  5008  4928 1.000  47.4  22634 CE1E
26.08.2022 13:41:33  *01n 20 100TL 4  433.6  7.71  3346  460.9  3.71  1713  236.5  6.81  237.3  6.80  237.1  6.76  5059  4905 1.000  47.3  22661 8355
26.08.2022 13:41:53  *01n 20 100TL 4  433.8  7.34  3189  456.1  3.61  1647  236.6  6.98  237.2  6.98  236.9  6.92  4837  4882 1.000  47.4  22688 BB11
26.08.2022 13:42:13  *01n 20 100TL 4  434.8  7.52  3270  465.2  3.54  1649  236.4  6.88  237.4  6.88  237.1  6.85  4919  4867 1.000  47.4  22715 1E07
26.08.2022 13:42:33  *01n 20 100TL 4  436.1  7.58  3309  461.1  3.64  1680  236.6  6.88  237.3  6.85  237.0  6.85  4989  4853 1.000  47.4  22742 540F
26.08.2022 13:42:54  *01n 20 100TL 4  436.1  7.52  3280  464.2  3.66  1701  236.5  6.90  237.4  6.88  237.0  6.86  4982  4841 1.000  47.4  22771 9898
26.08.2022 13:43:14  *01n 20 100TL 4  433.6  7.50  3254  460.7  3.63  1675  236.7  6.78  237.6  6.75  237.4  6.74  4930  4827 1.000  47.4  22796 4F3A
26.08.2022 13:43:34  *01n 20 100TL 4  437.9  7.50  3285  465.3  3.52  1641  236.8  6.98  237.6  6.99  237.5  6.95  4927  4858 1.000  47.4  22823 5419
26.08.2022 13:43:54  *01n 20 100TL 4  437.4  7.39  3236  465.1  3.49  1626  236.9  6.88  237.7  6.86  237.6  6.86  4863  4878 1.000  47.4  22850 ACF3
26.08.2022 13:44:14  *01n 20 100TL 4  438.7  7.44  3265  460.5  3.66  1689  236.7  6.90  237.6  6.90  237.5  6.88  4954  4875 1.000  47.4  22877 1F22
26.08.2022 13:44:34  *01n 20 100TL 4  434.5  7.60  3305  464.7  3.64  1696  236.7  6.93  237.6  6.91  237.4  6.91  5001  4895 1.000  47.4  22905 63C4
26.08.2022 13:44:54  *01n 20 100TL 4  431.4  7.76  3349  469.2  3.60  1689  236.8  6.93  237.7  6.92  237.4  6.91  5038  4902 1.000  47.4  22933 C635
26.08.2022 13:45:14  *01n 20 100TL 4  434.8  7.53  3276  470.7  3.59  1690  236.7  6.96  237.7  6.97  237.5  6.91  4966  4895 1.000  47.4  22960 04DD
26.08.2022 13:45:34  *01n 20 100TL 4  433.1  7.66  3318  469.5  3.64  1712  236.9  6.95  237.6  6.93  237.6  6.92  5030  4904 1.000  47.4  22986 38DE
26.08.2022 13:45:54  *01n 20 100TL 4  437.7  7.53  3297  464.6  3.58  1664  237.0  7.00  237.8  7.00  237.7  6.97  4962  4905 1.000  47.4  23013 656F
26.08.2022 13:46:14  *01n 20 100TL 4  438.4  7.35  3225  460.0  3.50  1612  236.9  7.02  237.8  7.01  237.7  7.01  4838  4898 1.000  47.4  23042 DD2C
26.08.2022 13:46:34  *01n 20 100TL 4  431.5  7.57  3268  469.4  3.58  1681  236.8  6.93  237.7  6.94  237.5  6.88  4950  4887 1.000  47.4  23069 C784
26.08.2022 13:46:54  *01n 20 100TL 4  426.9  7.63  3259  459.7  3.61  1661  236.9  6.88  237.7  6.87  237.7  6.86  4921  4876 1.000  47.4  23096 CC9D
26.08.2022 13:47:14  *01n 20 100TL 4  435.2  7.64  3327  456.4  3.63  1658  236.7  6.78  237.6  6.78  237.4  6.73  4986  4867 1.000  47.4  23123 CED1
26.08.2022 13:47:34  *01n 20 100TL 4  434.6  7.62  3312  461.1  3.67  1696  236.7  6.91  237.6  6.89  237.4  6.88  5009  4869 1.000  47.4  23150 0728
26.08.2022 13:47:54  *01n 20 100TL 4  432.6  7.49  3242  459.9  3.64  1676  236.9  6.89  237.8  6.89  237.1  6.86  4919  4858 1.000  47.4  23177 7F11
26.08.2022 13:48:14  *01n 20 100TL 4  436.8  7.30  3190  459.5  3.52  1617  236.9  6.75  237.7  6.73  237.5  6.70  4808  4840 1.000  47.4  23204 1A76
26.08.2022 13:48:34  *01n 20 100TL 4  432.4  7.34  3178  464.2  3.45  1602  236.7  6.76  237.5  6.75  237.3  6.73  4780  4824 1.000  47.4  23231 24A9
26.08.2022 13:48:54  *01n 20 100TL 4  432.7  7.32  3167  468.7  3.40  1599  236.7  6.88  237.1  6.89  237.3  6.85  4766  4818 1.000  47.4  23258 4C9F
26.08.2022 13:49:14  *01n 20 100TL 4  433.3  7.42  3215  459.4  3.61  1661  236.7  6.71  237.6  6.69  237.4  6.66  4876  4803 1.000  47.4  23284 21A5
26.08.2022 13:49:35  *01n 20 100TL 4  433.6  7.33  3181  459.3  3.45  1585  236.6  6.83  237.8  6.85  237.4  6.79  4766  4800 1.000  47.4  23312 9A4C
26.08.2022 13:49:55  *01n 20 100TL 4  433.9  7.48  3248  459.4  3.61  1661  237.2  6.72  237.3  6.71  236.9  6.68  4910  4794 1.000  47.4  23339 2ECF
26.08.2022 13:50:15  *01n 20 100TL 4  432.3  7.43  3213  463.8  3.52  1632  236.5  6.66  237.5  6.65  237.3  6.62  4846  4795 1.000  47.4  23364 2E31
26.08.2022 13:50:35  *01n 20 100TL 4  432.2  7.33  3173  454.6  3.55  1615  236.8  6.82  237.5  6.82  237.5  6.78  4789  4798 1.000  47.4  23391 E065
26.08.2022 13:50:55  *01n 20 100TL 4  432.2  7.50  3242  454.7  3.55  1617  236.8  6.86  237.6  6.86  237.3  6.85  4859  4792 1.000  47.4  23418 0861
26.08.2022 13:51:15  *01n 20 100TL 4  432.1  7.42  3210  459.2  3.56  1637  236.8  6.79  237.7  6.82  237.8  6.74  4847  4789 1.000  47.4  23446 2A20
26.08.2022 13:51:35  *01n 20 100TL 4  432.2  7.23  3128  458.9  3.52  1615  236.9  6.75  237.7  6.73  237.7  6.74  4744  4794 1.000  47.4  23472 1C19
26.08.2022 13:51:55  *01n 20 100TL 4  436.3  7.32  3196  459.0  3.53  1623  236.7  6.90  238.0  6.90  237.7  6.87  4820  4795 1.000  47.4  23499 9D02
26.08.2022 13:52:15  *01n 20 100TL 4  432.3  7.61  3289  463.0  3.53  1634  236.6  6.78  237.5  6.76  237.6  6.75  4924  4795 1.000  47.4  23524 DFD8
26.08.2022 13:52:35  *01n 20 100TL 4  431.6  7.50  3241  462.8  3.50  1620  236.7  6.68  237.7  6.67  237.6  6.64  4861  4792 1.000  47.4  23551 D53B
26.08.2022 13:52:55  *01n 20 100TL 4  435.9  7.35  3205  464.0  3.57  1657  234.7  6.68  238.3  6.67  237.7  6.63  4863  4797 1.000  47.4  23579 29D5
26.08.2022 13:53:15  *01n 20 100TL 4  431.9  7.63  3297  459.3  3.63  1667  236.7  6.65  237.8  6.65  237.5  6.61  4965  4808 1.000  47.4  23605 C3E8
26.08.2022 13:53:35  *01n 20 100TL 4  431.7  7.35  3172  463.2  3.42  1588  237.0  6.81  237.8  6.79  237.7  6.79  4760  4821 1.000  47.4  23632 38D7
26.08.2022 13:53:55  *01n 20 100TL 4  431.6  7.61  3285  467.9  3.62  1698  236.8  6.68  237.6  6.68  237.8  6.65  4983  4829 1.000  47.4  23659 164B
26.08.2022 13:54:15  *01n 20 100TL 4  435.7  7.31  3187  467.7  3.45  1614  237.0  6.89  237.7  6.89  237.6  6.84  4802  4840 1.000  47.4  23686 A831
26.08.2022 13:54:35  *01n 20 100TL 4  431.8  7.51  3247  462.3  3.54  1640  237.1  6.86  238.3  6.83  237.4  6.82  4887  4838 1.000  47.4  23713 ABF2
26.08.2022 13:54:55  *01n 20 100TL 4  435.7  7.50  3268  459.3  3.58  1646  237.0  6.91  238.1  6.90  238.0  6.89  4914  4829 1.000  47.4  23740 363C
26.08.2022 13:55:15  *01n 20 100TL 4  431.5  7.35  3175  459.3  3.57  1644  237.1  6.80  238.2  6.82  237.9  6.77  4820  4815 1.000  47.4  23766 EDD2
26.08.2022 13:55:35  *01n 20 100TL 4  431.4  7.33  3166  462.6  3.48  1614  237.0  6.91  238.0  6.91  237.6  6.88  4780  4814 1.000  47.4  23793 C005
26.08.2022 13:55:56  *01n 20 100TL 4  431.6  7.59  3279  462.6  3.57  1652  236.9  6.72  237.9  6.70  237.4  6.70  4931  4802 1.000  47.4  23820 1B25
26.08.2022 13:56:16  *01n 20 100TL 4  431.4  7.54  3254  463.4  3.60  1670  236.9  6.66  237.8  6.64  237.5  6.62  4925  4791 1.000  47.4  23848 623A
26.08.2022 13:56:36  *01n 20 100TL 4  435.6  7.45  3248  458.5  3.64  1669  236.8  6.76  237.8  6.73  237.4  6.73  4917  4786 1.000  47.4  23874 074F
26.08.2022 13:56:56  *01n 20 100TL 4  432.0  7.38  3192  460.7  3.52  1622  237.0  6.80  237.9  6.81  237.6  6.75  4814  4773 1.000  47.4  23900 EA9F
26.08.2022 13:57:16  *01n 20 100TL 4  436.0  7.49  3266  465.2  3.50  1628  237.1  6.62  238.0  6.62  237.6  6.57  4895  4765 1.000  47.4  23926 4AC2
26.08.2022 13:57:36  *01n 20 100TL 4  430.4  7.43  3198  460.7  3.52  1623  237.3  6.81  238.2  6.82  237.9  6.80  4821  4760 1.000  47.4  23953 69BA
26.08.2022 13:57:56  *01n 20 100TL 4  431.4  7.50  3236  459.6  3.60  1657  237.0  6.85  237.9  6.86  237.7  6.81  4893  4762 1.000  47.4  23980 8342
26.08.2022 13:58:16  *01n 20 100TL 4  435.1  7.35  3201  456.8  3.51  1608  237.0  6.63  238.0  6.64  237.8  6.60  4809  4753 1.000  47.4  24007 D94F
26.08.2022 13:58:36  *01n 20 100TL 4  435.6  7.44  3241  463.8  3.53  1637  237.1  6.61  238.0  6.61  237.7  6.57  4878  4753 1.000  47.4  24033 1F1B
26.08.2022 13:58:56  *01n 20 100TL 4  433.1  7.47  3237  464.7  3.56  1657  237.1  6.70  238.0  6.68  237.8  6.68  4895  4753 1.000  47.4  24058 6BCF
26.08.2022 13:59:16  *01n 20 100TL 4  433.2  7.44  3225  464.7  3.54  1646  237.0  6.59  238.0  6.57  237.7  6.54  4872  4745 1.000  47.4  24085 FF79
26.08.2022 13:59:36  *01n 20 100TL 4  433.0  7.42  3215  464.7  3.44  1599  237.2  6.82  238.1  6.82  237.9  6.79  4814  4740 1.000  47.4  24112 C886
26.08.2022 13:59:56  *01n 20 100TL 4  437.3  7.22  3160  460.1  3.50  1612  238.3  6.55  237.9  6.53  236.9  6.51  4773  4731 1.000  47.4  24139 9D06
26.08.2022 14:00:16  *01n 20 100TL 4  428.6  7.38  3163  464.5  3.51  1631  237.1  6.70  238.0  6.72  237.6  6.65  4794  4724 1.000  47.4  24165 609F
26.08.2022 14:00:36  *01n 20 100TL 4  433.5  7.22  3132  459.6  3.42  1571  237.0  6.74  237.8  6.75  237.4  6.72  4704  4678 1.000  47.4  24191 E487
26.08.2022 14:00:56  *01n 20 100TL 4  438.4  7.13  3126  459.9  3.42  1574  237.0  6.68  237.8  6.68  237.5  6.64  4701  4638 1.000  47.4  24217 5314
26.08.2022 14:01:16  *01n 20 100TL 4  432.7  7.16  3097  460.0  3.41  1571  237.0  6.66  238.1  6.67  237.6  6.63  4669  4625 1.000  47.4  24243 0341
26.08.2022 14:01:36  *01n 20 100TL 4  436.9  7.05  3083  464.3  3.40  1579  236.9  6.59  237.8  6.61  237.7  6.56  4663  4634 1.000  47.4  24268 74AC
26.08.2022 14:01:56  *01n 20 100TL 4  432.3  7.25  3137  464.2  3.36  1562  237.0  6.45  237.6  6.44  237.3  6.42  4699  4628 0.999c  47.4  24294 E2A3
26.08.2022 14:02:16  *01n 20 100TL 4  436.1  7.05  3077  459.7  3.34  1539  237.1  6.51  238.1  6.52  237.4  6.46  4617  4576 1.000  47.4  24320 8BDE
26.08.2022 14:02:37  *01n 20 100TL 4  429.1  7.19  3088  454.8  3.48  1585  237.2  6.39  238.0  6.37  237.7  6.35  4673  4577 1.000  47.4  24345 E5F2
26.08.2022 14:02:57  *01n 20 100TL 4  429.4  6.86  2948  454.3  3.25  1480  237.1  6.39  237.9  6.40  237.9  6.34  4428  4487 1.000  47.4  24372 5EB7
26.08.2022 14:03:17  *01n 20 100TL 4  427.7  6.83  2925  455.0  3.28  1490  236.7  6.23  237.7  6.22  237.4  6.21  4415  4463 1.000  47.4  24395 D1C8
26.08.2022 14:03:37  *01n 20 100TL 4  437.1  6.81  2980  450.5  3.31  1493  236.9  6.16  237.7  6.14  237.6  6.11  4473  4428 1.000  47.4  24420 C336
26.08.2022 14:03:57  *01n 20 100TL 4  428.1  7.04  3015  454.9  3.39  1545  236.8  6.36  237.6  6.35  237.6  6.34  4560  4505 1.000  47.4  24445 BC48
26.08.2022 14:04:17  *01n 20 100TL 4  428.8  6.98  2996  459.1  3.29  1513  236.8  6.54  237.8  6.55  237.5  6.52  4510  4542 1.000  47.4  24470 9687
26.08.2022 14:04:37  *01n 20 100TL 4  429.6  6.96  2993  454.4  3.26  1483  237.0  6.46  237.7  6.45  237.5  6.42  4476  4505 1.000  47.4  24496 3AE0
26.08.2022 14:04:57  *01n 20 100TL 4  429.6  7.00  3010  455.5  3.38  1541  237.2  6.45  236.9  6.45  238.0  6.39  4551  4519 1.000  47.4  24521 D949
26.08.2022 14:05:17  *01n 20 100TL 4  434.3  6.81  2960  460.8  3.28  1512  237.3  6.43  238.1  6.45  237.9  6.39  4472  4527 1.000  47.4  24547 6196
26.08.2022 14:05:37  *01n 20 100TL 4  432.0  6.64  2871  463.5  3.10  1438  237.2  6.24  237.8  6.25  237.7  6.19  4310  4373 1.000  47.4  24570 0B7E
26.08.2022 14:05:57  *01n 20 100TL 4  441.8  6.68  2954  463.9  3.17  1470  237.4  6.21  237.1  6.22  237.9  6.16  4425  4359 1.000  47.4  24594 DA58
26.08.2022 14:06:17  *01n 20 100TL 4  437.8  6.91  3027  458.9  3.35  1539  237.3  6.44  237.2  6.42  237.9  6.40  4567  4599 1.000  47.4  24621 E25E
26.08.2022 14:06:37  *01n 20 100TL 4  434.4  7.04  3059  459.8  3.41  1568  237.5  6.33  236.5  6.33  237.8  6.30  4628  4563 1.000  47.4  24646 D5D1
26.08.2022 14:06:57  *01n 20 100TL 4  442.3  6.84  3028  460.5  3.28  1515  237.0  6.49  236.7  6.47  237.6  6.46  4544  4577 1.000  47.4  24671 069E
26.08.2022 14:07:17  *01n 20 100TL 4  438.5  6.87  3015  462.0  3.23  1493  236.9  6.49  237.4  6.51  237.5  6.43  4509  4554 1.000  47.4  24697 B598
26.08.2022 14:07:37  *01n 20 100TL 4  433.9  7.07  3071  457.2  3.46  1583  237.3  6.47  236.7  6.46  237.9  6.43  4655  4591 1.000  47.4  24722 0B19
26.08.2022 14:07:57  *01n 20 100TL 4  434.6  7.15  3111  458.5  3.43  1574  237.0  6.57  237.6  6.57  237.7  6.53  4686  4570 1.000  47.4  24748 5011
26.08.2022 14:08:17  *01n 20 100TL 4  429.0  7.26  3114  464.0  3.33  1548  237.3  6.61  237.8  6.61  237.9  6.58  4663  4583 1.000  47.4  24773 224B
26.08.2022 14:08:37  *01n 20 100TL 4  437.7  7.14  3125  464.5  3.38  1573  237.2  6.34  237.0  6.31  237.7  6.28  4698  4556 1.000  47.4  24798 C994
26.08.2022 14:08:58  *01n 20 100TL 4  437.9  7.03  3079  460.2  3.43  1579  237.1  6.44  237.5  6.44  237.6  6.43  4658  4565 1.000  47.4  24824 0232
26.08.2022 14:09:18  *01n 20 100TL 4  429.4  7.18  3085  470.0  3.25  1530  237.1  6.48  237.7  6.48  237.6  6.43  4615  4557 1.000  47.3  24849 4209
26.08.2022 14:09:38  *01n 20 100TL 4  429.5  7.17  3080  460.9  3.33  1538  237.2  6.57  237.2  6.59  237.8  6.55  4618  4542 1.000  47.3  24876 6AAD
26.08.2022 14:09:58  *01n 20 100TL 4  429.2  7.09  3047  465.2  3.37  1570  236.8  6.37  237.3  6.37  237.5  6.34  4617  4559 1.000  47.3  24901 2322
26.08.2022 14:10:18  *01n 20 100TL 4  437.8  6.98  3057  457.3  3.43  1568  238.0  6.31  236.9  6.30  237.0  6.27  4626  4554 1.000  47.3  24925 0D5A
26.08.2022 14:10:38  *01n 20 100TL 4  437.6  7.00  3067  456.9  3.34  1527  236.9  6.46  236.5  6.45  237.7  6.43  4594  4538 1.000  47.3  24950 F60D
26.08.2022 14:10:58  *01n 20 100TL 4  433.4  6.93  3004  461.0  3.28  1515  237.2  6.54  237.2  6.56  237.5  6.54  4519  4550 1.000  47.3  24975 CD9F
26.08.2022 14:11:18  *01n 20 100TL 4  433.3  7.02  3044  464.9  3.36  1565  236.7  6.54  237.5  6.54  237.4  6.52  4609  4556 1.000  47.3  25002 409D
26.08.2022 14:11:38  *01n 20 100TL 4  428.8  7.15  3067  464.8  3.30  1535  237.0  6.35  236.2  6.32  237.9  6.30  4602  4550 1.000  47.3  25027 0A74
26.08.2022 14:11:58  *01n 20 100TL 4  433.2  7.09  3074  460.6  3.34  1542  236.8  6.58  236.7  6.57  237.8  6.55  4617  4550 1.000  47.3  25053 E7AF
26.08.2022 14:12:18  *01n 20 100TL 4  441.8  6.84  3022  460.8  3.37  1554  234.5  6.43  238.1  6.42  237.7  6.42  4577  4536 1.000  47.3  25078 706A
26.08.2022 14:12:38  *01n 20 100TL 4  429.1  7.19  3086  456.4  3.47  1586  237.4  6.28  236.1  6.26  237.7  6.23  4673  4522 1.000  47.3  25102 2247
26.08.2022 14:12:58  *01n 20 100TL 4  433.1  7.17  3106  451.1  3.41  1541  236.9  6.42  236.7  6.40  237.9  6.41  4647  4524 1.000  47.3  25128 AE04
26.08.2022 14:13:18  *01n 20 100TL 4  428.5  7.24  3105  464.3  3.30  1535  236.9  6.28  237.5  6.28  237.6  6.24  4640  4518 1.000  47.3  25153 4E47
26.08.2022 14:13:38  *01n 20 100TL 4  432.9  7.10  3074  460.0  3.41  1570  236.9  6.29  236.7  6.28  238.0  6.26  4644  4512 1.000  47.3  25178 4554
26.08.2022 14:13:58  *01n 20 100TL 4  432.9  6.84  2961  460.1  3.25  1499  236.9  6.44  236.7  6.46  237.7  6.39  4461  4521 1.000  47.3  25203 01CD
26.08.2022 14:14:18  *01n 20 100TL 4  437.2  6.88  3010  460.2  3.22  1484  236.8  6.45  237.5  6.48  237.5  6.41  4495  4519 1.000  47.3  25229 3894
26.08.2022 14:14:38  *01n 20 100TL 4  432.8  6.93  3001  468.9  3.14  1477  237.0  6.32  236.3  6.31  237.9  6.28  4478  4498 1.000  47.3  25254 4563
26.08.2022 14:14:59  *01n 20 100TL 4  437.0  6.72  2938  460.1  3.27  1507  236.9  6.38  236.8  6.39  237.9  6.33  4446  4473 1.000  47.3  25279 E648
26.08.2022 14:15:19  *01n 20 100TL 4  437.1  7.01  3068  460.2  3.39  1565  236.8  6.21  237.6  6.21  237.7  6.18  4634  4478 1.000  47.3  25303 442F
26.08.2022 14:15:39  *01n 20 100TL 4  428.5  7.16  3070  459.9  3.30  1521  236.7  6.42  236.5  6.42  237.7  6.37  4591  4495 1.000  47.3  25328 BAA2
26.08.2022 14:15:59  *01n 20 100TL 4  436.9  6.99  3056  464.2  3.34  1550  236.9  6.39  237.6  6.42  237.6  6.35  4606  4502 1.000  47.3  25353 B572
26.08.2022 14:16:19  *01n 20 100TL 4  436.4  6.86  2995  464.0  3.29  1532  236.9  6.31  237.5  6.30  237.7  6.29  4527  4476 1.000  47.3  25380 F2C9
26.08.2022 14:16:39  *01n 20 100TL 4  440.1  6.88  3031  459.6  3.25  1498  236.9  6.46  236.7  6.48  237.9  6.45  4530  4481 1.000  47.3  25404 8C31
26.08.2022 14:16:59  *01n 20 100TL 4  441.1  6.93  3060  464.0  3.25  1512  237.0  6.36  237.5  6.36  237.7  6.31  4573  4473 1.000  47.3  25428 50A4
26.08.2022 14:17:19  *01n 20 100TL 4  436.7  6.88  3007  459.6  3.35  1541  237.1  6.24  237.5  6.21  237.7  6.18  4548  4466 1.000  47.3  25453 8DC6
26.08.2022 14:17:39  *01n 20 100TL 4  441.0  6.74  2975  459.4  3.30  1516  237.1  6.31  236.9  6.32  237.9  6.26  4492  4438 1.000  47.3  25478 4698
26.08.2022 14:17:59  *01n 20 100TL 4  436.6  7.03  3070  464.0  3.31  1536  237.0  6.40  237.6  6.42  237.7  6.36  4606  4484 1.000  47.3  25504 DAF2
26.08.2022 14:18:19  *01n 20 100TL 4  437.1  6.94  3038  463.9  3.28  1524  236.9  6.28  237.3  6.27  237.5  6.24  4562  4495 1.000  47.3  25529 6682
26.08.2022 14:18:39  *01n 20 100TL 4  431.0  6.84  2949  468.6  3.23  1513  236.9  6.34  236.6  6.33  237.8  6.32  4463  4507 1.000  47.3  25554 F2CB
26.08.2022 14:18:59  *01n 20 100TL 4  430.3  7.08  3050  468.0  3.22  1507  236.7  6.20  237.5  6.19  237.6  6.18  4557  4441 1.000  47.3  25579 A97C
26.08.2022 14:19:19  *01n 20 100TL 4  432.0  6.82  2951  468.3  3.10  1457  237.2  6.07  237.8  6.07  237.3  6.03  4408  4361 1.000  47.3  25602 1875
26.08.2022 14:19:39  *01n 20 100TL 4  436.2  6.63  2896  463.6  3.12  1446  237.4  6.28  237.0  6.28  237.6  6.26  4342  4348 1.000  47.2  25627 4214
26.08.2022 14:19:59  *01n 20 100TL 4  436.2  6.59  2876  458.9  3.20  1472  237.0  6.11  237.3  6.11  237.8  6.05  4348  4277 1.000  47.3  25651 0350
26.08.2022 14:20:19  *01n 20 100TL 4  445.3  6.45  2882  463.7  3.10  1440  236.9  6.04  237.6  6.05  237.6  6.02  4322  4260 1.000  47.3  25675 7048
26.08.2022 14:20:39  *01n 20 100TL 4  437.1  6.61  2890  463.6  3.10  1440  237.1  5.95  235.8  5.93  238.1  5.91  4330  4260 1.000  47.3  25698 AFA1
26.08.2022 14:20:59  *01n 20 100TL 4  434.8  6.48  2818  454.5  3.17  1441  237.2  6.10  237.3  6.10  238.1  6.04  4260  4286 1.000  47.3  25722 4485
26.08.2022 14:21:20  *01n 20 100TL 4  434.3  6.65  2890  467.5  3.08  1440  237.2  6.08  237.8  6.07  237.9  6.04  4330  4333 1.000  47.3  25747 8A6F
26.08.2022 14:21:40  *01n 20 100TL 4  436.2  6.63  2897  463.4  3.10  1437  237.2  6.18  237.1  6.18  238.1  6.13  4335  4353 1.000  47.3  25770 9928
26.08.2022 14:22:00  *01n 20 100TL 4  436.1  6.76  2952  468.1  3.16  1483  237.2  6.24  237.9  6.23  237.9  6.21  4435  4396 1.000  47.2  25795 D1C9
26.08.2022 14:22:20  *01n 20 100TL 4  435.7  6.61  2882  458.7  3.22  1480  237.3  6.29  237.6  6.30  238.2  6.27  4362  4383 1.000  47.2  25819 FC5D
26.08.2022 14:22:40  *01n 20 100TL 4  439.0  6.74  2963  463.2  3.20  1483  237.9  6.12  236.1  6.11  238.8  6.10  4446  4394 1.000  47.2  25843 C11D
26.08.2022 14:23:00  *01n 20 100TL 4  437.3  6.66  2915  468.0  3.07  1441  237.5  6.31  237.7  6.32  238.5  6.31  4357  4394 1.000  47.3  25869 7582
26.08.2022 14:23:20  *01n 20 100TL 4  433.9  6.60  2867  462.2  3.18  1470  237.7  6.23  236.9  6.24  238.6  6.18  4338  4377 1.000  47.2  25893 9FB9
26.08.2022 14:23:40  *01n 20 100TL 4  437.6  6.82  2987  468.8  3.18  1493  237.4  6.28  237.1  6.28  238.1  6.26  4481  4393 1.000  47.2  25918 A954
26.08.2022 14:24:00  *01n 20 100TL 4  440.1  6.57  2893  467.6  3.06  1434  236.9  6.21  237.8  6.23  237.9  6.17  4327  4379 1.000  47.2  25941 6DEE
26.08.2022 14:24:20  *01n 20 100TL 4  440.1  6.51  2870  467.7  3.02  1416  236.9  6.22  237.8  6.21  237.8  6.19  4286  4310 1.000  47.2  25965 8E51
26.08.2022 14:24:40  *01n 20 100TL 4  439.7  6.67  2934  462.8  3.23  1496  236.9  6.15  236.1  6.16  238.2  6.10  4431  4324 1.000  47.2  25989 ADC9
26.08.2022 14:25:00  *01n 20 100TL 4  431.0  6.77  2920  458.2  3.22  1477  236.8  6.03  237.1  6.03  237.7  6.00  4397  4309 1.000  47.2  26014 75A4
26.08.2022 14:25:20  *01n 20 100TL 4  436.5  6.49  2836  458.1  3.04  1393  237.0  6.12  237.6  6.14  237.6  6.07  4229  4289 1.000  47.2  26038 6BA9
26.08.2022 14:25:40  *01n 20 100TL 4  441.1  6.60  2914  463.0  3.21  1489  237.0  6.13  236.7  6.14  237.8  6.10  4403  4299 1.000  47.2  26062 9142
26.08.2022 14:26:00  *01n 20 100TL 4  441.0  6.50  2865  466.9  3.13  1461  236.9  6.02  237.3  6.02  237.6  5.97  4327  4208 1.000  47.2  26086 A90B
26.08.2022 14:26:20  *01n 20 100TL 4  434.8  6.42  2793  466.9  3.02  1414  236.6  5.90  237.5  5.92  237.4  5.86  4208  4148 1.000  47.2  26108 9402
26.08.2022 14:26:40  *01n 20 100TL 4  444.1  6.43  2859  453.3  3.09  1399  237.1  5.93  236.7  5.92  237.7  5.86  4258  4153 1.000  47.2  26132 61D3
26.08.2022 14:27:00  *01n 20 100TL 4  439.5  6.13  2696  453.2  2.99  1356  236.8  5.87  237.4  5.86  237.7  5.84  4052  4075 1.000  47.2  26155 E280
26.08.2022 14:27:21  *01n 20 100TL 4  439.0  6.06  2662  462.1  2.92  1350  236.9  5.57  237.2  5.58  237.6  5.52  4013  3907 1.000  47.2  26177 8AAB
26.08.2022 14:27:41  *01n 20 100TL 4  436.4  6.15  2685  471.8  2.77  1309  236.8  5.67  236.6  5.68  237.6  5.66  3994  3936 1.000  47.2  26199 4D24
26.08.2022 14:28:01  *01n 20 100TL 4  436.5  6.01  2626  469.7  2.78  1312  236.7  5.37  237.2  5.36  237.3  5.34  3938  3845 1.000  47.2  26220 7B2E
26.08.2022 14:28:20  *01n 20 100TL 4  436.7  5.76  2519  458.2  2.78  1274  236.4  5.19  237.0  5.17  237.2  5.15  3793  3698 1.000  47.2  26242 EF7D
26.08.2022 14:28:41  *01n 20 100TL 4  434.7  5.55  2417  461.2  2.63  1213  237.0  5.17  236.5  5.14  237.7  5.15  3630  3570 1.000  47.2  26261 AB10
26.08.2022 14:29:00  *01n 20 100TL 4  435.3  5.54  2412  461.4  2.53  1168  236.5  4.86  237.2  4.84  237.5  4.82  3581  3469 1.000  47.2  26281 A23C
26.08.2022 14:29:20  *01n 20 100TL 4  438.3  5.33  2337  461.0  2.51  1159  236.8  4.86  237.1  4.84  237.4  4.79  3497  3384 1.000  47.2  26300 28BF
26.08.2022 14:29:40  *01n 20 100TL 4  437.8  5.11  2240  462.1  2.45  1136  236.6  4.79  236.5  4.78  237.6  4.76  3376  3332 1.000  47.2  26319 B197
26.08.2022 14:30:01  *01n 20 100TL 4  441.5  5.12  2262  472.5  2.37  1123  236.6  4.68  237.3  4.66  237.4  4.65  3385  3280 1.000  47.1  26338 2D3F
26.08.2022 14:30:21  *01n 20 100TL 4  437.0  5.23  2287  464.2  2.44  1135  236.6  5.03  236.5  5.02  237.3  4.99  3422  3453 1.000  47.1  26357 426A
26.08.2022 14:30:41  *01n 20 100TL 4  448.4  5.16  2317  469.7  2.49  1174  237.6  5.08  235.6  5.08  237.2  5.07  3492  3512 1.000  47.1  26375 0108
26.08.2022 14:31:01  *01n 20 100TL 4  439.9  5.52  2429  469.3  2.60  1222  236.4  5.21  237.0  5.20  237.4  5.18  3651  3595 1.000  47.1  26395 C9CA
26.08.2022 14:31:21  *01n 20 100TL 4  441.9  5.63  2491  468.4  2.57  1206  236.2  5.13  236.8  5.12  237.3  5.09  3698  3578 1.000  47.1  26415 8A6C
26.08.2022 14:31:41  *01n 20 100TL 4  440.4  5.46  2406  470.9  2.47  1164  236.9  4.91  235.9  4.90  237.7  4.88  3570  3451 1.000  47.1  26435 2B38
26.08.2022 14:32:01  *01n 20 100TL 4  437.0  5.29  2314  481.0  2.42  1168  236.3  5.02  236.9  5.00  237.2  4.99  3483  3457 1.000  47.1  26454 9FB2
26.08.2022 14:32:21  *01n 20 100TL 4  441.0  5.33  2352  472.5  2.45  1161  236.3  5.00  237.2  4.99  237.5  4.98  3514  3482 1.000  47.1  26474 19A1
26.08.2022 14:32:41  *01n 20 100TL 4  436.7  5.70  2490  472.2  2.57  1216  236.5  5.14  236.3  5.15  237.7  5.08  3706  3581 1.000  47.0  26493 E3D3
26.08.2022 14:33:01  *01n 20 100TL 4  441.8  5.58  2465  467.8  2.60  1220  236.5  5.06  237.0  5.05  237.4  5.02  3686  3642 1.000  47.1  26512 243C
26.08.2022 14:33:21  *01n 20 100TL 4  451.0  5.43  2452  460.7  2.71  1252  236.6  5.23  237.1  5.23  237.5  5.16  3704  3653 1.000  47.0  26534 1B9E
26.08.2022 14:33:42  *01n 20 100TL 4  449.0  5.80  2604  463.8  2.76  1281  236.4  5.35  236.3  5.34  237.5  5.31  3886  3767 1.000  47.0  26554 F291
26.08.2022 14:34:02  *01n 20 100TL 4  449.2  5.62  2525  471.1  2.65  1251  236.3  5.14  236.9  5.13  237.4  5.10  3776  3682 1.000  47.0  26575 5878
26.08.2022 14:34:22  *01n 20 100TL 4  441.0  5.75  2537  462.6  2.78  1287  236.2  5.17  237.0  5.16  237.0  5.13  3825  3714 1.000  47.0  26596 806F
26.08.2022 14:34:42  *01n 20 100TL 4  445.3  5.62  2504  470.8  2.64  1243  236.5  5.29  236.2  5.27  237.4  5.25  3747  3779 1.000  47.0  26616 954E
26.08.2022 14:35:02  *01n 20 100TL 4  448.9  5.40  2427  470.8  2.50  1179  236.2  5.22  236.8  5.23  237.1  5.15  3607  3620 1.000  47.0  26638 4405
26.08.2022 14:35:22  *01n 20 100TL 4  449.9  5.06  2278  472.6  2.34  1112  236.0  4.83  236.6  4.81  237.0  4.80  3390  3430 1.000  47.0  26657 50A4
26.08.2022 14:35:41  *01n 20 100TL 4  449.5  4.69  2113  472.3  2.23  1057  236.2  4.43  236.1  4.41  237.3  4.39  3170  3154 1.000  47.0  26675 2C77
26.08.2022 14:36:01  *01n 20 100TL 4  448.9  4.71  2116  469.5  2.18  1025  236.3  4.54  236.9  4.52  237.3  4.51  3141  3115 1.000  47.0  26693 6E18
26.08.2022 14:36:22  *01n 20 100TL 4  445.2  4.74  2111  471.2  2.20  1039  236.2  4.48  237.0  4.47  237.2  4.41  3150  3105 0.999c  47.0  26710 A085
26.08.2022 14:36:42  *01n 20 100TL 4  444.9  4.69  2092  470.8  2.23  1049  236.1  4.34  236.1  4.35  237.4  4.28  3141  3031 1.000  47.0  26728 812D
26.08.2022 14:37:02  *01n 20 100TL 4  449.6  4.61  2073  470.5  2.20  1036  236.1  4.33  236.8  4.33  237.2  4.28  3109  2995 1.000  47.0  26745 EB95
26.08.2022 14:37:21  *01n 20 100TL 4  444.8  4.59  2044  460.7  2.11   975  236.1  4.32  236.8  4.32  237.2  4.26  3019  2992 1.000  46.9  26761 50A4
26.08.2022 14:37:42  *01n 20 100TL 4  448.4  4.60  2064  473.3  2.09   990  236.2  4.17  236.1  4.17  237.6  4.13  3054  2990 1.000  46.9  26777 8884
26.08.2022 14:38:02  *01n 20 100TL 4  448.4  4.30  1933  467.5  2.08   975  236.6  4.30  237.0  4.28  236.6  4.26  2908  2938 1.000  46.9  26794 4358
26.08.2022 14:38:22  *01n 20 100TL 4  448.5  4.19  1881  467.4  1.94   910  236.3  4.19  236.9  4.20  237.3  4.15  2792  2836 1.000  46.9  26810 C0F1
26.08.2022 14:38:41  *01n 20 100TL 4  444.7  4.23  1886  469.8  1.91   897  236.4  3.94  235.9  3.93  237.5  3.93  2783  2748 1.000  46.9  26826 B110
26.08.2022 14:39:02  *01n 20 100TL 4  448.3  3.96  1779  468.3  1.89   885  236.2  3.66  236.8  3.64  237.4  3.64  2664  2558 1.000  46.9  26841 8E0D
26.08.2022 14:39:22  *01n 20 100TL 4  448.6  3.46  1557  468.0  1.61   756  236.2  3.36  236.6  3.32  237.3  3.31  2314  2357 1.000  46.8  26854 9705
26.08.2022 14:39:42  *01n 20 100TL 4  439.3  3.81  1675  483.0  1.60   776  236.4  3.39  236.0  3.36  237.6  3.34  2452  2374 1.000  46.8  26867 5F88
26.08.2022 14:40:03  *01n 20 100TL 4  445.4  3.66  1631  473.1  1.62   769  236.2  3.31  236.6  3.29  237.1  3.27  2400  2355 1.000  46.9  26881 1315
26.08.2022 14:40:23  *01n 20 100TL 4  439.4  3.83  1683  480.6  1.73   834  236.2  3.36  236.8  3.34  237.4  3.33  2517  2403 1.000  46.8  26894 5B5B
26.08.2022 14:40:42  *01n 20 100TL 4  444.7  3.46  1539  465.7  1.57   733  236.5  3.53  236.1  3.53  237.5  3.49  2273  2359 1.000  46.8  26907 F58E
26.08.2022 14:41:02  *01n 20 100TL 4  453.0  3.54  1608  475.3  1.58   752  236.1  3.52  236.6  3.51  237.3  3.48  2360  2359 1.000  46.8  26920 9492
26.08.2022 14:41:23  *01n 20 100TL 4  443.9  3.72  1652  468.6  1.71   802  236.5  3.39  236.3  3.36  237.1  3.37  2455  2334 1.000  46.8  26933 4480
26.08.2022 14:41:43  *01n 20 100TL 4  448.6  3.65  1638  468.0  1.66   779  236.4  3.26  236.0  3.23  237.5  3.21  2418  2320 1.000  46.8  26947 3842
26.08.2022 14:42:03  *01n 20 100TL 4  449.6  3.44  1548  471.8  1.53   726  235.9  3.27  236.5  3.25  237.1  3.24  2275  2265 1.000  46.7  26959 D524
26.08.2022 14:42:23  *01n 20 100TL 4  452.3  3.43  1556  479.6  1.54   741  236.2  3.31  236.7  3.31  236.9  3.28  2298  2269 1.000  46.7  26972 FEF5
26.08.2022 14:42:42  *01n 20 100TL 4  452.2  3.33  1506  477.6  1.56   747  236.4  3.37  236.1  3.35  237.3  3.34  2253  2230 1.000  46.7  26984 A30E
26.08.2022 14:43:02  *01n 20 100TL 4  452.9  3.10  1405  476.4  1.41   672  236.3  3.05  236.8  3.04  237.1  3.01  2078  2136 1.000  46.7  26996 A590
26.08.2022 14:43:22  *01n 20 100TL 4  452.9  3.14  1420  466.5  1.43   668  236.1  3.10  236.5  3.09  236.8  3.08  2088  2053 1.000  46.7  27008 98C2
26.08.2022 14:43:43  *01n 20 100TL 4  452.5  2.99  1353  484.7  1.37   665  236.3  2.99  236.8  2.98  237.2  2.92  2018  2017 1.000  46.6  27020 10C4
26.08.2022 14:44:03  *01n 20 100TL 4  443.6  3.17  1406  475.1  1.39   665  236.3  2.93  236.6  2.89  237.2  2.89  2072  2041 1.000  46.6  27031 DFF9
26.08.2022 14:44:23  *01n 20 100TL 4  447.8  3.40  1524  482.1  1.47   712  236.5  3.14  236.9  3.13  237.2  3.08  2236  2137 1.000  46.6  27042 7C85
26.08.2022 14:44:43  *01n 20 100TL 4  452.9  3.46  1568  482.3  1.56   756  236.7  3.33  236.2  3.31  237.3  3.30  2325  2285 1.000  46.6  27054 6B59
26.08.2022 14:45:03  *01n 20 100TL 4  456.7  3.49  1597  492.7  1.61   793  236.8  3.47  237.3  3.47  236.8  3.42  2391  2375 1.000  46.6  27068 2FE9
26.08.2022 14:45:23  *01n 20 100TL 4  447.2  3.46  1548  484.2  1.49   723  236.6  3.44  237.1  3.44  237.3  3.38  2272  2351 1.000  46.5  27081 B63C
26.08.2022 14:45:42  *01n 20 100TL 4  447.1  3.78  1693  483.3  1.71   831  236.6  3.50  237.2  3.48  237.4  3.45  2525  2493 1.000  46.5  27094 4EB3
26.08.2022 14:46:03  *01n 20 100TL 4  443.0  3.80  1686  492.7  1.71   845  236.8  3.67  237.2  3.65  237.5  3.63  2531  2598 1.000  46.5  27109 B703
26.08.2022 14:46:23  *01n 20 100TL 4  438.8  4.22  1855  490.0  1.91   935  237.1  4.07  236.9  4.07  237.6  4.05  2774  2751 1.000  46.5  27123 A998
26.08.2022 14:46:43  *01n 20 100TL 4  451.6  4.41  1995  491.2  1.96   962  236.9  4.15  236.6  4.13  237.6  4.12  2958  2859 1.000  46.5  27139 00B6
26.08.2022 14:47:04  *01n 20 100TL 4  447.5  4.55  2037  491.3  1.98   975  236.8  4.33  237.5  4.32  237.5  4.26  3012  3015 1.000  46.5  27155 EF6D
26.08.2022 14:47:24  *01n 20 100TL 4  451.5  4.48  2023  491.2  2.08  1023  236.7  4.48  237.5  4.45  237.2  4.45  3047  3120 1.000  46.5  27172 5ED5
26.08.2022 14:47:43  *01n 20 100TL 4  456.0  4.59  2093  481.7  2.13  1029  236.9  4.60  237.5  4.57  237.4  4.55  3123  3193 1.000  46.4  27190 FC40
26.08.2022 14:48:03  *01n 20 100TL 4  460.6  4.63  2136  481.3  2.14  1034  237.1  4.59  237.6  4.58  237.6  4.58  3170  3230 1.000  46.4  27207 E5FF
26.08.2022 14:48:24  *01n 20 100TL 4  465.3  4.66  2172  490.6  2.24  1101  237.0  4.73  237.7  4.72  237.5  4.71  3274  3253 1.000  46.4  27226 51D5
26.08.2022 14:48:44  *01n 20 100TL 4  464.7  4.97  2313  479.1  2.44  1171  236.9  4.81  237.8  4.79  237.4  4.78  3485  3373 1.000  46.4  27244 1BD8
26.08.2022 14:49:03  *01n 20 100TL 4  456.4  5.22  2388  479.9  2.40  1152  236.9  4.83  237.8  4.80  237.6  4.78  3540  3430 1.000  46.4  27263 D597
26.08.2022 14:49:23  *01n 20 100TL 4  465.0  5.28  2456  480.8  2.55  1228  236.9  5.05  237.7  5.03  237.2  5.02  3685  3544 1.000  46.3  27282 01EC
26.08.2022 14:49:44  *01n 20 100TL 4  464.5  5.24  2435  489.5  2.51  1232  237.4  5.01  237.5  5.00  236.9  4.96  3668  3581 1.000  46.3  27302 4A0B
26.08.2022 14:50:03  *01n 20 100TL 4  455.7  5.51  2513  479.8  2.53  1219  237.0  5.12  237.9  5.11  237.6  5.10  3732  3610 1.000  46.3  27323 B16C
26.08.2022 14:50:23  *01n 20 100TL 4  464.9  5.34  2485  479.8  2.55  1225  237.0  5.09  237.9  5.09  237.8  5.06  3710  3654 1.000  46.3  27343 EC90
26.08.2022 14:50:44  *01n 20 100TL 4  460.0  5.52  2542  479.4  2.71  1298  237.2  5.23  237.2  5.23  238.2  5.19  3840  3784 1.000  46.3  27364 906E
26.08.2022 14:51:04  *01n 20 100TL 4  459.6  5.63  2587  480.0  2.73  1313  237.6  5.36  237.5  5.35  238.2  5.31  3901  3866 1.000  46.3  27384 0392
26.08.2022 14:51:24  *01n 20 100TL 4  455.2  5.77  2630  488.9  2.63  1286  237.5  5.55  238.1  5.56  237.1  5.50  3916  3884 1.000  46.2  27405 7A11
26.08.2022 14:51:43  *01n 20 100TL 4  455.4  5.78  2632  488.6  2.70  1318  237.4  5.49  237.2  5.49  237.2  5.46  3950  3881 1.000  46.2  27428 5897
26.08.2022 14:52:03  *01n 20 100TL 4  459.7  5.67  2607  488.4  2.69  1318  237.6  5.48  237.3  5.47  237.1  5.42  3926  3834 1.000  46.2  27449 4B6E
26.08.2022 14:52:23  *01n 20 100TL 4  455.2  5.68  2586  478.1  2.63  1258  237.2  5.30  237.6  5.29  237.1  5.26  3845  3797 1.000  46.2  27471 9042
26.08.2022 14:52:44  *01n 20 100TL 4  455.2  5.46  2487  487.1  2.57  1254  237.5  5.43  237.1  5.41  237.2  5.39  3741  3764 1.000  46.2  27492 69BB
26.08.2022 14:53:05  *01n 20 100TL 4  459.7  5.52  2539  487.5  2.63  1286  237.5  5.27  237.8  5.27  236.9  5.23  3825  3785 1.000  46.2  27513 2572
26.08.2022 14:53:25  *01n 20 100TL 4  454.4  5.63  2560  484.5  2.65  1287  237.6  5.34  238.0  5.33  237.1  5.31  3848  3810 1.000  46.1  27534 CCA7
26.08.2022 14:53:44  *01n 20 100TL 4  454.3  5.55  2523  479.6  2.57  1235  237.6  5.49  237.4  5.48  237.3  5.46  3759  3799 1.000  46.2  27555 3C85
26.08.2022 14:54:04  *01n 20 100TL 4  454.1  5.56  2528  479.2  2.68  1286  237.6  5.38  237.9  5.36  237.0  5.34  3814  3704 1.000  46.1  27576 841E
26.08.2022 14:54:25  *01n 20 100TL 4  454.2  5.21  2368  483.8  2.49  1205  237.4  5.17  238.0  5.17  237.1  5.10  3573  3610 1.000  46.1  27596 554A
26.08.2022 14:54:44  *01n 20 100TL 4  450.7  5.49  2475  493.4  2.42  1197  237.3  5.30  237.1  5.29  237.4  5.28  3672  3668 1.000  46.1  27616 02DE
26.08.2022 14:55:04  *01n 20 100TL 4  450.7  5.64  2543  488.1  2.62  1281  237.2  5.14  237.8  5.14  237.1  5.10  3825  3698 1.000  46.1  27638 D08B
26.08.2022 14:55:25  *01n 20 100TL 4  452.5  5.56  2514  481.0  2.66  1283  237.4  5.27  237.9  5.26  236.7  5.21  3797  3686 1.000  46.1  27657 330A
26.08.2022 14:55:44  *01n 20 100TL 4  452.4  5.59  2528  481.0  2.61  1260  238.7  5.33  236.6  5.31  236.8  5.32  3788  3694 1.000  46.1  27678 2A21
26.08.2022 14:56:04  *01n 20 100TL 4  452.4  5.63  2551  480.7  2.59  1243  236.8  5.13  237.4  5.14  236.8  5.09  3794  3689 1.000  46.1  27698 5D80
26.08.2022 14:56:24  *01n 20 100TL 4  452.5  5.53  2504  479.9  2.66  1280  236.8  5.44  237.4  5.43  236.7  5.41  3784  3735 1.000  46.1  27719 48BB
26.08.2022 14:56:44  *01n 20 100TL 4  452.1  5.63  2546  479.7  2.62  1260  236.7  5.27  237.4  5.25  236.6  5.24  3807  3709 1.000  46.1  27741 4E3E
26.08.2022 14:57:05  *01n 20 100TL 4  452.0  5.55  2510  479.5  2.58  1242  236.7  5.19  237.2  5.16  236.7  5.16  3752  3639 1.000  46.1  27761 9D70
26.08.2022 14:57:24  *01n 20 100TL 4  451.9  5.09  2304  479.5  2.44  1170  236.5  4.92  237.1  4.89  236.6  4.88  3474  3504 1.000  46.1  27781 3222
26.08.2022 14:57:45  *01n 20 100TL 4  451.6  5.13  2319  477.9  2.46  1179  236.6  4.91  237.1  4.89  236.6  4.88  3498  3424 1.000  46.0  27799 F5CF
26.08.2022 14:58:04  *01n 20 100TL 4  451.7  4.92  2224  481.1  2.24  1077  236.5  4.82  237.2  4.83  236.7  4.77  3302  3353 1.000  46.0  27818 C46B
26.08.2022 14:58:25  *01n 20 100TL 4  447.9  5.24  2351  480.4  2.38  1147  236.3  4.84  237.3  4.86  236.5  4.80  3498  3375 1.000  46.0  27838 BF95
26.08.2022 14:58:44  *01n 20 100TL 4  447.6  5.13  2299  477.3  2.44  1167  236.5  4.77  237.1  4.76  236.6  4.74  3466  3410 1.000  46.1  27856 F15B
26.08.2022 14:59:05  *01n 20 100TL 4  451.1  4.89  2209  477.3  2.27  1083  236.5  4.64  236.9  4.62  236.5  4.62  3292  3257 1.000  46.0  27875 9100
26.08.2022 14:59:25  *01n 20 100TL 4  451.8  4.66  2107  479.4  2.18  1045  236.4  4.43  236.7  4.40  236.4  4.37  3152  3158 1.000  46.0  27893 E249
26.08.2022 14:59:45  *01n 20 100TL 4  451.9  4.68  2116  477.2  2.24  1068  236.4  4.44  236.9  4.45  236.4  4.39  3184  3071 1.000  46.0  27910 95D7
26.08.2022 15:00:05  *01n 20 100TL 4  445.2  4.65  2073  464.0  2.23  1037  236.6  4.56  237.0  4.55  236.6  4.51  3111  3086 1.000  46.0  27927 815B
26.08.2022 15:00:25  *01n 20 100TL 4  449.5  4.86  2185  482.6  2.17  1052  236.6  4.37  237.1  4.35  236.8  4.31  3237  3126 1.000  46.0  27944 FC4C
26.08.2022 15:00:45  *01n 20 100TL 4  449.1  4.57  2052  472.9  2.14  1013  236.6  4.41  236.9  4.42  236.5  4.35  3065  3051 1.000  46.0  27962 404F
26.08.2022 15:01:06  *01n 20 100TL 4  444.7  4.61  2052  472.7  2.18  1033  236.5  4.34  236.8  4.35  236.6  4.28  3085  3015 1.000  46.0  27978 31B8
26.08.2022 15:01:26  *01n 20 100TL 4  449.7  4.73  2128  472.6  2.16  1020  236.2  4.37  236.9  4.37  236.5  4.35  3149  3038 1.000  46.0  27995 2341
26.08.2022 15:01:45  *01n 20 100TL 4  449.6  4.49  2021  481.7  2.06   996  236.3  4.39  236.8  4.38  236.6  4.37  3018  2995 1.000  46.0  28013 1B6B
26.08.2022 15:02:05  *01n 20 100TL 4  449.9  4.36  1965  481.7  2.05   990  236.3  4.23  236.6  4.21  236.2  4.15  2955  2929 1.000  46.0  28029 AF03
26.08.2022 15:02:25  *01n 20 100TL 4  453.6  4.22  1919  481.2  1.95   936  236.2  4.23  236.9  4.25  236.4  4.19  2856  2919 1.000  46.0  28045 0171
26.08.2022 15:02:46  *01n 20 100TL 4  453.7  4.61  2092  490.5  2.03   996  236.8  4.42  236.5  4.42  236.4  4.40  3088  3004 1.000  46.0  28061 9A23
26.08.2022 15:03:06  *01n 20 100TL 4  453.6  4.43  2011  471.7  2.12  1004  236.3  4.38  236.7  4.37  236.1  4.35  3015  3064 1.000  45.9  28078 8893
26.08.2022 15:03:25  *01n 20 100TL 4  448.7  4.60  2066  480.2  2.15  1037  236.5  4.54  236.8  4.53  236.3  4.51  3103  3077 1.000  45.9  28096 6246
26.08.2022 15:03:45  *01n 20 100TL 4  449.1  4.58  2061  480.6  2.05   987  236.2  4.25  236.6  4.22  236.1  4.19  3048  3007 1.000  45.9  28113 65F4
26.08.2022 15:04:06  *01n 20 100TL 4  448.9  4.52  2030  480.0  2.11  1014  236.3  4.29  236.7  4.28  236.2  4.24  3045  2961 1.000  45.9  28129 2816
26.08.2022 15:04:26  *01n 20 100TL 4  453.3  4.37  1985  479.9  2.05   984  236.3  4.33  236.6  4.34  236.0  4.29  2969  3006 1.000  45.9  28146 7953
26.08.2022 15:04:46  *01n 20 100TL 4  449.3  4.57  2055  476.7  2.08   996  236.1  4.42  236.5  4.41  235.8  4.40  3051  3002 1.000  45.9  28162 D2D6
26.08.2022 15:05:05  *01n 20 100TL 4  452.7  4.56  2067  482.0  2.09  1007  236.1  4.24  236.4  4.23  236.1  4.20  3074  3028 1.000  45.9  28179 CB2F
26.08.2022 15:05:25  *01n 20 100TL 4  444.2  4.62  2053  486.8  2.13  1042  236.0  4.30  236.6  4.28  236.0  4.25  3096  3071 1.000  45.9  28196 E0E3
26.08.2022 15:05:46  *01n 20 100TL 4  444.3  4.50  2000  487.1  1.98   968  236.0  4.12  236.6  4.12  236.1  4.08  2969  2957 1.000  45.9  28213 FDC9
26.08.2022 15:06:06  *01n 20 100TL 4  444.2  4.52  2009  487.4  1.98   965  236.2  4.27  236.7  4.24  236.3  4.22  2975  3015 1.000  45.8  28230 8F8C
26.08.2022 15:06:26  *01n 20 100TL 4  448.3  4.53  2034  477.6  2.14  1025  236.2  4.20  236.8  4.18  236.2  4.16  3059  3013 1.000  45.8  28247 4297
26.08.2022 15:06:47  *01n 20 100TL 4  450.1  4.38  1976  473.5  2.10   994  236.3  4.17  236.7  4.13  236.3  4.12  2970  2943 1.000  45.8  28263 B033
26.08.2022 15:07:06  *01n 20 100TL 4  450.1  4.05  1824  473.6  1.84   872  236.1  4.17  236.6  4.16  236.3  4.13  2697  2789 1.000  45.8  28279 1A64
26.08.2022 15:07:26  *01n 20 100TL 4  447.5  4.15  1860  482.9  1.83   886  236.1  3.96  236.6  3.95  236.5  3.90  2746  2735 1.000  45.8  28294 4BFC
26.08.2022 15:07:46  *01n 20 100TL 4  453.7  4.15  1887  482.4  1.98   956  236.4  3.85  236.9  3.82  236.6  3.79  2844  2746 1.000  45.8  28310 DD3D
26.08.2022 15:08:07  *01n 20 100TL 4  458.3  4.26  1954  482.1  1.95   943  236.3  4.05  237.1  4.04  236.5  4.01  2897  2859 1.000  45.8  28325 22D3
26.08.2022 15:08:26  *01n 20 100TL 4  444.2  4.35  1934  480.0  1.99   959  237.6  4.00  236.9  3.99  235.6  3.96  2894  2861 1.000  45.8  28342 BC7C
26.08.2022 15:08:47  *01n 20 100TL 4  448.8  4.58  2055  478.7  2.16  1034  236.4  4.29  237.0  4.29  236.2  4.23  3089  2995 1.000  45.8  28358 772E
26.08.2022 15:09:07  *01n 20 100TL 4  445.9  4.51  2012  472.1  2.15  1019  236.5  4.41  237.0  4.40  236.4  4.36  3031  2986 1.000  45.8  28374 F42B
26.08.2022 15:09:26  *01n 20 100TL 4  441.5  4.72  2087  481.2  2.09  1008  237.1  4.46  236.6  4.45  236.4  4.43  3096  3056 1.000  45.7  28391 88CE
26.08.2022 15:09:46  *01n 20 100TL 4  450.0  4.53  2041  490.5  2.04  1002  236.4  4.32  237.0  4.32  236.3  4.25  3044  2998 1.000  45.7  28408 3872
26.08.2022 15:10:06  *01n 20 100TL 4  450.0  4.17  1876  490.6  1.90   933  236.1  4.18  236.8  4.20  236.1  4.15  2810  2839 1.000  45.7  28425 0BE5
26.08.2022 15:10:26  *01n 20 100TL 4  454.8  4.54  2066  490.4  2.00   984  236.7  4.10  236.2  4.08  236.0  4.05  3050  2928 1.000  45.7  28441 3CAC
26.08.2022 15:10:46  *01n 20 100TL 4  453.9  4.48  2037  470.8  2.14  1010  236.7  4.20  236.5  4.21  236.2  4.18  3047  2999 1.000  45.7  28457 0A95
26.08.2022 15:11:06  *01n 20 100TL 4  453.0  4.41  2000  479.4  2.08  1002  236.4  4.00  236.9  4.00  236.2  3.97  3002  2876 1.000  45.7  28474 D9F9
26.08.2022 15:11:27  *01n 20 100TL 4  454.5  4.18  1902  470.9  1.96   924  236.6  3.90  237.1  3.89  236.4  3.86  2827  2801 1.000  45.7  28489 CFC9
26.08.2022 15:11:47  *01n 20 100TL 4  445.6  4.39  1957  470.0  2.00   943  236.5  3.96  237.1  3.95  236.3  3.91  2900  2839 1.000  45.7  28505 B4EC
26.08.2022 15:12:08  *01n 20 100TL 4  458.9  4.23  1942  489.1  2.00   982  236.3  4.26  236.9  4.26  236.2  4.22  2925  2894 1.000  45.7  28521 F275
26.08.2022 15:12:27  *01n 20 100TL 4  458.8  4.16  1910  479.3  1.98   949  236.2  4.31  236.8  4.30  236.0  4.27  2859  2932 1.000  45.7  28537 289E
26.08.2022 15:12:47  *01n 20 100TL 4  463.0  4.22  1956  479.0  1.96   938  236.3  4.11  236.8  4.08  236.0  4.08  2894  2854 1.000  45.7  28553 2F63
26.08.2022 15:13:07  *01n 20 100TL 4  463.0  3.86  1789  478.8  1.82   874  236.3  3.81  237.0  3.83  236.0  3.77  2664  2647 1.000  45.7  28569 3011
26.08.2022 15:13:28  *01n 20 100TL 4  464.3  4.04  1876  488.3  1.88   921  236.4  4.05  236.9  4.03  236.2  3.98  2798  2783 1.000  45.7  28584 332D
26.08.2022 15:13:48  *01n 20 100TL 4  454.4  4.33  1969  477.9  1.98   950  236.5  3.93  236.8  3.91  236.1  3.89  2920  2813 1.000  45.7  28599 8E80
26.08.2022 15:14:07  *01n 20 100TL 4  458.6  4.31  1979  478.0  2.05   982  236.2  4.11  236.8  4.07  236.0  4.06  2961  2885 1.000  45.6  28615 2317
26.08.2022 15:14:28  *01n 20 100TL 4  453.6  4.12  1872  487.7  1.92   939  236.5  3.88  237.1  3.86  236.2  3.83  2812  2793 1.000  45.6  28631 E4B9
26.08.2022 15:14:48  *01n 20 100TL 4  453.7  4.10  1861  487.6  1.86   910  236.5  3.86  237.3  3.87  236.5  3.83  2772  2694 1.000  45.6  28646 3F1B
26.08.2022 15:15:07  *01n 20 100TL 4  454.3  3.94  1792  487.2  1.76   859  236.8  3.97  237.3  3.97  236.5  3.93  2652  2661 1.000  45.6  28662 3658
26.08.2022 15:15:27  *01n 20 100TL 4  455.0  3.99  1820  487.1  1.87   915  236.5  3.86  237.0  3.86  237.2  3.81  2735  2670 1.000  45.6  28676 2044
26.08.2022 15:15:48  *01n 20 100TL 4  456.9  3.99  1823  475.3  1.84   874  236.2  3.86  237.2  3.84  237.2  3.83  2697  2647 1.000  45.6  28691 E46C
26.08.2022 15:16:08  *01n 20 100TL 4  449.4  4.15  1867  476.9  1.86   889  236.2  3.83  237.1  3.83  237.1  3.79  2757  2726 1.000  45.6  28705 A0A6
26.08.2022 15:16:27  *01n 20 100TL 4  453.7  4.14  1881  476.8  1.95   932  236.5  3.98  237.2  3.96  237.2  3.95  2813  2772 1.000  45.6  28721 2853
26.08.2022 15:16:47  *01n 20 100TL 4  449.7  4.33  1947  495.7  1.94   965  236.3  4.00  237.1  3.99  237.1  3.96  2912  2859 1.000  45.5  28737 1460
26.08.2022 15:17:07  *01n 20 100TL 4  454.6  4.36  1983  485.6  1.95   949  236.4  4.09  237.1  4.08  237.1  4.06  2932  2929 1.000  45.5  28753 2BB7
26.08.2022 15:17:27  *01n 20 100TL 4  455.3  4.53  2063  474.1  2.19  1039  236.2  4.32  237.2  4.29  237.5  4.29  3102  3001 1.000  45.5  28770 1CEE
26.08.2022 15:17:48  *01n 20 100TL 4  451.4  4.60  2076  491.5  2.08  1022  236.5  4.24  237.1  4.22  237.3  4.21  3099  3006 1.000  45.5  28786 5E50
26.08.2022 15:18:08  *01n 20 100TL 4  453.4  4.44  2012  484.9  2.03   985  236.6  4.35  237.2  4.33  237.3  4.31  2998  2973 1.000  45.5  28802 744F
26.08.2022 15:18:28  *01n 20 100TL 4  452.9  4.13  1873  484.7  1.82   886  236.6  4.00  237.1  3.99  237.7  3.97  2760  2844 1.000  45.5  28819 6A94
26.08.2022 15:18:48  *01n 20 100TL 4  449.3  4.11  1847  484.5  1.88   912  236.7  3.87  237.6  3.87  237.8  3.85  2760  2735 1.000  45.5  28835 5CF9
26.08.2022 15:19:08  *01n 20 100TL 4  451.6  3.92  1774  483.1  1.79   865  236.6  3.93  237.5  3.92  237.6  3.91  2639  2684 1.000  45.5  28850 B06F
26.08.2022 15:19:29  *01n 20 100TL 4  455.9  4.01  1832  491.2  1.80   885  237.0  3.95  236.8  3.96  237.5  3.91  2717  2720 1.000  45.5  28865 C8E9
26.08.2022 15:19:48  *01n 20 100TL 4  455.2  4.07  1853  487.3  1.91   933  236.5  4.07  237.3  4.09  237.5  4.04  2787  2769 1.000  45.5  28880 6CB3
26.08.2022 15:20:08  *01n 20 100TL 4  451.0  4.32  1950  487.7  1.93   941  236.4  4.23  237.2  4.24  237.5  4.20  2891  2864 1.000  45.5  28896 A1E1
26.08.2022 15:20:29  *01n 20 100TL 4  449.1  4.44  1997  483.2  2.01   971  236.4  4.22  237.3  4.24  237.4  4.16  2969  2922 1.000  45.4  28912 E3D8
26.08.2022 15:20:48  *01n 20 100TL 4  450.1  4.33  1951  482.1  2.01   968  236.6  4.14  237.2  4.13  237.5  4.11  2920  2908 1.000  45.4  28928 AE5C
26.08.2022 15:21:08  *01n 20 100TL 4  451.0  4.34  1960  489.6  2.02   990  236.6  4.28  237.2  4.26  237.3  4.26  2951  2984 1.000  45.4  28944 5572
26.08.2022 15:21:28  *01n 20 100TL 4  450.2  4.26  1918  488.8  1.91   933  236.5  4.25  237.0  4.25  237.3  4.22  2851  2896 1.000  45.4  28960 DEF4
26.08.2022 15:21:48  *01n 20 100TL 4  450.1  4.16  1875  488.7  1.87   914  236.3  3.95  237.0  3.94  237.3  3.91  2789  2763 1.000  45.4  28977 EFD7
26.08.2022 15:22:08  *01n 20 100TL 4  459.4  3.91  1800  477.0  1.90   907  236.4  3.88  236.9  3.87  237.3  3.84  2708  2752 1.000  45.4  28992 9DD4
26.08.2022 15:22:28  *01n 20 100TL 4  454.9  4.05  1847  477.4  1.85   885  236.1  3.91  236.8  3.92  237.1  3.87  2732  2703 1.000  45.4  29007 6743
26.08.2022 15:22:48  *01n 20 100TL 4  454.2  3.94  1792  480.1  1.76   848  236.4  3.85  236.9  3.82  237.4  3.82  2641  2674 1.000  45.4  29022 F55F
26.08.2022 15:23:08  *01n 20 100TL 4  454.6  3.98  1814  484.8  1.88   912  236.2  3.99  237.1  4.00  237.4  3.97  2726  2687 1.000  45.4  29036 F715
26.08.2022 15:23:28  *01n 20 100TL 4  455.2  4.06  1849  477.2  1.90   907  236.2  3.93  237.0  3.92  237.3  3.90  2757  2676 1.000  45.4  29052 2E92
26.08.2022 15:23:48  *01n 20 100TL 4  459.4  4.22  1940  485.3  1.90   924  236.4  3.83  237.1  3.79  237.5  3.76  2865  2740 1.000  45.4  29067 B156
26.08.2022 15:24:08  *01n 20 100TL 4  459.2  4.09  1881  485.3  1.92   933  236.4  4.19  237.0  4.17  237.6  4.15  2815  2856 1.000  45.4  29083 5A6F
26.08.2022 15:24:29  *01n 20 100TL 4  459.1  3.96  1820  484.8  1.89   918  236.2  4.14  236.8  4.12  237.2  4.10  2738  2815 0.999c  45.4  29098 044C
26.08.2022 15:24:49  *01n 20 100TL 4  454.8  4.32  1968  475.7  1.97   936  236.2  3.98  236.6  3.95  237.4  3.94  2905  2824 1.000  45.3  29114 7232
26.08.2022 15:25:09  *01n 20 100TL 4  454.1  4.09  1858  476.8  1.86   888  236.2  4.15  236.7  4.12  237.2  4.10  2746  2800 1.000  45.3  29130 581C
26.08.2022 15:25:29  *01n 20 100TL 4  445.5  4.15  1849  476.1  1.97   939  235.9  3.91  236.9  3.91  237.4  3.87  2789  2801 1.000  45.3  29145 90D8
26.08.2022 15:25:49  *01n 20 100TL 4  459.2  4.08  1873  485.0  1.85   901  236.2  4.14  236.9  4.15  237.4  4.08  2775  2847 1.000  45.3  29161 CB5A
26.08.2022 15:26:09  *01n 20 100TL 4  458.7  4.11  1886  484.7  1.87   907  235.9  3.96  236.7  3.95  237.2  3.93  2793  2835 1.000  45.3  29177 AE17
26.08.2022 15:26:29  *01n 20 100TL 4  458.6  3.98  1828  483.7  1.90   923  235.9  4.14  236.4  4.14  237.3  4.12  2751  2800 1.000  45.3  29192 72C0
26.08.2022 15:26:49  *01n 20 100TL 4  459.0  4.10  1882  484.2  1.89   918  236.0  4.00  236.6  4.01  236.8  3.94  2801  2772 1.000  45.3  29209 31F4
26.08.2022 15:27:09  *01n 20 100TL 4  454.2  3.99  1812  483.6  1.80   871  236.0  4.08  236.6  4.06  237.0  4.04  2684  2757 1.000  45.3  29224 132D
26.08.2022 15:27:29  *01n 20 100TL 4  454.3  3.89  1768  484.3  1.80   875  235.9  3.82  236.7  3.80  237.1  3.80  2644  2662 1.000  45.3  29238 DC5F
26.08.2022 15:27:49  *01n 20 100TL 4  454.0  3.89  1770  483.5  1.83   885  235.9  3.76  236.6  3.77  237.0  3.71  2655  2578 1.000  45.2  29253 8A7A
26.08.2022 15:28:09  *01n 20 100TL 4  454.4  3.64  1657  483.5  1.62   784  235.8  3.51  236.6  3.50  237.0  3.48  2441  2471 1.000  45.2  29267 A7BE
26.08.2022 15:28:29  *01n 20 100TL 4  453.9  3.53  1605  483.2  1.65   801  236.0  3.32  236.7  3.32  237.0  3.27  2406  2362 1.000  45.2  29281 DB93
26.08.2022 15:28:49  *01n 20 100TL 4  453.8  3.37  1530  473.5  1.58   750  236.6  3.21  236.5  3.20  236.7  3.18  2281  2278 1.000  45.2  29294 6500
26.08.2022 15:29:09  *01n 20 100TL 4  454.0  3.42  1553  482.5  1.51   730  235.9  3.27  236.7  3.27  237.1  3.21  2284  2223 1.000  45.2  29307 B95A
26.08.2022 15:29:30  *01n 20 100TL 4  449.7  3.26  1469  482.4  1.52   735  236.1  3.10  236.6  3.07  237.0  3.04  2226  2191 1.000  45.2  29319 749C
26.08.2022 15:29:50  *01n 20 100TL 4  449.5  3.36  1512  482.0  1.56   753  236.3  3.28  236.8  3.27  237.3  3.25  2265  2172 1.000  45.2  29330 0245
26.08.2022 15:30:10  *01n 20 100TL 4  458.6  3.37  1548  492.3  1.55   766  236.0  3.26  236.6  3.22  237.2  3.21  2314  2220 1.000  45.2  29343 0A9B
26.08.2022 15:30:30  *01n 20 100TL 4  463.4  3.58  1660  491.6  1.61   793  236.0  3.35  236.6  3.31  237.1  3.30  2453  2334 1.000  45.2  29356 297E
26.08.2022 15:30:50  *01n 20 100TL 4  463.0  3.42  1585  490.9  1.62   798  236.1  3.61  236.3  3.61  237.2  3.57  2383  2424 1.000  45.2  29369 586F
26.08.2022 15:31:10  *01n 20 100TL 4  463.1  3.61  1673  490.9  1.62   801  236.1  3.76  236.7  3.75  237.4  3.72  2475  2543 1.000  45.2  29383 0CD0
26.08.2022 15:31:30  *01n 20 100TL 4  458.5  3.76  1727  490.5  1.72   846  236.1  3.68  236.7  3.68  237.3  3.64  2574  2647 1.000  45.1  29397 E30A
26.08.2022 15:31:50  *01n 20 100TL 4  459.2  3.91  1800  480.5  1.87   903  236.3  3.79  236.7  3.77  237.2  3.74  2703  2708 1.000  45.1  29413 EA04
26.08.2022 15:32:11  *01n 20 100TL 4  462.6  4.07  1882  499.3  1.86   930  236.4  4.00  237.0  3.99  237.6  3.98  2813  2728 1.000  45.1  29427 58BE
26.08.2022 15:32:30  *01n 20 100TL 4  458.0  4.05  1858  480.0  1.86   894  236.3  3.83  237.0  3.82  237.5  3.80  2752  2737 1.000  45.1  29442 4784
26.08.2022 15:32:50  *01n 20 100TL 4  458.1  4.14  1899  489.2  1.92   941  236.3  3.93  237.1  3.92  237.4  3.87  2841  2801 1.000  45.1  29458 DFD0
26.08.2022 15:33:10  *01n 20 100TL 4  453.5  4.22  1915  499.0  1.90   949  236.4  4.23  237.2  4.23  237.6  4.20  2864  2897 1.000  45.1  29473 2597
26.08.2022 15:33:30  *01n 20 100TL 4  453.8  4.52  2055  488.8  2.01   984  236.5  4.16  237.3  4.13  237.6  4.12  3039  2940 1.000  45.1  29490 402F
26.08.2022 15:33:50  *01n 20 100TL 4  453.8  4.41  2005  478.9  2.13  1019  236.3  4.15  237.1  4.13  237.4  4.14  3024  2900 1.000  45.1  29507 D6B6
26.08.2022 15:34:10  *01n 20 100TL 4  456.4  4.21  1922  489.7  1.94   955  236.6  4.23  237.5  4.25  237.7  4.18  2877  2928 1.000  45.1  29523 3870
26.08.2022 15:34:30  *01n 20 100TL 4  457.7  4.28  1962  488.0  1.94   949  236.4  4.25  237.2  4.25  237.7  4.20  2911  2960 1.000  45.0  29538 F7DA
26.08.2022 15:34:50  *01n 20 100TL 4  457.5  4.54  2078  497.5  1.98   987  236.7  4.38  237.4  4.37  237.6  4.37  3065  2987 1.000  45.0  29555 71A6
26.08.2022 15:35:10  *01n 20 100TL 4  457.4  4.42  2023  487.3  2.09  1020  236.7  4.21  237.4  4.19  237.7  4.17  3044  2993 1.000  45.0  29572 093B
26.08.2022 15:35:30  *01n 20 100TL 4  462.4  4.45  2061  477.6  2.09   999  236.6  4.33  237.5  4.33  237.7  4.31  3060  2973 1.000  45.0  29589 7950
26.08.2022 15:35:50  *01n 20 100TL 4  456.5  4.58  2092  486.4  2.05  1002  236.7  4.34  237.6  4.33  237.8  4.31  3094  3010 1.000  45.0  29605 C0C2
26.08.2022 15:36:10  *01n 20 100TL 4  460.3  4.55  2093  480.0  2.21  1063  236.7  4.31  237.4  4.29  237.6  4.27  3157  3062 1.000  45.0  29622 4083
26.08.2022 15:36:30  *01n 20 100TL 4  462.0  4.52  2090  476.8  2.21  1057  236.5  4.47  237.5  4.45  237.8  4.43  3147  3111 1.000  45.0  29639 A053
26.08.2022 15:36:51  *01n 20 100TL 4  461.7  4.55  2101  495.9  2.02  1005  236.7  4.51  237.6  4.52  237.9  4.46  3106  3137 1.000  45.0  29657 5FF2
26.08.2022 15:37:11  *01n 20 100TL 4  461.5  4.49  2073  486.0  2.14  1040  236.8  4.55  237.6  4.57  237.9  4.50  3114  3172 1.000  45.0  29674 1328
26.08.2022 15:37:31  *01n 20 100TL 4  460.6  4.52  2082  494.9  2.13  1054  237.0  4.56  237.4  4.57  237.9  4.51  3137  3183 1.000  45.0  29692 A07C
26.08.2022 15:37:51  *01n 20 100TL 4  455.5  4.63  2113  492.7  2.07  1022  236.9  4.52  237.6  4.51  238.0  4.49  3135  3172 1.000  45.0  29710 9786
26.08.2022 15:38:11  *01n 20 100TL 4  463.3  4.71  2183  481.4  2.27  1092  237.1  4.58  237.6  4.60  238.0  4.54  3276  3202 1.000  45.0  29727 2BC4
26.08.2022 15:38:31  *01n 20 100TL 4  458.9  4.84  2224  481.0  2.31  1113  237.9  4.59  237.4  4.58  237.5  4.56  3338  3286 1.000  45.0  29746 CE3A
26.08.2022 15:38:51  *01n 20 100TL 4  457.0  4.94  2256  494.1  2.24  1112  237.7  4.75  237.2  4.76  238.0  4.72  3369  3329 1.000  45.0  29764 5BEA
26.08.2022 15:39:11  *01n 20 100TL 4  457.6  5.00  2290  475.0  2.33  1107  237.3  4.86  237.7  4.87  237.8  4.84  3398  3360 1.000  45.0  29782 CFE7
26.08.2022 15:39:31  *01n 20 100TL 4  455.0  4.77  2172  485.5  2.26  1100  237.2  4.82  237.7  4.82  238.1  4.76  3273  3350 1.000  44.9  29801 FBC1
26.08.2022 15:39:51  *01n 20 100TL 4  453.8  4.95  2249  480.9  2.26  1091  236.7  4.72  237.3  4.73  237.7  4.67  3340  3292 1.000  45.0  29820 7885
26.08.2022 15:40:11  *01n 20 100TL 4  453.7  4.80  2182  478.0  2.20  1051  236.9  4.75  237.4  4.75  237.9  4.72  3233  3233 1.000  45.0  29839 74B0
26.08.2022 15:40:31  *01n 20 100TL 4  458.5  4.58  2105  479.2  2.22  1068  237.0  4.69  237.4  4.67  237.7  4.65  3173  3222 1.000  45.0  29857 698C
26.08.2022 15:40:51  *01n 20 100TL 4  454.1  4.87  2214  488.4  2.20  1077  237.1  4.61  237.5  4.59  237.9  4.58  3291  3237 1.000  44.9  29874 4303
26.08.2022 15:41:11  *01n 20 100TL 4  455.0  4.79  2183  481.3  2.18  1052  236.9  4.51  237.6  4.51  237.7  4.47  3236  3244 1.000  44.9  29892 C90C
26.08.2022 15:41:31  *01n 20 100TL 4  454.7  4.64  2111  479.9  2.12  1019  237.0  4.57  237.5  4.56  237.7  4.54  3131  3167 1.000  44.9  29909 A1EB
26.08.2022 15:41:51  *01n 20 100TL 4  457.8  4.45  2041  486.2  2.09  1020  237.1  4.54  237.6  4.54  237.9  4.51  3062  3121 1.000  44.9  29928 1D4E
26.08.2022 15:42:11  *01n 20 100TL 4  453.6  4.57  2076  486.6  2.04   994  237.3  4.50  237.8  4.52  238.0  4.45  3071  3138 1.000  44.9  29945 508F
26.08.2022 15:42:31  *01n 20 100TL 4  449.6  4.82  2168  486.4  2.24  1091  237.1  4.49  237.9  4.46  238.1  4.46  3259  3210 1.000  44.9  29963 DAC8
26.08.2022 15:42:51  *01n 20 100TL 4  462.7  4.57  2116  477.1  2.19  1045  236.9  4.58  237.6  4.59  237.9  4.52  3161  3202 1.000  44.9  29981 8EEC
26.08.2022 15:43:12  *01n 20 100TL 4  459.0  4.58  2104  483.5  2.16  1045  236.8  4.56  237.6  4.56  237.8  4.52  3149  3176 1.000  44.9  29997 54B1
26.08.2022 15:43:32  *01n 20 100TL 4  457.7  4.63  2121  478.1  2.12  1014  236.8  4.52  237.7  4.52  237.9  4.51  3135  3114 1.000  44.9  30016 515B
26.08.2022 15:43:52  *01n 20 100TL 4  458.4  4.26  1957  484.9  2.03   985  236.8  4.40  237.6  4.40  238.0  4.38  2943  3010 1.000  44.9  30033 FDE0
26.08.2022 15:44:12  *01n 20 100TL 4  449.2  4.51  2029  485.2  2.02   979  237.1  4.27  237.6  4.27  237.9  4.20  3009  2972 1.000  44.9  30049 BDFD
26.08.2022 15:44:32  *01n 20 100TL 4  449.1  4.56  2050  485.2  2.04   993  237.1  4.39  237.8  4.39  238.1  4.36  3044  3006 1.000  44.9  30066 403F
26.08.2022 15:44:52  *01n 20 100TL 4  458.0  4.30  1972  485.2  2.05   996  237.4  4.31  238.0  4.32  238.4  4.26  2969  3012 1.000  44.9  30083 29DB
26.08.2022 15:45:12  *01n 20 100TL 4  458.0  4.43  2032  485.0  1.99   967  237.1  4.29  237.9  4.29  238.2  4.27  2999  2940 1.000  44.9  30100 599C
26.08.2022 15:45:33  *01n 20 100TL 4  458.3  4.33  1988  483.9  1.96   950  236.9  4.04  237.8  4.04  238.1  4.01  2938  2920 1.000  44.9  30116 E059
26.08.2022 15:45:52  *01n 20 100TL 4  457.8  4.37  2003  475.5  2.12  1010  236.9  4.27  237.7  4.26  238.2  4.22  3013  2917 1.000  44.9  30132 103D
26.08.2022 15:46:12  *01n 20 100TL 4  453.4  4.21  1908  475.0  1.97   936  237.2  4.22  238.0  4.23  238.3  4.16  2845  2912 1.000  44.8  30148 912A
26.08.2022 15:46:32  *01n 20 100TL 4  457.9  4.27  1957  474.9  1.95   930  237.4  4.14  237.9  4.15  238.5  4.12  2888  2865 1.000  44.9  30164 86BD
26.08.2022 15:46:52  *01n 20 100TL 4  457.6  4.05  1858  483.7  1.92   930  237.3  4.03  237.8  4.02  238.6  3.97  2789  2816 1.000  44.9  30181 BCEA
26.08.2022 15:47:12  *01n 20 100TL 4  457.7  4.10  1879  484.1  1.88   914  237.2  3.86  237.9  3.86  238.4  3.80  2793  2777 1.000  44.9  30196 FDCD
26.08.2022 15:47:32  *01n 20 100TL 4  457.5  4.06  1861  483.6  1.82   881  237.0  3.95  237.8  3.97  238.2  3.90  2743  2737 1.000  44.9  30212 661C
26.08.2022 15:47:52  *01n 20 100TL 4  453.1  3.96  1795  473.9  1.81   859  237.6  3.80  237.4  3.79  237.8  3.78  2655  2713 1.000  44.9  30226 1D26
26.08.2022 15:48:12  *01n 20 100TL 4  448.7  4.11  1846  482.9  1.92   927  237.1  3.93  237.8  3.95  238.3  3.87  2774  2732 1.000  44.8  30241 BCCA
26.08.2022 15:48:32  *01n 20 100TL 4  457.5  4.06  1861  492.5  1.81   891  237.0  3.89  237.4  3.88  238.3  3.86  2752  2738 1.000  44.9  30257 8F59
26.08.2022 15:48:52  *01n 20 100TL 4  457.6  3.92  1797  482.8  1.77   856  237.1  3.94  237.3  3.93  238.2  3.89  2653  2713 1.000  44.9  30272 B847
26.08.2022 15:49:12  *01n 20 100TL 4  462.1  4.03  1866  492.1  1.90   936  236.9  3.93  237.5  3.93  237.8  3.87  2803  2723 1.000  44.8  30287 6229
26.08.2022 15:49:32  *01n 20 100TL 4  452.9  4.15  1884  482.3  1.85   894  236.9  3.93  237.6  3.92  237.8  3.88  2778  2732 1.000  44.8  30302 15EC
26.08.2022 15:49:52  *01n 20 100TL 4  457.1  3.90  1786  482.5  1.75   846  237.7  3.91  237.6  3.91  237.8  3.89  2633  2687 1.000  44.8  30317 B9C8
26.08.2022 15:50:12  *01n 20 100TL 4  452.7  3.83  1736  491.9  1.77   872  237.2  3.72  237.7  3.72  237.8  3.68  2609  2665 1.000  44.8  30332 2DDA
26.08.2022 15:50:33  *01n 20 100TL 4  452.8  4.02  1820  481.4  1.86   900  236.8  3.84  237.5  3.85  237.7  3.78  2720  2664 1.000  44.8  30347 C2F3
26.08.2022 15:50:53  *01n 20 100TL 4  452.6  3.87  1756  490.8  1.68   828  236.7  3.92  237.3  3.91  237.6  3.90  2584  2659 1.000  44.8  30362 CCCF
26.08.2022 15:51:13  *01n 20 100TL 4  452.6  3.95  1791  481.3  1.86   900  236.6  3.72  237.4  3.70  237.6  3.68  2691  2642 1.000  44.9  30377 31EC
26.08.2022 15:51:33  *01n 20 100TL 4  452.6  3.88  1756  490.5  1.73   849  237.4  3.70  237.1  3.69  237.5  3.67  2606  2645 1.000  44.8  30391 C098
26.08.2022 15:51:53  *01n 20 100TL 4  457.2  4.02  1838  480.7  1.80   869  237.6  3.89  237.3  3.88  237.6  3.85  2708  2684 1.000  44.8  30407 D90E
26.08.2022 15:52:13  *01n 20 100TL 4  461.4  3.97  1835  480.1  1.83   881  237.0  3.77  237.6  3.76  238.0  3.72  2717  2697 1.000  44.8  30421 A911
26.08.2022 15:52:33  *01n 20 100TL 4  461.2  3.94  1820  480.2  1.89   909  237.0  3.80  237.7  3.80  238.1  3.74  2729  2636 1.000  44.8  30436 9BEB
26.08.2022 15:52:53  *01n 20 100TL 4  456.9  3.76  1721  480.0  1.68   808  236.9  3.82  237.6  3.80  238.0  3.79  2529  2595 1.000  44.8  30451 DB12
26.08.2022 15:53:13  *01n 20 100TL 4  456.8  3.93  1799  489.2  1.81   886  237.0  3.75  237.7  3.75  238.1  3.72  2685  2589 1.000  44.8  30465 CE03
26.08.2022 15:53:33  *01n 20 100TL 4  456.7  3.65  1670  479.3  1.71   820  237.0  3.71  237.7  3.72  237.9  3.66  2491  2571 1.000  44.8  30480 F06A
26.08.2022 15:53:53  *01n 20 100TL 4  456.8  3.69  1689  488.8  1.63   798  236.9  3.60  237.7  3.59  237.9  3.56  2487  2548 1.000  44.8  30494 5A30
26.08.2022 15:54:13  *01n 20 100TL 4  461.3  3.65  1684  488.8  1.69   831  236.7  3.69  237.8  3.69  237.9  3.67  2516  2563 1.000  44.8  30508 7A79
26.08.2022 15:54:33  *01n 20 100TL 4  447.8  4.00  1792  487.9  1.80   881  236.6  3.73  237.6  3.71  237.9  3.68  2674  2563 1.000  44.8  30522 00AD
26.08.2022 15:54:53  *01n 20 100TL 4  452.3  3.90  1763  487.9  1.71   839  236.9  3.57  237.5  3.55  238.0  3.52  2603  2565 1.000  44.8  30536 6467
26.08.2022 15:55:13  *01n 20 100TL 4  456.5  3.79  1731  488.0  1.69   828  236.7  3.67  237.3  3.65  237.9  3.62  2560  2607 1.000  44.7  30551 C330
26.08.2022 15:55:33  *01n 20 100TL 4  456.6  3.99  1824  487.5  1.87   915  236.9  3.71  237.6  3.70  237.9  3.68  2740  2638 1.000  44.7  30566 966C
26.08.2022 15:55:53  *01n 20 100TL 4  460.9  3.90  1802  477.7  1.77   851  237.0  3.87  237.5  3.87  238.0  3.83  2653  2633 1.000  44.8  30580 C7B8
26.08.2022 15:56:13  *01n 20 100TL 4  451.9  3.97  1797  487.3  1.80   880  237.1  3.88  237.8  3.86  238.1  3.85  2677  2639 1.000  44.7  30595 E037
26.08.2022 15:56:34  *01n 20 100TL 4  456.8  4.05  1850  486.7  1.91   929  237.1  3.84  237.7  3.86  238.2  3.79  2780  2652 1.000  44.7  30610 ADC2
26.08.2022 15:56:54  *01n 20 100TL 4  456.2  3.83  1747  477.1  1.76   839  237.0  3.88  237.5  3.89  237.9  3.83  2586  2652 1.000  44.7  30625 8B6E
26.08.2022 15:57:14  *01n 20 100TL 4  451.5  3.97  1794  476.8  1.77   848  236.9  3.69  237.5  3.69  237.9  3.65  2642  2629 1.000  44.7  30639 C171
26.08.2022 15:57:34  *01n 20 100TL 4  451.9  3.81  1725  486.0  1.75   852  236.9  3.81  237.5  3.80  238.1  3.75  2578  2630 1.000  44.7  30654 CC1B
26.08.2022 15:57:54  *01n 20 100TL 4  456.0  3.79  1728  476.2  1.74   833  237.1  3.66  237.4  3.65  238.0  3.61  2561  2629 1.000  44.7  30668 CEB2
26.08.2022 15:58:14  *01n 20 100TL 4  451.6  3.91  1770  485.5  1.71   833  237.1  3.90  237.3  3.89  237.9  3.86  2603  2644 1.000  44.7  30683 5708
26.08.2022 15:58:34  *01n 20 100TL 4  451.5  4.03  1823  485.4  1.81   883  237.0  3.86  237.5  3.86  238.0  3.80  2706  2642 1.000  44.7  30699 5DA7
26.08.2022 15:58:54  *01n 20 100TL 4  455.5  4.06  1849  475.3  1.89   901  237.1  3.78  237.6  3.77  237.9  3.73  2751  2645 1.000  44.7  30713 6A4A
26.08.2022 15:59:14  *01n 20 100TL 4  455.7  4.08  1860  485.2  1.82   888  237.0  3.81  237.4  3.81  237.9  3.76  2748  2642 1.000  44.7  30727 D28C
26.08.2022 15:59:34  *01n 20 100TL 4  455.6  3.89  1776  484.4  1.75   851  237.0  3.67  237.7  3.64  238.1  3.61  2627  2618 1.000  44.7  30742 E1C1
26.08.2022 15:59:54  *01n 20 100TL 4  455.6  3.81  1738  484.4  1.77   862  237.0  3.75  237.4  3.75  237.8  3.69  2600  2586 1.000  44.6  30756 BBB1
26.08.2022 16:00:14  *01n 20 100TL 4  455.9  3.93  1797  483.9  1.78   863  237.4  3.71  237.2  3.76  238.6  3.73  2661  2583 1.000  44.6  30771 586E
26.08.2022 16:00:34  *01n 20 100TL 4  455.7  3.91  1783  474.3  1.81   865  236.8  3.72  237.5  3.70  237.8  3.67  2648  2581 1.000  44.6  30786 003B
26.08.2022 16:00:54  *01n 20 100TL 4  455.5  3.81  1734  474.0  1.80   856  237.1  3.57  237.7  3.56  238.2  3.53  2590  2552 1.000  44.6  30800 6D5A
26.08.2022 16:01:14  *01n 20 100TL 4  455.4  3.88  1768  483.8  1.75   848  237.1  3.49  237.6  3.48  238.3  3.45  2616  2511 1.000  44.6  30813 738C
26.08.2022 16:01:34  *01n 20 100TL 4  451.0  3.88  1751  483.1  1.72   834  237.0  3.57  237.7  3.57  238.2  3.52  2586  2484 1.000  44.6  30827 11F5
26.08.2022 16:01:54  *01n 20 100TL 4  460.1  3.68  1696  482.8  1.73   840  237.2  3.60  237.7  3.60  238.3  3.55  2537  2490 1.000  44.6  30841 6194
26.08.2022 16:02:14  *01n 20 100TL 4  451.3  3.80  1718  482.7  1.68   813  237.0  3.64  237.6  3.67  238.3  3.61  2531  2473 1.000  44.6  30856 E6F5
26.08.2022 16:02:34  *01n 20 100TL 4  459.8  3.69  1699  473.0  1.67   790  237.3  3.43  237.8  3.42  237.7  3.38  2490  2464 1.000  44.6  30869 5558
26.08.2022 16:02:54  *01n 20 100TL 4  455.4  3.51  1603  482.3  1.65   796  237.1  3.58  237.7  3.60  238.1  3.53  2400  2471 1.000  44.6  30883 581F
26.08.2022 16:03:15  *01n 20 100TL 4  454.3  3.83  1742  481.5  1.68   813  237.1  3.45  237.7  3.43  238.3  3.41  2555  2458 1.000  44.6  30897 4D76
26.08.2022 16:03:35  *01n 20 100TL 4  450.7  3.86  1739  481.8  1.68   810  237.2  3.52  237.8  3.50  238.2  3.50  2549  2430 1.000  44.5  30910 FAEC
26.08.2022 16:03:55  *01n 20 100TL 4  450.7  3.57  1609  482.1  1.65   799  237.4  3.31  237.8  3.31  238.5  3.27  2409  2384 1.000  44.5  30924 B12E
26.08.2022 16:04:15  *01n 20 100TL 4  450.6  3.56  1606  481.2  1.65   793  237.1  3.31  237.7  3.30  238.1  3.28  2400  2352 1.000  44.5  30937 E10C
26.08.2022 16:04:35  *01n 20 100TL 4  455.1  3.59  1637  481.1  1.58   764  237.0  3.41  237.6  3.42  238.2  3.35  2401  2357 1.000  44.5  30950 AE06
26.08.2022 16:04:55  *01n 20 100TL 4  450.6  3.67  1655  480.9  1.67   805  237.1  3.42  237.4  3.41  238.1  3.36  2461  2357 1.000  44.5  30963 DC05
26.08.2022 16:05:15  *01n 20 100TL 4  449.7  3.60  1618  481.0  1.62   782  236.9  3.43  237.6  3.44  238.2  3.37  2401  2357 1.000  44.5  30976 5E9A
26.08.2022 16:05:35  *01n 20 100TL 4  456.1  3.57  1628  482.2  1.56   755  237.0  3.26  237.9  3.28  238.3  3.23  2383  2339 1.000  44.5  30990 7814
26.08.2022 16:05:55  *01n 20 100TL 4  454.8  3.42  1556  480.1  1.50   720  237.3  3.48  237.8  3.49  238.3  3.45  2276  2330 1.000  44.5  31002 396C
26.08.2022 16:06:15  *01n 20 100TL 4  450.3  3.35  1512  479.9  1.55   744  237.3  3.42  238.3  3.42  238.4  3.35  2256  2331 1.000  44.5  31015 1083
26.08.2022 16:06:35  *01n 20 100TL 4  450.3  3.59  1615  489.4  1.54   753  234.2  3.54  234.9  3.54  235.4  3.51  2369  2337 1.000  44.5  31028 2C2A
26.08.2022 16:06:55  *01n 20 100TL 4  450.8  3.43  1545  479.7  1.58   758  234.5  3.41  235.0  3.41  235.5  3.36  2304  2325 1.000  44.5  31041 193E
26.08.2022 16:07:15  *01n 20 100TL 4  454.0  3.44  1565  479.5  1.61   773  234.2  3.35  234.9  3.37  235.3  3.29  2339  2299 1.000  44.5  31054 A57A
26.08.2022 16:07:35  *01n 20 100TL 4  453.5  3.50  1589  480.5  1.52   735  234.4  3.37  234.8  3.38  235.4  3.32  2325  2296 1.000  44.4  31067 15BD
26.08.2022 16:07:55  *01n 20 100TL 4  453.0  3.47  1574  481.5  1.60   773  234.5  3.39  234.9  3.37  235.3  3.35  2348  2311 1.000  44.5  31080 5E36
26.08.2022 16:08:15  *01n 20 100TL 4  454.4  3.27  1489  488.3  1.50   737  234.4  3.39  235.0  3.41  235.4  3.35  2226  2302 1.000  44.4  31092 5638
26.08.2022 16:08:35  *01n 20 100TL 4  454.4  3.48  1582  488.1  1.52   743  234.0  3.41  234.7  3.41  235.1  3.38  2325  2293 1.000  44.4  31105 DE7B
26.08.2022 16:08:55  *01n 20 100TL 4  459.0  3.52  1617  488.0  1.60   784  234.1  3.48  234.7  3.47  235.3  3.45  2401  2291 1.000  44.4  31118 8002
26.08.2022 16:09:15  *01n 20 100TL 4  454.6  3.53  1605  487.8  1.62   793  234.0  3.38  234.5  3.38  235.4  3.34  2398  2298 1.000  44.4  31131 7D8F
26.08.2022 16:09:36  *01n 20 100TL 4  446.2  3.55  1586  487.5  1.55   755  234.0  3.55  234.6  3.54  235.3  3.52  2342  2325 1.000  44.4  31144 C588
26.08.2022 16:09:56  *01n 20 100TL 4  451.1  3.71  1675  485.5  1.60   779  234.3  3.44  234.8  3.44  235.4  3.39  2455  2342 1.000  44.4  31157 4267
26.08.2022 16:10:16  *01n 20 100TL 4  454.2  3.39  1541  477.4  1.57   750  234.1  3.33  234.7  3.30  235.4  3.30  2291  2333 1.000  44.4  31170 E529
26.08.2022 16:10:36  *01n 20 100TL 4  458.6  3.33  1530  486.4  1.52   744  234.7  3.30  234.3  3.28  235.2  3.25  2275  2316 1.000  44.4  31183 CC1F
26.08.2022 16:10:56  *01n 20 100TL 4  453.9  3.55  1612  486.6  1.54   749  234.2  3.40  234.8  3.40  235.4  3.36  2362  2308 1.000  44.4  31196 450D
26.08.2022 16:11:16  *01n 20 100TL 4  453.1  3.54  1608  486.6  1.62   793  234.0  3.38  234.7  3.37  235.2  3.35  2401  2299 0.999c  44.4  31208 79BC
26.08.2022 16:11:36  *01n 20 100TL 4  459.7  3.40  1567  484.3  1.57   762  234.1  3.46  234.8  3.43  235.4  3.42  2330  2296 1.000  44.3  31221 E9B9
26.08.2022 16:11:56  *01n 20 100TL 4  455.5  3.50  1597  482.7  1.53   741  234.4  3.37  234.9  3.37  235.5  3.32  2339  2298 1.000  44.4  31234 1EB6
26.08.2022 16:12:16  *01n 20 100TL 4  456.4  3.39  1548  491.7  1.54   759  234.4  3.50  234.8  3.48  235.4  3.46  2308  2301 1.000  44.4  31247 E436
26.08.2022 16:12:36  *01n 20 100TL 4  453.8  3.32  1510  485.0  1.52   741  234.2  3.44  234.9  3.46  235.4  3.43  2252  2305 1.000  44.4  31259 F9C4
26.08.2022 16:12:56  *01n 20 100TL 4  453.9  3.52  1599  475.4  1.54   735  234.4  3.22  234.6  3.20  235.5  3.17  2334  2296 1.000  44.3  31272 89E2
26.08.2022 16:13:16  *01n 20 100TL 4  457.2  3.40  1556  484.7  1.57   764  234.3  3.23  234.8  3.24  235.4  3.21  2320  2290 1.000  44.3  31285 C8D1
26.08.2022 16:13:36  *01n 20 100TL 4  454.8  3.31  1507  485.0  1.52   738  234.5  3.27  234.9  3.24  235.6  3.25  2246  2290 1.000  44.3  31298 71EA
26.08.2022 16:13:56  *01n 20 100TL 4  454.8  3.33  1518  482.7  1.47   711  234.2  3.42  234.6  3.41  235.4  3.39  2229  2282 1.000  44.3  31311 51B6
26.08.2022 16:14:16  *01n 20 100TL 4  455.1  3.36  1530  481.1  1.55   747  234.1  3.33  234.5  3.31  235.2  3.31  2278  2259 1.000  44.3  31324 F98B
26.08.2022 16:14:36  *01n 20 100TL 4  460.0  3.41  1568  477.9  1.54   740  234.0  3.27  234.3  3.28  235.2  3.22  2308  2223 1.000  44.3  31336 047D
26.08.2022 16:14:56  *01n 20 100TL 4  458.2  3.30  1513  483.5  1.46   706  234.2  3.27  234.4  3.28  235.2  3.21  2220  2204 1.000  44.2  31348 A209
26.08.2022 16:15:16  *01n 20 100TL 4  458.5  3.34  1532  483.4  1.49   724  234.0  3.24  234.1  3.24  235.0  3.19  2256  2192 1.000  44.3  31360 CAC2
26.08.2022 16:15:36  *01n 20 100TL 4  459.3  3.31  1519  483.1  1.55   747  234.0  3.21  234.1  3.21  235.0  3.15  2267  2171 1.000  44.2  31373 9316
26.08.2022 16:15:57  *01n 20 100TL 4  456.3  3.14  1432  476.0  1.37   654  233.9  3.20  234.2  3.20  234.9  3.14  2087  2162 1.000  44.2  31385 68FF
26.08.2022 16:16:17  *01n 20 100TL 4  456.1  3.23  1475  477.0  1.48   706  233.7  3.28  234.1  3.28  234.7  3.25  2182  2168 1.000  44.2  31397 DC00
26.08.2022 16:16:37  *01n 20 100TL 4  451.2  3.37  1522  477.2  1.55   744  233.8  3.18  234.2  3.19  234.8  3.14  2267  2159 1.000  44.2  31409 4CE1
26.08.2022 16:16:57  *01n 20 100TL 4  450.9  3.27  1477  477.3  1.42   679  233.7  3.00  234.1  2.99  234.8  2.95  2156  2131 1.000  44.2  31421 CF37
26.08.2022 16:17:17  *01n 20 100TL 4  444.4  3.03  1345  472.4  1.29   610  233.7  2.76  234.3  2.75  234.6  2.72  1956  1933 1.000  44.2  31432 4C2D
26.08.2022 16:17:37  *01n 20 100TL 4  449.5  3.07  1379  479.4  1.40   669  233.7  2.86  234.0  2.84  234.8  2.81  2049  2009 1.000  44.2  31443 76A6
26.08.2022 16:17:57  *01n 20 100TL 4  468.0  3.07  1438  477.9  1.38   660  233.8  3.08  233.7  3.07  234.5  3.03  2099  2053 1.000  44.2  31454 76EA
26.08.2022 16:18:17  *01n 20 100TL 4  459.0  3.26  1498  486.7  1.43   697  233.7  3.13  233.8  3.13  234.4  3.08  2195  2096 1.000  44.2  31466 26BF
26.08.2022 16:18:37  *01n 20 100TL 4  456.7  3.12  1429  476.3  1.47   700  233.7  3.09  234.0  3.08  234.7  3.06  2130  2102 1.000  44.2  31478 049E
26.08.2022 16:18:57  *01n 20 100TL 4  456.9  3.02  1382  475.9  1.32   633  233.9  3.09  233.8  3.09  234.6  3.03  2015  2087 1.000  44.1  31490 15C0
26.08.2022 16:19:17  *01n 20 100TL 4  454.1  3.11  1414  475.9  1.42   677  233.8  3.15  233.9  3.15  234.7  3.12  2092  2075 1.000  44.1  31501 35D2
26.08.2022 16:19:37  *01n 20 100TL 4  454.8  3.16  1440  477.1  1.45   691  233.8  3.05  234.0  3.05  234.8  2.99  2131  2070 1.000  44.1  31512 80EC
26.08.2022 16:19:57  *01n 20 100TL 4  453.3  3.15  1429  493.3  1.35   666  233.8  3.07  234.0  3.06  234.8  3.01  2096  2059 1.000  44.1  31524 2FF5
26.08.2022 16:20:17  *01n 20 100TL 4  444.4  3.17  1409  474.9  1.38   656  233.8  3.03  233.8  3.01  234.6  2.98  2066  2043 1.000  44.1  31535 7E71
26.08.2022 16:20:37  *01n 20 100TL 4  453.5  2.91  1319  484.5  1.34   648  234.0  3.05  234.1  3.04  234.9  3.00  1968  2046 1.000  44.1  31547 2AD1
26.08.2022 16:20:57  *01n 20 100TL 4  453.2  3.22  1461  474.5  1.42   677  233.8  2.87  234.1  2.85  235.1  2.82  2139  2023 1.000  44.1  31559 7FC6
26.08.2022 16:21:17  *01n 20 100TL 4  453.2  2.90  1316  483.7  1.28   619  233.9  3.04  234.7  3.06  234.7  3.04  1936  2018 1.000  44.1  31570 6983
26.08.2022 16:21:37  *01n 20 100TL 4  453.1  3.07  1391  474.8  1.42   677  234.3  2.98  234.4  2.95  235.0  2.96  2069  2023 1.000  44.1  31580 7EB0
26.08.2022 16:21:57  *01n 20 100TL 4  452.7  3.06  1388  492.6  1.33   656  234.1  3.05  234.3  3.05  235.1  3.03  2044  2027 1.000  44.1  31592 0659
26.08.2022 16:22:18  *01n 20 100TL 4  452.4  3.00  1361  473.5  1.31   621  234.2  3.02  234.4  3.01  235.2  2.96  1982  2030 1.000  44.0  31604 6218
26.08.2022 16:22:38  *01n 20 100TL 4  452.2  3.17  1438  482.8  1.44   697  234.1  2.91  234.4  2.90  235.3  2.87  2136  2049 1.000  44.0  31615 240A
26.08.2022 16:22:58  *01n 20 100TL 4  460.8  2.97  1371  482.5  1.33   642  234.2  3.11  234.5  3.10  235.3  3.08  2014  2056 1.000  44.0  31626 5AAC
26.08.2022 16:23:18  *01n 20 100TL 4  451.6  3.21  1455  482.3  1.39   671  234.4  2.90  234.5  2.89  235.4  2.86  2127  2038 1.000  44.0  31638 B1B9
26.08.2022 16:23:38  *01n 20 100TL 4  460.4  3.01  1387  482.0  1.38   669  234.3  2.92  234.4  2.90  235.2  2.88  2056  2037 1.000  44.0  31649 E99B
26.08.2022 16:23:58  *01n 20 100TL 4  451.3  3.19  1440  482.0  1.45   700  233.9  2.88  234.5  2.88  235.0  2.84  2140  2035 1.000  44.0  31660 13B7
26.08.2022 16:24:18  *01n 20 100TL 4  450.8  3.22  1454  481.8  1.37   662  234.4  2.96  234.2  2.93  235.4  2.91  2116  2035 1.000  44.0  31672 35F3
26.08.2022 16:24:38  *01n 20 100TL 4  459.6  2.98  1370  481.5  1.36   657  234.2  3.01  234.5  2.99  235.1  2.98  2027  2021 1.000  44.0  31683 E558
26.08.2022 16:24:58  *01n 20 100TL 4  459.5  2.94  1355  481.3  1.33   645  234.1  2.91  234.4  2.89  235.2  2.88  2000  1972 1.000  44.0  31694 9908
26.08.2022 16:25:18  *01n 20 100TL 4  459.4  2.95  1358  481.1  1.27   614  234.4  2.89  234.5  2.89  235.2  2.83  1972  1937 1.000  44.0  31705 FBB7
26.08.2022 16:25:38  *01n 20 100TL 4  467.5  2.68  1252  490.5  1.23   605  234.4  2.83  234.5  2.83  235.4  2.78  1858  1908 1.000  44.0  31716 1B5E
26.08.2022 16:25:58  *01n 20 100TL 4  466.1  2.80  1306  480.5  1.29   621  234.3  2.81  234.5  2.81  235.2  2.77  1927  1890 1.000  44.0  31727 064E
26.08.2022 16:26:18  *01n 20 100TL 4  458.7  2.92  1344  480.2  1.25   601  234.2  2.87  234.4  2.85  235.3  2.82  1945  1882 1.000  44.0  31737 9F10
26.08.2022 16:26:38  *01n 20 100TL 4  458.5  2.69  1234  470.8  1.20   567  234.2  2.81  234.5  2.79  235.1  2.77  1802  1867 1.000  44.0  31747 42B7
26.08.2022 16:26:58  *01n 20 100TL 4  458.5  2.63  1210  489.6  1.16   573  234.1  2.79  234.6  2.79  235.3  2.73  1783  1860 1.000  44.0  31757 4ED7
26.08.2022 16:27:18  *01n 20 100TL 4  467.2  2.79  1304  470.4  1.22   578  234.3  2.63  234.5  2.61  235.4  2.58  1882  1852 1.000  43.9  31768 5D9B
26.08.2022 16:27:38  *01n 20 100TL 4  455.8  2.65  1210  479.3  1.20   578  234.2  2.84  234.6  2.83  235.6  2.78  1788  1887 1.000  44.0  31779 72F6
26.08.2022 16:27:58  *01n 20 100TL 4  461.0  2.87  1326  477.1  1.28   614  235.0  2.88  234.2  2.86  234.8  2.85  1940  1910 1.000  43.9  31789 73FF
26.08.2022 16:28:18  *01n 20 100TL 4  461.1  2.95  1364  476.2  1.28   610  234.3  2.92  234.9  2.93  235.5  2.90  1974  1921 1.000  43.9  31800 CF7E
26.08.2022 16:28:38  *01n 20 100TL 4  457.2  2.82  1292  488.2  1.20   587  234.4  2.84  234.6  2.82  235.5  2.82  1879  1931 1.000  43.9  31810 B96E
26.08.2022 16:28:59  *01n 20 100TL 4  466.2  2.78  1300  478.3  1.31   628  234.5  2.94  235.1  2.94  235.7  2.91  1928  1930 1.000  43.9  31821 1644
26.08.2022 16:29:19  *01n 20 100TL 4  464.7  2.84  1319  487.6  1.29   628  234.4  2.87  234.8  2.86  235.6  2.81  1948  1931 1.000  43.9  31832 0348
26.08.2022 16:29:39  *01n 20 100TL 4  459.7  2.91  1338  478.6  1.29   617  234.4  2.73  234.6  2.71  235.3  2.67  1956  1908 1.000  43.9  31843 A223
26.08.2022 16:29:59  *01n 20 100TL 4  460.1  2.70  1243  489.8  1.22   598  234.5  2.90  234.6  2.88  235.4  2.85  1841  1889 1.000  43.9  31853 3BA9
26.08.2022 16:30:19  *01n 20 100TL 4  469.3  2.71  1274  480.8  1.18   570  234.5  2.80  234.5  2.80  235.5  2.75  1844  1861 1.000  43.9  31864 1105
26.08.2022 16:30:39  *01n 20 100TL 4  455.9  2.91  1327  486.7  1.24   607  234.5  2.81  234.7  2.81  235.6  2.76  1934  1870 1.000  43.9  31874 FB34
26.08.2022 16:30:59  *01n 20 100TL 4  455.1  2.92  1330  496.4  1.27   633  234.2  2.71  234.7  2.68  235.5  2.68  1963  1876 1.000  43.9  31885 A64C
26.08.2022 16:31:19  *01n 20 100TL 4  458.2  2.88  1321  485.7  1.23   598  234.5  2.69  234.5  2.67  235.3  2.64  1919  1893 1.000  43.9  31895 126D
26.08.2022 16:31:39  *01n 20 100TL 4  451.5  2.93  1324  478.4  1.29   617  234.0  2.74  234.4  2.73  235.2  2.70  1942  1908 1.000  43.8  31906 B59A
26.08.2022 16:31:59  *01n 20 100TL 4  468.2  2.74  1284  489.5  1.25   613  234.2  2.99  234.7  2.99  235.4  2.96  1898  1948 1.000  43.9  31916 930A
26.08.2022 16:32:19  *01n 20 100TL 4  459.5  3.09  1419  481.5  1.33   642  234.9  2.93  233.8  2.94  234.8  2.88  2061  1976 1.000  43.8  31928 C075
26.08.2022 16:32:39  *01n 20 100TL 4  468.0  2.89  1355  480.2  1.36   653  233.8  3.05  234.1  3.04  235.0  3.02  2008  1992 1.000  43.8  31939 B95A
26.08.2022 16:32:59  *01n 20 100TL 4  465.6  2.92  1361  475.5  1.38   657  233.9  2.82  233.9  2.79  234.8  2.78  2018  1994 1.000  43.8  31949 ADC5
26.08.2022 16:33:19  *01n 20 100TL 4  457.5  3.20  1466  477.1  1.38   662  234.1  2.97  234.4  2.95  235.2  2.96  2128  2014 1.000  43.8  31960 85B7
26.08.2022 16:33:39  *01n 20 100TL 4  458.8  2.93  1345  480.8  1.32   636  235.2  2.98  233.8  2.99  234.4  2.94  1982  2024 1.000  43.8  31972 29BD
26.08.2022 16:33:59  *01n 20 100TL 4  467.7  2.83  1327  488.2  1.29   634  234.0  3.03  234.3  3.03  235.1  2.97  1962  2029 1.000  43.8  31983 24B8
26.08.2022 16:34:19  *01n 20 100TL 4  466.7  2.89  1348  488.6  1.25   611  234.1  2.89  234.3  2.86  235.0  2.82  1960  2034 1.000  43.7  31995 C6EB
26.08.2022 16:34:39  *01n 20 100TL 4  466.7  3.05  1425  488.8  1.37   668  234.1  2.92  234.5  2.91  235.4  2.87  2093  2040 1.000  43.7  32006 A0A4
26.08.2022 16:34:59  *01n 20 100TL 4  466.2  3.01  1408  478.8  1.42   685  234.0  3.12  234.5  3.11  235.3  3.08  2093  2044 1.000  43.7  32017 37C4
26.08.2022 16:35:19  *01n 20 100TL 4  465.1  2.88  1344  480.6  1.28   614  233.9  3.01  234.4  3.01  235.2  2.96  1959  2038 1.000  43.7  32028 FBD4
26.08.2022 16:35:40  *01n 20 100TL 4  456.4  3.14  1437  488.9  1.38   679  233.9  2.95  234.1  2.92  235.5  2.91  2116  2034 1.000  43.7  32040 4A24
26.08.2022 16:36:00  *01n 20 100TL 4  474.6  2.98  1417  487.2  1.40   685  234.0  2.90  234.5  2.87  235.3  2.86  2102  2012 1.000  43.7  32051 123F
26.08.2022 16:36:20  *01n 20 100TL 4  465.3  3.02  1408  477.9  1.33   633  233.8  2.99  234.3  2.96  235.2  2.96  2041  2018 1.000  43.7  32063 E78E
26.08.2022 16:36:40  *01n 20 100TL 4  465.1  2.96  1379  486.8  1.30   639  233.8  3.05  234.0  3.04  234.8  3.03  2018  2020 1.000  43.7  32074 FC72
26.08.2022 16:37:00  *01n 20 100TL 4  456.0  2.89  1318  486.8  1.30   633  234.0  2.95  234.3  2.92  235.0  2.92  1951  2014 1.000  43.7  32085 2AEF
26.08.2022 16:37:20  *01n 20 100TL 4  455.6  3.17  1446  486.7  1.33   651  234.1  2.89  234.5  2.88  235.2  2.86  2098  2011 1.000  43.7  32097 49DB
26.08.2022 16:37:40  *01n 20 100TL 4  464.1  2.97  1383  487.2  1.31   642  234.0  3.08  234.3  3.07  235.2  3.04  2026  2011 1.000  43.7  32107 DE7A
26.08.2022 16:38:00  *01n 20 100TL 4  464.0  2.98  1385  476.7  1.39   666  234.2  3.00  234.6  2.98  235.5  2.97  2052  1997 1.000  43.7  32119 9894
26.08.2022 16:38:20  *01n 20 100TL 4  463.8  2.94  1367  486.0  1.26   617  234.2  2.82  234.7  2.81  235.4  2.78  1985  1989 1.000  43.7  32130 7888
26.08.2022 16:38:40  *01n 20 100TL 4  463.9  3.05  1416  485.7  1.35   656  234.1  2.80  234.5  2.78  235.3  2.74  2072  1980 1.000  43.7  32141 3E08
26.08.2022 16:39:00  *01n 20 100TL 4  454.3  2.87  1306  485.3  1.29   625  234.0  2.92  234.3  2.94  235.1  2.87  1931  1972 1.000  43.7  32152 3FF2
26.08.2022 16:39:20  *01n 20 100TL 4  463.3  2.96  1371  485.0  1.28   622  234.1  2.95  234.5  2.93  235.3  2.90  1994  1979 1.000  43.7  32163 9050
26.08.2022 16:39:40  *01n 20 100TL 4  463.1  2.77  1286  475.2  1.28   608  234.3  2.95  234.5  2.95  235.3  2.88  1895  1963 1.000  43.7  32174 7F99
26.08.2022 16:40:00  *01n 20 100TL 4  453.8  3.04  1380  484.3  1.38   671  234.1  2.96  234.4  2.94  235.1  2.94  2052  1963 1.000  43.7  32184 DB45
26.08.2022 16:40:20  *01n 20 100TL 4  453.5  3.02  1373  484.1  1.29   624  234.5  2.97  235.0  2.99  234.7  2.96  1997  1959 1.000  43.7  32195 5486
26.08.2022 16:40:40  *01n 20 100TL 4  462.5  2.83  1310  494.0  1.20   598  234.5  2.99  235.0  2.97  235.3  2.96  1908  1951 1.000  43.6  32207 1721
26.08.2022 16:41:00  *01n 20 100TL 4  462.2  2.87  1330  483.7  1.32   640  234.5  2.78  234.9  2.77  235.3  2.74  1971  1937 1.000  43.6  32218 540E
26.08.2022 16:41:21  *01n 20 100TL 4  461.9  2.93  1356  474.3  1.26   602  234.5  2.84  234.7  2.82  235.3  2.81  1959  1925 1.000  43.6  32228 5356
26.08.2022 16:41:41  *01n 20 100TL 4  463.0  2.94  1364  493.2  1.30   646  234.4  2.85  234.8  2.86  235.3  2.81  2011  1922 1.000  43.6  32239 DF18
26.08.2022 16:42:01  *01n 20 100TL 4  458.4  2.69  1237  483.3  1.20   585  234.4  2.89  234.7  2.89  235.4  2.82  1823  1921 1.000  43.6  32250 D3F6
26.08.2022 16:42:21  *01n 20 100TL 4  461.2  2.73  1263  483.2  1.19   575  234.3  2.93  234.9  2.93  235.5  2.90  1838  1924 1.000  43.6  32260 13BD
26.08.2022 16:42:41  *01n 20 100TL 4  461.0  2.88  1329  482.8  1.28   622  234.4  2.94  234.9  2.94  235.5  2.90  1951  1922 1.000  43.6  32271 4BA5
26.08.2022 16:43:01  *01n 20 100TL 4  460.8  2.86  1318  482.6  1.29   624  234.3  2.93  234.9  2.93  235.5  2.90  1942  1921 1.000  43.6  32282 B646
26.08.2022 16:43:21  *01n 20 100TL 4  461.0  2.86  1321  482.2  1.22   592  234.2  2.80  234.8  2.80  235.4  2.77  1913  1918 1.000  43.6  32292 D4A0
26.08.2022 16:43:41  *01n 20 100TL 4  458.1  2.96  1358  482.0  1.30   630  234.2  2.89  234.6  2.88  235.2  2.85  1988  1913 1.000  43.6  32303 8284
26.08.2022 16:44:01  *01n 20 100TL 4  454.6  2.99  1362  490.2  1.31   645  234.3  2.70  234.5  2.70  235.3  2.66  2008  1901 1.000  43.6  32314 24A4
26.08.2022 16:44:21  *01n 20 100TL 4  460.1  2.89  1329  481.2  1.25   604  234.2  2.74  234.8  2.72  235.4  2.71  1933  1895 1.000  43.6  32324 4830
26.08.2022 16:44:41  *01n 20 100TL 4  459.7  2.85  1312  481.4  1.25   604  234.4  2.74  234.8  2.71  235.5  2.69  1916  1882 1.000  43.5  32335 BEE3
26.08.2022 16:45:01  *01n 20 100TL 4  459.6  2.78  1280  491.0  1.24   611  234.3  2.83  234.8  2.85  235.5  2.82  1892  1872 1.000  43.5  32345 33F5
26.08.2022 16:45:21  *01n 20 100TL 4  457.7  2.82  1295  480.9  1.19   573  234.3  2.84  234.9  2.85  235.7  2.81  1869  1861 1.000  43.5  32355 228C
26.08.2022 16:45:41  *01n 20 100TL 4  466.2  2.78  1295  481.3  1.24   599  235.1  2.76  234.3  2.76  235.3  2.70  1895  1846 1.000  43.5  32366 0335
26.08.2022 16:46:01  *01n 20 100TL 4  462.4  2.62  1214  492.5  1.14   564  234.2  2.83  234.5  2.84  235.2  2.80  1779  1852 1.000  43.5  32376 0043
26.08.2022 16:46:21  *01n 20 100TL 4  462.7  2.78  1289  492.8  1.17   576  234.6  2.77  234.0  2.74  234.7  2.74  1866  1850 1.000  43.5  32387 B2F8
26.08.2022 16:46:41  *01n 20 100TL 4  458.4  2.63  1206  479.8  1.15   556  234.7  2.82  234.1  2.84  235.1  2.81  1763  1840 1.000  43.5  32396 E3E9
26.08.2022 16:47:01  *01n 20 100TL 4  457.6  2.78  1272  489.2  1.22   601  233.9  2.60  234.2  2.57  234.8  2.56  1873  1826 1.000  43.5  32407 A6DD
26.08.2022 16:47:21  *01n 20 100TL 4  455.6  2.78  1268  488.9  1.14   558  233.6  2.80  234.3  2.80  234.9  2.76  1826  1809 1.000  43.5  32417 1DA3
26.08.2022 16:47:41  *01n 20 100TL 4  454.6  2.72  1239  481.5  1.21   585  234.5  2.55  233.9  2.54  234.4  2.49  1824  1780 1.000  43.5  32427 79F2
26.08.2022 16:48:02  *01n 20 100TL 4  453.9  2.75  1251  485.3  1.16   563  233.9  2.67  234.1  2.69  234.9  2.63  1814  1762 1.000  43.5  32437 91FE
26.08.2022 16:48:22  *01n 20 100TL 4  453.4  2.70  1223  484.2  1.11   538  234.1  2.58  234.2  2.56  234.9  2.54  1762  1751 1.000  43.5  32447 A785
26.08.2022 16:48:42  *01n 20 100TL 4  452.4  2.57  1165  492.3  1.08   534  234.1  2.62  234.2  2.62  235.0  2.57  1699  1741 1.000  43.5  32457 3079
26.08.2022 16:49:02  *01n 20 100TL 4  464.5  2.49  1156  478.2  1.13   544  233.7  2.59  234.2  2.56  235.0  2.56  1701  1738 1.000  43.5  32466 FFFB
26.08.2022 16:49:22  *01n 20 100TL 4  463.2  2.71  1258  480.0  1.15   553  234.3  2.60  234.6  2.61  235.1  2.55  1812  1734 1.000  43.4  32476 3E8D
26.08.2022 16:49:42  *01n 20 100TL 4  460.0  2.62  1205  481.0  1.17   563  234.2  2.62  234.5  2.60  235.1  2.59  1768  1739 1.000  43.4  32486 93A8
26.08.2022 16:50:02  *01n 20 100TL 4  460.2  2.60  1197  482.8  1.12   541  233.9  2.54  234.3  2.55  234.8  2.52  1739  1733 1.000  43.5  32495 C870
26.08.2022 16:50:22  *01n 20 100TL 4  461.3  2.59  1197  482.4  1.10   531  234.0  2.47  234.3  2.47  235.2  2.41  1728  1722 1.000  43.4  32505 A91D
26.08.2022 16:50:42  *01n 20 100TL 4  460.7  2.42  1115  491.1  1.08   527  234.4  2.58  234.5  2.59  235.1  2.53  1643  1721 1.000  43.4  32515 F253
26.08.2022 16:51:02  *01n 20 100TL 4  451.0  2.67  1208  491.0  1.11   546  234.3  2.59  234.3  2.60  235.1  2.54  1754  1710 1.000  43.4  32524 C683
26.08.2022 16:51:22  *01n 20 100TL 4  459.1  2.61  1200  482.8  1.08   526  234.6  2.41  233.9  2.39  235.2  2.37  1727  1702 1.000  43.4  32533 2690
26.08.2022 16:51:42  *01n 20 100TL 4  460.6  2.53  1168  489.6  1.12   550  234.3  2.66  234.6  2.65  235.3  2.62  1719  1698 1.000  43.4  32543 0A62
26.08.2022 16:52:02  *01n 20 100TL 4  450.5  2.57  1158  481.0  1.08   524  234.2  2.42  234.3  2.41  235.1  2.39  1683  1675 1.000  43.4  32552 F5DE
26.08.2022 16:52:22  *01n 20 100TL 4  468.2  2.56  1202  480.5  1.09   527  234.1  2.41  234.5  2.41  235.3  2.38  1730  1666 1.000  43.4  32562 372A
26.08.2022 16:52:42  *01n 20 100TL 4  458.9  2.35  1083  489.8  1.04   511  234.3  2.52  234.4  2.51  235.2  2.46  1594  1664 1.000  43.4  32571 F95B
26.08.2022 16:53:02  *01n 20 100TL 4  458.8  2.64  1211  489.6  1.09   537  234.4  2.53  233.9  2.52  235.2  2.48  1748  1663 1.000  43.4  32581 6D85
26.08.2022 16:53:22  *01n 20 100TL 4  458.6  2.38  1091  489.4  1.02   500  234.1  2.50  234.4  2.51  235.4  2.46  1591  1655 1.000  43.4  32590 0B0F
26.08.2022 16:53:42  *01n 20 100TL 4  458.0  2.34  1074  488.7  1.03   506  234.3  2.49  234.5  2.49  235.3  2.44  1580  1652 1.000  43.4  32598 F4F5
26.08.2022 16:54:02  *01n 20 100TL 4  458.5  2.38  1091  488.7  1.01   494  234.4  2.49  234.6  2.49  235.4  2.43  1585  1651 1.000  43.4  32608 51E3
26.08.2022 16:54:22  *01n 20 100TL 4  458.1  2.54  1168  488.4  1.04   511  234.3  2.41  234.7  2.38  235.5  2.37  1680  1649 1.000  43.3  32617 F11C
26.08.2022 16:54:43  *01n 20 100TL 4  457.6  2.46  1129  488.6  1.10   538  234.5  2.51  234.8  2.51  235.5  2.46  1667  1647 1.000  43.3  32626 6F50
26.08.2022 16:55:03  *01n 20 100TL 4  457.5  2.36  1080  488.0  0.99   486  234.3  2.54  234.8  2.53  235.5  2.51  1567  1641 1.000  43.3  32636 5881
26.08.2022 16:55:23  *01n 20 100TL 4  457.2  2.32  1063  487.9  1.02   498  234.4  2.50  234.8  2.51  235.5  2.48  1562  1634 1.000  43.3  32645 4C54
26.08.2022 16:55:43  *01n 20 100TL 4  457.6  2.43  1113  487.7  1.09   534  235.0  2.47  234.8  2.46  235.0  2.44  1647  1631 1.000  43.3  32654 A40F
26.08.2022 16:56:03  *01n 20 100TL 4  456.6  2.48  1135  487.5  1.08   527  234.5  2.52  234.8  2.52  235.4  2.50  1663  1634 1.000  43.3  32663 6025
26.08.2022 16:56:23  *01n 20 100TL 4  447.6  2.37  1060  487.2  1.00   488  234.7  2.47  234.9  2.47  235.6  2.41  1548  1632 1.000  43.3  32672 AB36
26.08.2022 16:56:43  *01n 20 100TL 4  447.4  2.49  1118  486.8  1.11   544  234.6  2.52  235.0  2.55  235.6  2.50  1663  1635 1.000  43.3  32681 81A4
26.08.2022 16:57:03  *01n 20 100TL 4  456.1  2.48  1130  486.7  1.05   515  234.7  2.53  234.7  2.53  235.9  2.49  1646  1632 1.000  43.3  32690 2E77
26.08.2022 16:57:23  *01n 20 100TL 4  455.9  2.37  1081  486.5  1.03   505  234.6  2.37  234.8  2.35  235.6  2.34  1586  1623 1.000  43.3  32699 5FC8
26.08.2022 16:57:43  *01n 20 100TL 4  447.1  2.36  1057  486.2  1.06   520  234.6  2.50  234.9  2.50  235.7  2.47  1577  1628 1.000  43.3  32708 B8DE
26.08.2022 16:58:03  *01n 20 100TL 4  446.5  2.56  1145  486.0  1.11   543  235.3  2.52  234.8  2.52  235.3  2.46  1689  1620 1.000  43.3  32717 C0D5
26.08.2022 16:58:23  *01n 20 100TL 4  446.3  2.59  1158  485.5  1.12   544  234.7  2.28  235.0  2.27  235.6  2.24  1702  1600 1.000  43.3  32726 EFD0
26.08.2022 16:58:43  *01n 20 100TL 4  437.4  2.45  1072  485.2  1.09   534  234.8  2.48  235.1  2.48  235.7  2.44  1606  1591 1.000  43.3  32735 029D
26.08.2022 16:59:03  *01n 20 100TL 4  437.0  2.48  1084  485.1  1.03   503  234.8  2.26  235.1  2.24  235.8  2.22  1588  1580 1.000  43.2  32744 9A0B
26.08.2022 16:59:23  *01n 20 100TL 4  445.6  2.39  1069  484.9  1.09   529  234.6  2.45  235.0  2.45  235.7  2.43  1599  1573 1.000  43.2  32753 F7DA
26.08.2022 16:59:43  *01n 20 100TL 4  445.6  2.43  1084  484.6  1.10   537  234.9  2.28  235.2  2.25  235.9  2.23  1622  1550 1.000  43.2  32762 BC36
26.08.2022 17:00:03  *01n 20 100TL 4  436.4  2.37  1037  494.0  0.99   489  234.6  2.21  235.1  2.20  235.4  2.17  1527  1533 1.000  43.2  32770 44F6
26.08.2022 17:00:23  *01n 20 100TL 4  427.8  2.42  1036  493.2  1.04   512  234.5  2.33  235.0  2.34  235.8  2.28  1548  1528 1.000  43.2  32778 EF8C
26.08.2022 17:00:43  *01n 20 100TL 4  435.9  2.34  1023  483.5  1.08   526  234.7  2.42  235.0  2.42  235.8  2.38  1550  1521 1.000  43.2  32787 EC2D
26.08.2022 17:01:03  *01n 20 100TL 4  418.9  2.50  1048  492.8  1.03   508  234.8  2.16  235.1  2.15  235.8  2.12  1556  1507 1.000  43.2  32796 4F37
26.08.2022 17:01:24  *01n 20 100TL 4  427.2  2.36  1010  493.5  1.01   500  234.8  2.30  234.9  2.31  235.7  2.28  1510  1509 1.000  43.2  32804 3864
26.08.2022 17:01:44  *01n 20 100TL 4  435.2  2.30  1000  492.6  1.04   515  235.2  2.26  234.1  2.24  235.6  2.23  1516  1493 1.000  43.2  32812 5B42
26.08.2022 17:02:04  *01n 20 100TL 4  434.9  2.35  1025  483.6  1.01   488  235.1  2.24  234.3  2.24  236.3  2.19  1513  1464 1.000  43.2  32820 852C
26.08.2022 17:02:24  *01n 20 100TL 4  426.4  2.26   962  482.9  1.04   503  235.1  2.23  234.1  2.21  236.3  2.15  1466  1446 1.000  43.2  32829 B58C
26.08.2022 17:02:44  *01n 20 100TL 4  423.5  2.41  1020  487.4  1.07   524  235.1  2.08  234.0  2.05  236.1  2.02  1545  1443 1.000  43.2  32837 6529
26.08.2022 17:03:04  *01n 20 100TL 4  429.4  2.29   985  487.1  0.97   474  234.9  2.30  234.0  2.30  236.2  2.28  1460  1435 1.000  43.2  32845 2AD3
26.08.2022 17:03:24  *01n 20 100TL 4  420.1  2.23   939  486.8  0.95   466  234.9  2.12  233.9  2.10  236.2  2.08  1406  1434 1.000  43.2  32853 D5DA
26.08.2022 17:03:44  *01n 20 100TL 4  428.2  2.30   984  486.5  0.99   486  234.9  2.11  233.7  2.09  236.1  2.07  1470  1428 1.000  43.2  32861 F2E2
26.08.2022 17:04:04  *01n 20 100TL 4  419.2  2.26   946  486.4  0.93   454  235.1  2.13  233.8  2.11  236.2  2.10  1400  1432 1.000  43.1  32869 8677
26.08.2022 17:04:24  *01n 20 100TL 4  423.0  2.35   994  496.0  1.03   514  235.1  2.18  233.9  2.17  236.2  2.13  1509  1429 1.000  43.1  32877 A97C
26.08.2022 17:04:44  *01n 20 100TL 4  426.4  2.11   903  485.8  0.91   440  235.0  2.18  234.2  2.19  236.3  2.13  1344  1417 1.000  43.1  32885 011C
26.08.2022 17:05:04  *01n 20 100TL 4  431.7  2.07   895  495.7  0.93   466  235.1  2.17  233.8  2.16  236.1  2.11  1362  1397 1.000  43.1  32893 51E1
26.08.2022 17:05:24  *01n 20 100TL 4  437.3  2.15   941  485.9  1.03   505  234.9  2.03  233.7  2.00  236.2  1.98  1446  1376 1.000  43.1  32900 A4C6
26.08.2022 17:05:44  *01n 20 100TL 4  446.2  2.06   921  494.7  0.94   466  234.7  2.13  233.8  2.10  236.1  2.07  1388  1358 1.000  43.1  32908 6B28
26.08.2022 17:06:04  *01n 20 100TL 4  446.0  2.02   901  485.6  0.98   477  234.8  1.96  233.6  1.97  236.0  1.93  1379  1348 1.000  43.1  32916 2C0A
26.08.2022 17:06:25  *01n 20 100TL 4  473.4  1.94   920  504.4  0.98   497  234.7  2.15  233.4  2.14  236.0  2.13  1417  1356 1.000  43.1  32923 E61E
26.08.2022 17:06:45  *01n 20 100TL 4  463.6  2.07   964  484.9  0.99   480  234.7  2.11  233.6  2.11  235.8  2.09  1445  1365 1.000  43.1  32931 1B8D
26.08.2022 17:07:05  *01n 20 100TL 4  463.6  1.88   874  493.9  0.93   462  234.6  2.10  233.6  2.09  235.8  2.07  1336  1364 1.000  43.1  32938 59FE
26.08.2022 17:07:25  *01n 20 100TL 4  471.9  1.87   888  491.3  0.98   486  234.6  1.96  233.9  1.93  235.8  1.91  1374  1353 1.000  43.1  32946 F29A
26.08.2022 17:07:45  *01n 20 100TL 4  462.1  2.04   944  495.1  0.98   488  234.7  2.17  234.0  2.16  235.8  2.13  1432  1358 1.000  43.1  32953 EBDF
26.08.2022 17:08:05  *01n 20 100TL 4  462.2  2.04   944  484.9  1.00   486  234.8  2.09  234.2  2.07  236.0  2.06  1431  1351 1.000  43.1  32961 F05E
26.08.2022 17:08:25  *01n 20 100TL 4  462.8  1.81   839  494.1  0.91   453  234.5  2.14  234.0  2.14  235.9  2.12  1292  1347 1.000  43.1  32968 3F90
26.08.2022 17:08:45  *01n 20 100TL 4  472.1  1.97   930  492.1  0.94   463  234.5  1.98  233.9  1.97  235.6  1.94  1394  1333 1.000  43.1  32976 688A
26.08.2022 17:09:05  *01n 20 100TL 4  462.3  1.89   875  492.9  0.93   460  234.5  1.94  234.1  1.94  235.8  1.89  1336  1322 1.000  43.0  32983 3859
26.08.2022 17:09:25  *01n 20 100TL 4  471.3  1.95   923  492.5  0.98   486  234.5  2.06  234.1  2.06  235.7  1.99  1409  1315 1.000  43.0  32991 6700
26.08.2022 17:09:45  *01n 20 100TL 4  471.8  1.86   878  490.3  0.89   436  234.1  1.91  233.8  1.91  235.4  1.87  1315  1304 1.000  43.0  32998 74CB
26.08.2022 17:10:05  *01n 20 100TL 4  479.8  1.69   814  493.0  0.83   410  234.3  2.01  233.6  1.99  235.3  1.99  1225  1303 1.000  43.0  33005 AF88
26.08.2022 17:10:25  *01n 20 100TL 4  470.8  1.91   903  491.1  0.97   477  234.0  2.02  233.6  2.03  235.3  1.97  1380  1290 1.000  43.0  33012 940D
26.08.2022 17:10:45  *01n 20 100TL 4  461.3  1.80   831  500.8  0.80   404  234.1  2.12  233.8  2.13  235.4  2.07  1235  1283 1.000  43.0  33020 BECE
26.08.2022 17:11:05  *01n 20 100TL 4  461.1  1.73   801  491.2  0.87   430  234.4  2.02  233.8  2.03  235.5  2.01  1231  1274 1.000  43.0  33027 4284
26.08.2022 17:11:25  *01n 20 100TL 4  469.9  1.67   785  500.6  0.77   387  234.3  1.98  233.8  2.00  235.5  1.92  1173  1260 1.000  43.0  33034 8D5A
26.08.2022 17:11:45  *01n 20 100TL 4  469.7  1.80   848  490.6  0.86   427  234.2  1.87  233.9  1.86  235.6  1.82  1275  1251 1.000  43.0  33041 FA35
26.08.2022 17:12:05  *01n 20 100TL 4  460.2  1.79   827  499.7  0.86   430  234.4  2.04  234.1  2.03  235.8  1.98  1257  1249 1.000  43.0  33047 AF98
26.08.2022 17:12:25  *01n 20 100TL 4  460.3  1.69   781  480.5  0.80   387  234.3  1.92  233.9  1.92  235.5  1.88  1168  1240 1.000  43.0  33055 18D7
26.08.2022 17:12:45  *01n 20 100TL 4  459.7  1.84   848  499.5  0.82   410  234.1  2.03  233.9  2.05  235.5  2.00  1258  1248 1.000  43.0  33062 6D79
26.08.2022 17:13:06  *01n 20 100TL 4  459.4  1.81   833  499.4  0.85   425  235.0  1.95  233.3  1.97  235.6  1.91  1258  1249 1.000  43.0  33069 F38E
26.08.2022 17:13:26  *01n 20 100TL 4  459.5  1.87   862  489.3  0.86   427  234.3  1.96  233.5  1.97  235.5  1.91  1289  1246 1.000  42.9  33076 7DD4
26.08.2022 17:13:46  *01n 20 100TL 4  459.2  1.83   842  489.0  0.84   411  234.5  1.96  233.9  1.97  235.6  1.91  1254  1249 1.000  42.9  33082 C510
26.08.2022 17:14:06  *01n 20 100TL 4  457.5  1.92   878  488.8  0.93   456  234.4  1.85  233.7  1.85  235.2  1.81  1335  1252 1.000  42.9  33090 2BC9
26.08.2022 17:14:26  *01n 20 100TL 4  458.2  1.86   852  498.3  0.84   419  234.3  2.05  233.5  2.03  235.2  2.01  1272  1258 1.000  42.9  33096 5F49
26.08.2022 17:14:46  *01n 20 100TL 4  458.4  1.84   848  488.3  0.82   401  234.3  1.94  233.8  1.94  235.4  1.89  1249  1246 1.000  42.9  33103 B922
26.08.2022 17:15:06  *01n 20 100TL 4  458.1  1.87   857  497.9  0.88   440  234.3  1.87  233.7  1.84  235.3  1.84  1298  1235 1.000  42.9  33110 5F73
26.08.2022 17:15:26  *01n 20 100TL 4  457.8  1.74   798  497.6  0.76   383  234.1  1.84  233.6  1.84  235.5  1.80  1181  1217 1.000  42.9  33117 EF20
26.08.2022 17:15:46  *01n 20 100TL 4  459.0  1.73   796  487.5  0.83   408  234.2  1.87  233.5  1.86  235.3  1.85  1205  1200 1.000  42.9  33124 49D1
26.08.2022 17:16:06  *01n 20 100TL 4  464.4  1.72   798  497.2  0.82   408  233.9  1.95  233.4  1.95  235.2  1.91  1206  1181 1.000  42.9  33131 F0CF
26.08.2022 17:16:26  *01n 20 100TL 4  462.9  1.76   817  499.4  0.76   383  234.1  1.86  233.4  1.84  235.1  1.80  1200  1158 1.000  42.9  33137 42C9
26.08.2022 17:16:46  *01n 20 100TL 4  457.2  1.77   811  486.9  0.80   390  234.0  1.85  233.5  1.81  235.2  1.77  1202  1144 1.000  42.9  33143 730D
26.08.2022 17:17:06  *01n 20 100TL 4  475.5  1.70   811  496.6  0.84   421  233.6  1.78  233.4  1.77  235.3  1.73  1232  1130 1.000  42.9  33150 09FD
26.08.2022 17:17:26  *01n 20 100TL 4  457.3  1.62   740  496.3  0.69   346  233.8  1.81  233.7  1.81  235.5  1.76  1086  1126 1.000  42.8  33156 CAD1
26.08.2022 17:17:46  *01n 20 100TL 4  458.8  1.48   677  506.0  0.66   338  234.3  1.78  233.3  1.78  235.4  1.72  1016  1106 1.000  42.9  33163 B48B
26.08.2022 17:18:06  *01n 20 100TL 4  459.1  1.55   712  496.4  0.71   352  234.2  1.59  233.5  1.58  235.3  1.56  1065  1063 1.000  42.9  33169 BB5B
26.08.2022 17:18:26  *01n 20 100TL 4  442.0  1.60   712  479.8  0.67   320  233.9  1.64  233.5  1.63  235.5  1.59  1033   997 1.000  42.8  33174 5161
26.08.2022 17:18:46  *01n 20 100TL 4  464.9  1.55   726  495.0  0.68   341  234.0  1.58  233.3  1.58  235.2  1.53  1068   973 1.000  42.8  33179 C54B
26.08.2022 17:19:06  *01n 20 100TL 4  465.0  1.61   750  485.5  0.75   367  234.3  1.69  233.7  1.67  235.6  1.62  1118  1037 1.000  42.8  33185 7A47
26.08.2022 17:19:27  *01n 20 100TL 4  466.1  1.37   642  484.9  0.57   279  234.2  1.48  233.5  1.48  235.5  1.44   921   924 1.000  42.8  33191 42CB
26.08.2022 17:19:47  *01n 20 100TL 4  452.4  1.28   579  495.6  0.54   267  234.2  1.48  233.5  1.49  235.5  1.46   846   851 1.000  42.8  33195 EBCE
26.08.2022 17:20:07  *01n 20 100TL 4  467.7  1.20   563  487.0  0.46   224  233.8  1.31  233.5  1.31  235.2  1.28   787   775 1.000  42.8  33200 C913
26.08.2022 17:20:27  *01n 20 100TL 4  469.7  1.08   511  481.3  0.41   201  233.8  1.30  233.7  1.32  235.2  1.28   712   747 1.000  42.8  33204 7A2F
26.08.2022 17:20:47  *01n 20 100TL 4  477.5  1.23   588  488.2  0.55   273  233.9  1.45  233.6  1.44  235.1  1.41   862   817 1.000  42.8  33209 1ED8
26.08.2022 17:21:07  *01n 20 100TL 4  462.4  1.17   541  475.4  0.44   213  233.9  1.32  233.5  1.31  235.2  1.31   755   727 1.000  42.8  33213 BAD5
26.08.2022 17:21:27  *01n 20 100TL 4  470.0  1.38   651  481.6  0.57   279  234.0  1.60  233.4  1.59  235.2  1.58   930   929 1.000  42.7  33218 D67C
26.08.2022 17:21:47  *01n 20 100TL 4  457.6  1.32   607  490.8  0.59   289  234.3  1.62  233.1  1.62  235.3  1.59   897   958 1.000  42.7  33223 F73A
26.08.2022 17:22:07  *01n 20 100TL 4  458.0  1.38   633  480.9  0.56   273  234.0  1.57  233.7  1.55  235.3  1.51   906   949 1.000  42.7  33228 4509
26.08.2022 17:22:27  *01n 20 100TL 4  457.9  1.38   631  471.3  0.62   296  233.7  1.56  234.4  1.56  235.1  1.50   927   941 1.000  42.7  33234 8D61
26.08.2022 17:22:47  *01n 20 100TL 4  457.5  1.46   671  490.0  0.65   321  233.8  1.51  233.1  1.53  235.2  1.48   993   949 1.000  42.7  33239 F54E
26.08.2022 17:23:07  *01n 20 100TL 4  457.6  1.55   714  499.8  0.61   305  233.7  1.58  232.9  1.56  235.1  1.53  1019   959 1.000  42.7  33244 0140
26.08.2022 17:23:27  *01n 20 100TL 4  465.2  1.49   694  499.3  0.64   318  233.6  1.44  233.4  1.46  235.1  1.45  1013   953 1.000  42.7  33249 C325
26.08.2022 17:23:47  *01n 20 100TL 4  465.7  1.27   592  489.3  0.57   279  233.8  1.55  233.2  1.57  235.2  1.51   871   941 1.000  42.7  33255 234E
26.08.2022 17:24:07  *01n 20 100TL 4  466.4  1.47   686  470.0  0.61   289  233.5  1.43  233.2  1.45  235.2  1.40   976   904 1.000  42.7  33260 ED50
26.08.2022 17:24:27  *01n 20 100TL 4  466.0  1.29   602  488.8  0.55   268  233.7  1.51  233.4  1.51  235.2  1.47   871   865 1.000  42.7  33265 E565
26.08.2022 17:24:47  *01n 20 100TL 4  465.9  1.21   566  488.7  0.48   236  233.7  1.44  233.3  1.44  235.1  1.40   802   820 1.000  42.7  33270 4279
26.08.2022 17:25:08  *01n 20 100TL 4  465.5  1.25   581  486.9  0.50   248  233.6  1.36  233.3  1.35  235.2  1.31   830   791 1.000  42.7  33274 028E
26.08.2022 17:25:27  *01n 20 100TL 4  465.7  1.23   575  475.7  0.51   247  233.5  1.31  233.0  1.33  234.8  1.29   822   775 1.000  42.6  33278 5318
26.08.2022 17:25:48  *01n 20 100TL 4  474.0  1.16   553  487.9  0.47   230  233.2  1.33  232.8  1.33  234.6  1.28   784   775 1.000  42.6  33283 7C19
26.08.2022 17:26:08  *01n 20 100TL 4  465.4  1.28   598  487.9  0.49   241  233.2  1.35  233.1  1.37  234.9  1.34   839   794 1.000  42.6  33287 FBE3
26.08.2022 17:26:28  *01n 20 100TL 4  464.4  1.14   532  487.7  0.47   230  233.4  1.34  232.3  1.36  234.9  1.35   762   776 0.999c  42.6  33291 5E8E
26.08.2022 17:26:48  *01n 20 100TL 4  473.2  0.94   448  474.0  0.35   164  233.2  1.22  232.8  1.20  234.6  1.16   613   651 1.000  42.6  33295 922E
26.08.2022 17:27:08  *01n 20 100TL 4  454.7  0.91   418  454.2  0.34   155  232.9  1.09  233.8  1.09  234.4  1.07   573   595 1.000  42.6  33299 7EB9
26.08.2022 17:27:28  *01n 20 100TL 4  454.8  0.86   395  433.8  0.31   137  233.2  1.20  232.9  1.22  234.4  1.19   532   584 1.000  42.6  33302 4EC2
26.08.2022 17:27:48  *01n 20 100TL 4  454.5  0.93   425  413.6  0.32   131  233.2  1.19  232.9  1.20  234.5  1.16   556   576 1.000  42.6  33306 A2CD
26.08.2022 17:28:08  *01n 20 100TL 4  445.6  0.87   392  398.7  0.33   132  233.0  1.15  232.9  1.19  234.5  1.14   524   572 1.000  42.6  33309 8458
26.08.2022 17:28:28  *01n 20 100TL 4  445.0  1.07   479  398.6  0.40   160  233.0  1.18  233.6  1.18  234.2  1.15   639   592 1.000  42.6  33312 829D
26.08.2022 17:28:48  *01n 20 100TL 4  462.7  1.10   512  398.3  0.40   160  233.2  1.15  233.5  1.17  234.3  1.12   672   634 1.000  42.5  33315 2395
26.08.2022 17:29:08  *01n 20 100TL 4  444.8  1.06   474  398.6  0.41   166  233.4  1.16  232.6  1.18  234.7  1.13   640   599 1.000  42.5  33319 502D
26.08.2022 17:29:28  *01n 20 100TL 4  453.3  1.10   502  398.6  0.40   161  233.2  1.09  232.6  1.09  234.6  1.07   663   598 1.000  42.5  33322 DF3A
26.08.2022 17:29:48  *01n 20 100TL 4  462.4  1.05   486  398.6  0.38   152  233.1  1.12  232.7  1.13  234.4  1.11   639   596 1.000  42.5  33325 9D21
26.08.2022 17:30:08  *01n 20 100TL 4  451.0  0.97   440  398.6  0.37   149  232.9  1.19  232.7  1.23  234.4  1.20   590   602 1.000  42.5  33329 46EB
26.08.2022 17:30:28  *01n 20 100TL 4  446.9  1.08   483  398.7  0.36   146  233.1  1.08  232.7  1.11  234.6  1.08   630   598 1.000  42.5  33332 6D5D
26.08.2022 17:30:49  *01n 20 100TL 4  452.6  0.97   442  398.5  0.36   144  233.0  1.21  232.8  1.22  234.5  1.17   587   607 1.000  42.5  33335 EAD5
26.08.2022 17:31:09  *01n 20 100TL 4  452.3  1.00   454  398.5  0.39   157  233.0  1.14  233.3  1.17  234.2  1.11   611   617 1.000  42.5  33339 6838
26.08.2022 17:31:29  *01n 20 100TL 4  461.2  1.05   488  398.5  0.39   158  233.0  1.18  232.5  1.20  234.4  1.18   646   630 1.000  42.5  33342 D66C
26.08.2022 17:31:49  *01n 20 100TL 4  451.2  1.13   514  398.5  0.41   163  233.3  1.23  233.4  1.24  234.4  1.21   677   628 1.000  42.5  33346 EBBB
26.08.2022 17:32:09  *01n 20 100TL 4  454.4  1.12   508  398.4  0.43   170  232.9  1.20  233.3  1.21  234.1  1.18   679   636 1.000  42.4  33349 A4B8
26.08.2022 17:32:29  *01n 20 100TL 4  447.2  1.12   505  398.6  0.39   158  233.1  1.15  232.0  1.18  234.4  1.16   663   639 1.000  42.4  33353 D084
26.08.2022 17:32:49  *01n 20 100TL 4  460.1  1.15   534  398.6  0.43   173  233.0  1.28  232.6  1.28  234.4  1.27   708   654 1.000  42.4  33357 5D8D
26.08.2022 17:33:09  *01n 20 100TL 4  450.9  1.10   500  398.5  0.43   173  233.1  1.29  232.7  1.29  234.3  1.26   674   656 1.000  42.4  33360 9952
26.08.2022 17:33:29  *01n 20 100TL 4  469.0  1.12   526  398.3  0.43   170  233.0  1.29  233.4  1.33  234.1  1.30   697   677 1.000  42.4  33364 E64C
26.08.2022 17:33:49  *01n 20 100TL 4  461.7  1.22   567  398.5  0.52   207  233.3  1.37  232.7  1.40  234.5  1.33   775   811 1.000  42.4  33368 AD3C
26.08.2022 17:34:09  *01n 20 100TL 4  464.7  1.32   614  398.4  0.54   219  233.2  1.36  232.8  1.40  234.8  1.34   834   810 1.000  42.4  33373 41D0
26.08.2022 17:34:29  *01n 20 100TL 4  473.5  1.26   599  402.6  0.49   198  233.3  1.46  232.5  1.44  234.8  1.44   798   840 1.000  42.4  33377 E38A
26.08.2022 17:34:49  *01n 20 100TL 4  472.0  1.21   572  398.6  0.51   205  233.4  1.39  232.6  1.40  234.7  1.34   778   767 1.000  42.4  33382 323C
26.08.2022 17:35:09  *01n 20 100TL 4  477.0  1.13   541  398.4  0.49   195  232.8  1.18  232.5  1.21  234.4  1.18   737   682 1.000  42.4  33386 96A3
26.08.2022 17:35:29  *01n 20 100TL 4  459.8  1.24   570  398.3  0.46   183  233.2  1.22  232.5  1.23  233.8  1.17   753   692 1.000  42.4  33389 340D
26.08.2022 17:35:49  *01n 20 100TL 4  454.9  1.08   494  398.9  0.44   175  232.8  1.21  232.3  1.23  234.4  1.22   669   697 1.000  42.4  33394 1C15
26.08.2022 17:36:09  *01n 20 100TL 4  452.3  1.07   486  398.3  0.40   160  233.0  1.29  232.0  1.30  234.1  1.28   646   708 1.000  42.3  33397 B45D
26.08.2022 17:36:29  *01n 20 100TL 4  472.2  1.11   524  398.7  0.47   190  232.8  1.32  232.1  1.34  234.1  1.30   715   724 1.000  42.3  33401 51CA
26.08.2022 17:36:50  *01n 20 100TL 4  462.2  1.15   534  398.4  0.47   190  233.1  1.33  232.2  1.36  234.2  1.32   724   729 1.000  42.3  33405 F30D
26.08.2022 17:37:10  *01n 20 100TL 4  461.7  1.21   561  398.6  0.45   183  233.0  1.31  232.5  1.31  234.4  1.29   744   732 1.000  42.3  33410 E90B
26.08.2022 17:37:30  *01n 20 100TL 4  461.2  1.12   518  398.5  0.47   187  232.8  1.31  233.0  1.30  234.2  1.27   706   733 1.000  42.3  33414 1218
26.08.2022 17:37:50  *01n 20 100TL 4  462.1  1.30   602  398.8  0.54   213  232.9  1.39  232.5  1.41  234.4  1.36   816   825 1.000  42.3  33418 B8F8
26.08.2022 17:38:10  *01n 20 100TL 4  469.9  1.29   608  398.7  0.50   201  233.6  1.40  232.1  1.44  233.8  1.39   810   816 1.000  42.3  33422 2D85
26.08.2022 17:38:30  *01n 20 100TL 4  470.0  1.20   564  390.4  0.51   201  233.1  1.35  232.5  1.36  234.4  1.31   766   772 1.000  42.3  33427 D4FB
26.08.2022 17:38:50  *01n 20 100TL 4  460.6  1.20   553  398.6  0.49   196  233.6  1.33  231.9  1.31  234.1  1.30   750   755 1.000  42.3  33431 A03C
26.08.2022 17:39:10  *01n 20 100TL 4  460.3  1.28   592  398.6  0.49   195  233.1  1.30  232.2  1.29  234.1  1.28   787   758 1.000  42.3  33436 E1D2
26.08.2022 17:39:30  *01n 20 100TL 4  459.9  1.15   532  398.6  0.48   193  232.9  1.35  232.6  1.36  234.3  1.34   726   756 1.000  42.3  33440 0923
26.08.2022 17:39:50  *01n 20 100TL 4  459.7  1.20   553  398.4  0.45   181  233.0  1.33  232.6  1.33  234.3  1.29   735   753 1.000  42.3  33444 5F18
26.08.2022 17:40:10  *01n 20 100TL 4  459.4  1.15   527  398.4  0.48   192  232.9  1.31  233.4  1.31  234.0  1.27   720   750 1.000  42.2  33448 5AA6
26.08.2022 17:40:30  *01n 20 100TL 4  459.6  1.19   550  398.5  0.51   204  232.7  1.22  232.6  1.23  234.3  1.19   755   741 1.000  42.2  33452 E383
26.08.2022 17:40:50  *01n 20 100TL 4  459.3  1.22   564  398.7  0.48   195  233.1  1.30  232.2  1.34  234.5  1.31   759   733 1.000  42.2  33457 B1A2
26.08.2022 17:41:10  *01n 20 100TL 4  468.0  1.23   579  398.6  0.53   213  232.8  1.37  232.7  1.36  234.4  1.34   793   726 1.000  42.2  33461 18AA
26.08.2022 17:41:30  *01n 20 100TL 4  468.0  1.18   555  398.6  0.50   201  232.8  1.30  232.5  1.33  234.3  1.31   756   772 1.000  42.2  33465 7EE6
26.08.2022 17:41:50  *01n 20 100TL 4  467.4  1.26   588  398.4  0.47   189  232.6  1.42  233.2  1.40  234.0  1.33   778   808 1.000  42.2  33469 7B21
26.08.2022 17:42:11  *01n 20 100TL 4  467.2  1.28   601  398.5  0.53   213  232.9  1.34  232.5  1.39  234.2  1.32   814   801 1.000  42.2  33474 CDED
26.08.2022 17:42:31  *01n 20 100TL 4  467.0  1.33   624  398.5  0.52   209  233.0  1.38  232.5  1.38  234.2  1.27   833   793 1.000  42.2  33478 AF32
26.08.2022 17:42:51  *01n 20 100TL 4  457.7  1.35   619  398.5  0.50   199  232.8  1.36  232.7  1.39  234.4  1.28   819   782 1.000  42.2  33482 1863
26.08.2022 17:43:11  *01n 20 100TL 4  466.4  1.19   558  398.3  0.50   199  232.8  1.34  232.5  1.36  234.2  1.39   758   775 1.000  42.2  33487 E965
26.08.2022 17:43:31  *01n 20 100TL 4  466.5  1.26   590  398.6  0.49   195  232.7  1.37  232.2  1.39  234.2  1.29   785   766 1.000  42.2  33491 3956
26.08.2022 17:43:51  *01n 20 100TL 4  457.0  1.12   517  398.6  0.43   173  232.8  1.33  231.6  1.34  234.1  1.26   691   741 1.000  42.2  33495 F69C
26.08.2022 17:44:11  *01n 20 100TL 4  456.8  1.20   552  398.5  0.49   198  232.4  1.24  232.6  1.32  233.6  1.31   750   733 1.000  42.2  33499 E3BC
26.08.2022 17:44:31  *01n 20 100TL 4  464.9  1.08   503  398.6  0.41   163  232.3  1.14  232.1  1.17  233.8  1.17   666   669 1.000  42.2  33503 8125
26.08.2022 17:44:51  *01n 20 100TL 4  463.0  1.01   471  398.5  0.42   167  232.2  1.14  232.0  1.11  233.6  1.07   639   607 1.000  42.1  33507 9425
26.08.2022 17:45:11  *01n 20 100TL 4  465.6  0.93   433  398.5  0.38   151  232.0  1.22  231.8  1.16  233.6  1.19   584   598 1.000  42.1  33510 A8CE
26.08.2022 17:45:31  *01n 20 100TL 4  465.3  1.03   482  398.6  0.37   148  232.1  1.14  232.7  1.27  233.4  1.17   630   584 1.000  42.1  33513 2E07
26.08.2022 17:45:51  *01n 20 100TL 4  456.1  1.01   463  398.6  0.41   164  232.4  1.12  232.4  1.08  234.1  1.12   628   560 1.000  42.1  33517 93C5
26.08.2022 17:46:11  *01n 20 100TL 4  455.8  0.93   424  398.6  0.34   138  232.6  1.05  232.4  1.16  234.2  1.11   563   549 1.000  42.1  33520 8F2F
26.08.2022 17:46:31  *01n 20 100TL 4  457.7  1.00   457  398.4  0.35   138  232.2  0.97  232.2  1.07  233.7  1.02   596   540 1.000  42.1  33523 DB84
26.08.2022 17:46:51  *01n 20 100TL 4  461.3  0.93   431  398.6  0.36   146  232.4  1.06  233.2  1.10  233.9  1.03   578   529 1.000  42.1  33526 2774
26.08.2022 17:47:11  *01n 20 100TL 4  459.2  0.78   358  398.3  0.27   108  232.4  1.13  231.9  1.13  233.8  1.10   466   521 1.000  42.0  33529 E17C
26.08.2022 17:47:31  *01n 20 100TL 4  464.1  0.83   389  398.4  0.28   114  232.1  1.09  232.8  1.13  233.5  1.09   503   515 1.000  42.0  33531 E922
26.08.2022 17:47:52  *01n 20 100TL 4  463.9  0.78   363  398.5  0.30   122  232.5  1.09  232.9  1.12  233.1  1.07   485   514 1.000  42.0  33534 6429
26.08.2022 17:48:12  *01n 20 100TL 4  456.1  0.84   383  398.3  0.28   115  232.7  1.05  231.7  1.08  233.9  1.03   498   508 1.000  42.0  33537 91AF
26.08.2022 17:48:32  *01n 20 100TL 4  451.3  0.82   372  398.5  0.29   117  232.5  1.14  233.0  1.13  233.6  1.11   489   508 1.000  42.0  33540 B60A
26.08.2022 17:48:52  *01n 20 100TL 4  466.4  0.86   402  398.5  0.32   131  232.3  1.04  233.1  1.02  233.6  1.05   534   505 1.000  42.0  33543 2F5A
26.08.2022 17:49:12  *01n 20 100TL 4  458.2  0.87   402  398.3  0.29   119  232.3  1.06  232.1  1.06  233.9  1.03   521   503 1.000  42.0  33546 729D
26.08.2022 17:49:32  *01n 20 100TL 4  458.2  0.92   422  398.5  0.34   138  232.3  0.98  231.9  1.04  233.6  1.00   561   508 1.000  42.0  33549 1AC9
26.08.2022 17:49:52  *01n 20 100TL 4  462.5  0.73   338  398.5  0.27   111  232.2  1.16  232.0  1.15  233.8  1.17   450   514 1.000  42.0  33551 5939
26.08.2022 17:50:12  *01n 20 100TL 4  464.5  0.78   361  398.6  0.27   106  232.3  1.09  232.0  1.10  233.8  1.10   468   492 1.000  42.0  33554 4710
26.08.2022 17:50:32  *01n 20 100TL 4  465.4  0.83   387  398.4  0.31   126  232.1  1.07  232.9  1.09  233.7  1.08   514   500 1.000  42.0  33557 7234
26.08.2022 17:50:52  *01n 20 100TL 4  467.3  0.70   328  398.6  0.26   103  232.3  1.09  232.9  1.05  233.7  1.08   431   497 1.000  42.0  33560 BFEA
26.08.2022 17:51:12  *01n 20 100TL 4  456.8  0.70   321  398.4  0.22    90  232.3  1.03  232.6  1.00  233.4  0.97   411   468 1.000  42.0  33562 8D70
26.08.2022 17:51:32  *01n 20 100TL 4  465.9  0.73   340  398.6  0.26   106  232.2  0.93  232.9  1.01  233.7  1.00   447   459 1.000  42.0  33565 EC97
26.08.2022 17:51:52  *01n 20 100TL 4  447.4  0.86   386  398.6  0.26   105  232.4  0.97  232.8  0.92  233.4  0.93   491   456 1.000  41.9  33568 BB51
26.08.2022 17:52:12  *01n 20 100TL 4  457.8  0.78   360  398.5  0.25    99  231.7  1.04  232.4  0.98  233.2  0.94   459   440 1.000  41.9  33570 F7EA
26.08.2022 17:52:32  *01n 20 100TL 4  464.3  0.76   355  398.6  0.29   115  232.4  1.05  232.3  1.03  232.9  1.08   471   440 1.000  41.9  33573 1F34
26.08.2022 17:52:52  *01n 20 100TL 4  455.5  0.79   360  398.7  0.24    96  232.7  0.99  232.5  0.95  233.1  0.92   456   431 1.000  41.9  33575 D6E4
26.08.2022 17:53:12  *01n 20 100TL 4  447.0  0.70   317  398.7  0.24    94  232.0  1.01  232.7  1.01  233.5  1.00   411   427 1.000  41.9  33577 4305
26.08.2022 17:53:32  *01n 20 100TL 4  455.5  0.71   323  398.6  0.22    88  232.3  1.01  232.7  1.06  233.6  0.99   411   419 1.000  41.9  33580 797B
26.08.2022 17:53:53  *01n 20 100TL 4  455.5  0.60   274  398.5  0.18    73  232.2  0.97  231.9  0.97  233.8  0.92   347   405 1.000  41.9  33582 A61D
26.08.2022 17:54:13  *01n 20 100TL 4  463.0  0.77   358  398.4  0.26   105  232.3  0.90  231.9  0.90  233.7  0.90   463   407 1.000  41.9  33584 BA06
26.08.2022 17:54:33  *01n 20 100TL 4  463.5  0.70   326  398.7  0.22    88  232.5  1.01  232.1  1.03  234.0  1.01   415   450 1.000  41.9  33587 79ED
26.08.2022 17:54:53  *01n 20 100TL 4  454.1  0.88   399  398.5  0.25   102  232.7  1.03  231.7  1.02  234.2  1.01   502   451 1.000  41.9  33589 2DF2
26.08.2022 17:55:13  *01n 20 100TL 4  454.4  0.73   332  398.6  0.24    97  232.6  0.97  232.4  0.98  234.2  0.93   430   395 1.000  41.9  33592 209E
26.08.2022 17:55:33  *01n 20 100TL 4  454.4  0.67   305  398.6  0.19    77  232.4  0.89  233.0  0.93  233.7  0.90   383   396 1.000  41.9  33594 0AF3
26.08.2022 17:55:53  *01n 20 100TL 4  454.4  0.87   399  398.4  0.27   109  232.4  1.00  233.2  1.02  234.1  1.00   509   450 1.000  41.8  33596 8C98
26.08.2022 17:56:13  *01n 20 100TL 4  444.5  0.69   309  398.5  0.21    85  232.4  1.01  233.1  1.02  234.0  1.02   395   447 1.000  41.8  33599 4C71
26.08.2022 17:56:33  *01n 20 100TL 4  444.7  0.66   297  398.4  0.19    77  232.7  0.95  233.1  0.97  233.9  0.94   375   393 1.000  41.8  33601 3051
26.08.2022 17:56:53  *01n 20 100TL 4  453.6  0.58   267  398.6  0.18    73  233.0  0.97  232.6  0.99  233.8  0.95   340   389 1.000  41.8  33603 8700
26.08.2022 17:57:13  *01n 20 100TL 4  453.3  0.75   341  398.6  0.22    90  232.4  0.94  233.0  0.99  233.7  0.96   431   395 1.000  41.8  33605 62D9
26.08.2022 17:57:33  *01n 20 100TL 4  452.9  0.64   291  398.6  0.17    71  232.6  0.95  232.1  0.98  234.0  0.97   363   393 1.000  41.8  33608 28E1
26.08.2022 17:57:53  *01n 20 100TL 4  461.7  0.75   350  398.5  0.24    97  232.6  1.01  232.3  1.04  234.0  1.01   448   392 1.000  41.8  33610 490A
26.08.2022 17:58:13  *01n 20 100TL 4  461.6  0.61   282  398.5  0.18    71  232.5  0.93  232.4  0.93  234.2  0.92   354   392 1.000  41.8  33612 89A8
26.08.2022 17:58:33  *01n 20 100TL 4  452.3  0.78   357  398.6  0.23    94  232.6  0.94  232.5  0.98  234.2  0.91   451   396 1.000  41.8  33614 5EFE
26.08.2022 17:58:53  *01n 20 100TL 4  461.4  0.58   267  398.7  0.19    79  232.7  0.98  232.4  1.04  234.2  1.00   346   404 1.000  41.8  33616 5685
26.08.2022 17:59:13  *01n 20 100TL 4  460.9  0.59   273  398.6  0.18    71  232.5  1.01  232.8  1.03  234.1  1.01   344   411 1.000  41.8  33619 E26B
26.08.2022 17:59:33  *01n 20 100TL 4  460.7  0.69   318  398.5  0.22    91  232.7  0.93  233.3  0.94  233.9  0.92   410   413 1.000  41.8  33621 4E4F
26.08.2022 17:59:53  *01n 20 100TL 4  460.2  0.66   306  398.4  0.21    86  232.9  1.03  233.5  1.05  234.3  1.00   393   416 1.000  41.8  33623 6C53
26.08.2022 18:00:13  *01n 20 100TL 4  451.0  0.83   375  398.5  0.24    96  232.8  0.98  233.3  0.98  234.3  0.97   471   419 1.000  41.7  33626 EF92
26.08.2022 18:00:34  *01n 20 100TL 4  450.7  0.71   323  398.3  0.23    93  233.1  1.00  233.6  1.04  234.6  0.99   416   427 1.000  41.8  33628 2DD4
26.08.2022 18:00:54  *01n 20 100TL 4  460.1  0.73   335  398.6  0.24    96  233.1  1.03  233.8  1.05  234.5  1.04   431   436 1.000  41.7  33630 F9E0
26.08.2022 18:01:14  *01n 20 100TL 4  450.8  0.86   387  398.5  0.25   100  233.7  1.00  233.3  0.99  235.0  0.99   488   439 1.000  41.7  33633 2A70
26.08.2022 18:01:34  *01n 20 100TL 4  459.4  0.65   297  398.5  0.22    86  233.1  0.96  233.7  0.95  234.6  0.93   384   436 1.000  41.7  33635 D581
26.08.2022 18:01:54  *01n 20 100TL 4  450.3  0.83   378  398.7  0.27   109  233.2  0.98  233.6  0.99  234.5  0.97   488   436 1.000  41.7  33638 5688
26.08.2022 18:02:14  *01n 20 100TL 4  458.2  0.76   350  398.5  0.24    96  233.3  1.02  233.9  1.04  234.6  1.02   447   444 1.000  41.7  33640 B7A6
26.08.2022 18:02:34  *01n 20 100TL 4  449.7  0.85   384  398.6  0.28   114  233.5  1.02  234.3  1.03  234.8  1.02   498   440 1.000  41.7  33642 F3EE
26.08.2022 18:02:54  *01n 20 100TL 4  440.3  0.66   292  398.4  0.19    77  233.3  0.97  234.1  0.97  234.7  0.95   370   430 1.000  41.7  33645 3FD0
26.08.2022 18:03:14  *01n 20 100TL 4  453.6  0.72   331  398.7  0.21    86  233.4  0.93  234.1  0.93  234.9  0.91   418   434 1.000  41.7  33647 5731
26.08.2022 18:03:34  *01n 20 100TL 4  462.4  0.72   334  398.6  0.25    99  233.5  0.94  234.1  0.95  234.9  0.97   433   433 1.000  41.7  33650 5D64
26.08.2022 18:03:54  *01n 20 100TL 4  453.0  0.89   401  398.6  0.26   106  233.2  0.96  233.8  0.97  234.6  0.93   508   431 1.000  41.7  33652 D699
26.08.2022 18:04:14  *01n 20 100TL 4  452.9  0.87   396  398.6  0.28   114  233.1  1.11  234.0  1.08  234.7  1.06   511   474 1.000  41.7  33655 C929
26.08.2022 18:04:34  *01n 20 100TL 4  452.4  0.94   427  398.7  0.29   115  233.3  1.06  234.2  1.08  234.9  1.06   543   482 1.000  41.7  33657 1C76
26.08.2022 18:04:54  *01n 20 100TL 4  452.5  0.77   352  398.5  0.23    93  233.3  1.03  234.2  1.05  234.8  1.02   445   460 1.000  41.7  33660 38CA
26.08.2022 18:05:14  *01n 20 100TL 4  452.1  0.91   413  398.6  0.30   120  233.3  1.04  233.9  1.06  234.9  1.03   534   485 1.000  41.7  33663 4889
26.08.2022 18:05:34  *01n 20 100TL 4  452.0  0.71   320  398.8  0.22    88  233.9  1.02  233.7  1.06  234.6  1.02   408   445 1.000  41.7  33665 4F4E
26.08.2022 18:05:54  *01n 20 100TL 4  451.6  0.70   318  398.4  0.20    82  233.5  1.03  233.9  1.04  234.9  1.03   401   434 1.000  41.7  33668 FD12
26.08.2022 18:06:14  *01n 20 100TL 4  442.6  0.80   355  398.2  0.25   102  233.7  1.04  234.2  1.06  234.8  1.03   457   453 1.000  41.7  33670 BD47
26.08.2022 18:06:34  *01n 20 100TL 4  451.2  0.79   361  398.5  0.23    91  234.2  1.08  232.9  1.11  234.8  1.08   453   471 1.000  41.7  33673 C58B
26.08.2022 18:06:54  *01n 20 100TL 4  460.1  0.80   369  398.4  0.26   105  233.6  1.07  233.3  1.09  235.0  1.08   474   488 1.000  41.6  33675 1BBB
26.08.2022 18:07:14  *01n 20 100TL 4  459.9  0.88   404  398.7  0.28   114  233.7  1.11  233.3  1.11  234.8  1.08   518   495 1.000  41.6  33678 4541
26.08.2022 18:07:34  *01n 20 100TL 4  467.5  0.95   445  398.7  0.31   123  234.2  1.06  232.9  1.09  235.1  1.05   569   497 0.999c  41.6  33681 8E87
26.08.2022 18:07:55  *01n 20 100TL 4  467.9  0.92   431  398.5  0.30   122  233.9  1.10  233.4  1.09  234.9  1.06   553   497 1.000  41.6  33684 C028
26.08.2022 18:08:15  *01n 20 100TL 4  458.8  0.79   364  398.5  0.24    99  233.5  1.12  234.2  1.13  234.9  1.10   463   500 1.000  41.6  33686 6E62
26.08.2022 18:08:35  *01n 20 100TL 4  458.8  0.83   386  398.6  0.24    97  233.7  1.08  234.2  1.08  234.9  1.06   483   498 1.000  41.6  33689 6979
26.08.2022 18:08:55  *01n 20 100TL 4  458.7  0.74   344  398.6  0.25    99  234.0  1.11  234.5  1.11  235.1  1.11   444   498 1.000  41.6  33692 0A91
26.08.2022 18:09:15  *01n 20 100TL 4  458.5  0.98   451  398.5  0.29   115  233.7  1.13  234.5  1.13  234.8  1.12   567   495 1.000  41.6  33695 1935
26.08.2022 18:09:35  *01n 20 100TL 4  466.6  0.94   440  398.5  0.29   115  233.8  1.06  234.5  1.08  235.0  1.06   556   494 1.000  41.6  33697 9C6A
26.08.2022 18:09:55  *01n 20 100TL 4  457.6  0.80   370  398.5  0.26   103  233.8  0.98  233.5  1.00  235.1  0.97   474   488 1.000  41.6  33700 CE32
26.08.2022 18:10:15  *01n 20 100TL 4  457.5  0.90   410  398.4  0.25   102  234.1  1.03  233.5  1.04  235.2  1.02   512   483 1.000  41.6  33703 38CC
26.08.2022 18:10:35  *01n 20 100TL 4  457.4  0.75   346  398.6  0.24    96  233.9  1.07  233.7  1.08  235.2  1.08   442   488 1.000  41.6  33705 2C11
26.08.2022 18:10:55  *01n 20 100TL 4  466.5  0.84   393  398.4  0.26   106  233.8  1.08  233.6  1.10  235.2  1.06   500   482 1.000  41.6  33708 C1A1
26.08.2022 18:11:15  *01n 20 100TL 4  457.0  0.72   332  398.2  0.21    85  231.8  1.03  234.3  1.02  235.5  1.00   418   479 1.000  41.5  33711 5BD7
26.08.2022 18:11:35  *01n 20 100TL 4  456.9  0.76   350  398.5  0.25    99  233.9  1.01  234.1  1.03  235.3  1.00   450   482 1.000  41.5  33714 5C07
26.08.2022 18:11:55  *01n 20 100TL 4  465.6  0.83   387  398.7  0.25   102  233.8  1.08  234.6  1.08  235.2  1.05   489   485 1.000  41.5  33716 0924
26.08.2022 18:12:15  *01n 20 100TL 4  456.4  0.93   424  398.5  0.28   111  233.9  1.08  234.5  1.10  235.1  1.08   535   491 1.000  41.5  33719 4E4D
26.08.2022 18:12:35  *01n 20 100TL 4  456.1  0.71   323  398.5  0.23    93  233.8  1.03  234.3  1.04  235.1  1.03   416   489 0.999i  41.5  33722 5BCD
26.08.2022 18:12:55  *01n 20 100TL 4  455.8  0.94   431  398.5  0.28   114  233.9  1.12  234.4  1.12  235.0  1.08   546   498 1.000  41.5  33724 99F5
26.08.2022 18:13:15  *01n 20 100TL 4  455.4  0.80   363  398.4  0.23    94  233.7  1.03  234.4  1.04  235.2  0.99   457   497 1.000  41.5  33727 37E2
26.08.2022 18:13:35  *01n 20 100TL 4  455.5  0.80   367  398.4  0.26   103  233.7  1.13  234.4  1.14  235.2  1.11   471   502 1.000  41.5  33730 6BE7
26.08.2022 18:13:55  *01n 20 100TL 4  455.0  0.95   434  398.5  0.28   112  233.7  0.97  234.4  0.97  235.2  0.96   547   500 1.000  41.5  33733 6C31
26.08.2022 18:14:16  *01n 20 100TL 4  454.8  0.94   431  398.4  0.32   126  233.4  1.10  234.0  1.13  234.9  1.08   558   506 1.000  41.5  33735 ECD1
26.08.2022 18:14:36  *01n 20 100TL 4  463.8  0.75   346  398.5  0.24    97  233.4  1.13  234.0  1.12  234.7  1.13   444   506 1.000  41.5  33738 687C
26.08.2022 18:14:56  *01n 20 100TL 4  463.7  0.82   381  398.6  0.24    96  233.6  1.00  234.2  1.03  234.8  0.99   477   508 1.000  41.5  33741 3785
26.08.2022 18:15:16  *01n 20 100TL 4  463.4  0.93   430  398.5  0.31   122  233.4  1.03  234.2  1.05  234.8  1.04   552   509 1.000  41.5  33744 6F81
26.08.2022 18:15:36  *01n 20 100TL 4  453.9  0.97   442  398.6  0.29   115  233.4  1.01  234.1  1.02  234.8  0.97   558   511 1.000  41.5  33747 3505
26.08.2022 18:15:56  *01n 20 100TL 4  463.1  0.92   425  398.6  0.30   119  233.8  1.04  234.3  1.06  235.1  1.04   544   511 1.000  41.5  33750 7288
26.08.2022 18:16:16  *01n 20 100TL 4  462.7  0.97   450  398.8  0.32   128  233.9  1.01  234.4  1.01  235.1  0.99   578   515 1.000  41.5  33753 7699
26.08.2022 18:16:36  *01n 20 100TL 4  453.4  0.89   405  398.6  0.27   109  234.0  1.04  234.3  1.06  235.0  1.02   515   515 1.000  41.5  33755 D7FD
26.08.2022 18:16:56  *01n 20 100TL 4  462.2  0.83   384  398.6  0.29   117  233.5  1.08  234.2  1.12  235.0  1.09   502   521 1.000  41.5  33758 BF8E
26.08.2022 18:17:16  *01n 20 100TL 4  452.8  0.96   437  398.7  0.30   123  233.4  1.04  234.0  1.04  234.7  1.02   561   524 1.000  41.5  33761 02EE
26.08.2022 18:17:36  *01n 20 100TL 4  461.7  0.86   399  398.5  0.27   108  233.7  1.05  234.1  1.06  234.9  1.02   508   534 1.000  41.5  33764 772B
26.08.2022 18:17:56  *01n 20 100TL 4  461.3  0.87   404  398.5  0.30   122  233.6  1.08  234.2  1.12  234.9  1.09   526   546 1.000  41.5  33767 B48B
26.08.2022 18:18:16  *01n 20 100TL 4  459.6  0.88   407  398.6  0.28   115  233.9  1.10  234.2  1.11  235.1  1.09   523   552 1.000  41.5  33770 FAC5
26.08.2022 18:18:36  *01n 20 100TL 4  470.0  1.02   483  398.7  0.33   134  233.9  1.04  234.4  1.06  235.0  1.03   617   561 1.000  41.5  33773 5851
26.08.2022 18:18:56  *01n 20 100TL 4  460.5  1.03   476  398.6  0.38   151  234.0  1.08  234.6  1.12  235.2  1.07   627   572 1.000  41.5  33776 D91B
26.08.2022 18:19:16  *01n 20 100TL 4  460.3  0.92   428  398.6  0.30   120  233.8  1.19  234.5  1.20  235.1  1.16   549   587 1.000  41.4  33780 AA93
26.08.2022 18:19:36  *01n 20 100TL 4  450.9  0.95   431  398.6  0.34   140  233.8  1.15  234.4  1.15  235.2  1.12   572   595 1.000  41.4  33783 8C4F
26.08.2022 18:19:56  *01n 20 100TL 4  468.3  1.03   482  398.5  0.36   144  233.8  1.19  234.5  1.22  235.0  1.19   627   616 1.000  41.4  33787 11EC
26.08.2022 18:20:16  *01n 20 100TL 4  461.6  1.01   466  398.6  0.34   135  233.7  1.22  234.2  1.22  235.0  1.20   602   631 1.000  41.4  33790 5840
26.08.2022 18:20:36  *01n 20 100TL 4  459.2  1.15   527  398.6  0.41   167  233.9  1.17  234.2  1.18  235.2  1.15   695   640 1.000  41.4  33793 EC68
26.08.2022 18:20:56  *01n 20 100TL 4  449.9  1.08   489  398.5  0.38   152  234.4  1.24  234.2  1.27  235.4  1.23   642   653 1.000  41.4  33797 3CE0
26.08.2022 18:21:16  *01n 20 100TL 4  458.6  1.08   495  398.5  0.37   149  234.1  1.27  233.9  1.26  235.0  1.23   645   668 1.000  41.4  33801 2619
26.08.2022 18:21:36  *01n 20 100TL 4  449.3  1.09   489  398.5  0.40   161  234.0  1.25  234.0  1.27  235.2  1.23   651   675 1.000  41.4  33805 F3AF
26.08.2022 18:21:57  *01n 20 100TL 4  465.2  1.09   508  398.9  0.38   151  233.7  1.24  234.1  1.24  234.9  1.21   659   692 1.000  41.4  33808 A40D
26.08.2022 18:22:17  *01n 20 100TL 4  464.4  1.14   532  399.1  0.44   178  234.6  1.25  233.6  1.29  234.6  1.25   711   711 1.000  41.4  33812 37DA
26.08.2022 18:22:37  *01n 20 100TL 4  461.4  1.26   584  398.2  0.46   184  233.7  1.26  234.0  1.26  234.9  1.22   769   721 1.000  41.4  33816 A1DB
26.08.2022 18:22:57  *01n 20 100TL 4  476.3  1.14   543  398.5  0.43   175  233.8  1.23  233.9  1.24  234.8  1.20   718   729 1.000  41.4  33820 1151
26.08.2022 18:23:17  *01n 20 100TL 4  457.1  1.24   567  398.5  0.49   196  233.6  1.29  234.1  1.29  234.9  1.26   764   741 1.000  41.4  33824 FBA3
26.08.2022 18:23:37  *01n 20 100TL 4  467.9  1.27   595  398.5  0.48   190  233.9  1.30  233.9  1.29  235.0  1.26   785   752 1.000  41.4  33828 C694
26.08.2022 18:23:57  *01n 20 100TL 4  462.8  1.29   598  398.7  0.49   195  233.6  1.32  234.5  1.34  234.7  1.29   793   762 1.000  41.4  33833 944E
26.08.2022 18:24:17  *01n 20 100TL 4  459.9  1.32   607  398.5  0.51   207  233.6  1.31  233.8  1.33  234.6  1.29   814   767 1.000  41.4  33837 CB4F
26.08.2022 18:24:37  *01n 20 100TL 4  469.2  1.28   599  398.5  0.47   190  233.4  1.31  233.9  1.31  234.6  1.28   790   779 1.000  41.4  33841 9C74
26.08.2022 18:24:57  *01n 20 100TL 4  465.0  1.36   636  398.6  0.52   207  233.6  1.41  234.0  1.43  234.7  1.39   843   791 1.000  41.4  33846 78AD
26.08.2022 18:25:17  *01n 20 100TL 4  465.2  1.30   608  398.6  0.53   212  233.7  1.36  234.2  1.38  234.9  1.34   820   798 1.000  41.3  33850 8F56
26.08.2022 18:25:37  *01n 20 100TL 4  458.2  1.26   581  398.5  0.45   181  233.8  1.35  234.5  1.35  234.8  1.31   762   802 1.000  41.3  33854 E1A4
26.08.2022 18:25:57  *01n 20 100TL 4  459.1  1.37   633  398.6  0.55   219  233.8  1.33  234.3  1.33  234.8  1.30   852   808 1.000  41.3  33859 479A
26.08.2022 18:26:17  *01n 20 100TL 4  459.1  1.38   634  398.5  0.50   201  233.6  1.37  234.0  1.37  234.9  1.34   836   805 1.000  41.3  33864 6811
26.08.2022 18:26:37  *01n 20 100TL 4  468.1  1.25   587  398.6  0.47   189  233.9  1.43  234.3  1.44  234.7  1.41   776   805 1.000  41.3  33868 C5EF
26.08.2022 18:26:57  *01n 20 100TL 4  467.9  1.35   634  398.5  0.55   222  233.8  1.40  234.2  1.40  234.7  1.36   857   802 1.000  41.3  33873 1438
26.08.2022 18:27:17  *01n 20 100TL 4  460.6  1.34   621  398.5  0.50   202  234.0  1.36  234.4  1.37  234.8  1.35   823   802 1.000  41.3  33877 6368
26.08.2022 18:27:37  *01n 20 100TL 4  457.5  1.32   605  398.7  0.51   205  233.9  1.40  234.5  1.40  234.8  1.35   811   805 1.000  41.3  33881 B88D
26.08.2022 18:27:57  *01n 20 100TL 4  466.8  1.27   595  398.5  0.51   204  234.3  1.43  234.3  1.43  234.9  1.39   799   816 1.000  41.3  33886 6AE3
26.08.2022 18:28:17  *01n 20 100TL 4  458.0  1.36   624  398.5  0.50   198  234.5  1.43  234.3  1.45  235.1  1.42   822   822 1.000  41.3  33891 6C08
26.08.2022 18:28:38  *01n 20 100TL 4  467.1  1.40   659  398.7  0.57   230  233.9  1.33  234.2  1.33  234.9  1.29   889   830 1.000  41.3  33895 1CC6
26.08.2022 18:28:58  *01n 20 100TL 4  466.5  1.32   616  398.6  0.49   196  233.7  1.40  234.1  1.41  234.8  1.38   813   840 1.000  41.3  33900 830D
26.08.2022 18:29:18  *01n 20 100TL 4  457.2  1.37   628  398.6  0.53   213  233.7  1.45  234.4  1.45  234.9  1.44   842   852 1.000  41.3  33904 09FC
26.08.2022 18:29:38  *01n 20 100TL 4  457.6  1.39   637  411.6  0.57   234  234.1  1.49  234.4  1.49  234.9  1.47   872   869 1.000  41.3  33909 AD06
26.08.2022 18:29:58  *01n 20 100TL 4  474.9  1.46   695  419.0  0.58   245  233.7  1.48  233.9  1.46  234.7  1.42   941   886 1.000  41.3  33914 C387
26.08.2022 18:30:18  *01n 20 100TL 4  465.4  1.45   677  452.8  0.58   263  233.3  1.57  234.0  1.58  234.4  1.56   941   926 1.000  41.3  33919 AD68
26.08.2022 18:30:38  *01n 20 100TL 4  465.3  1.37   640  480.8  0.54   263  233.5  1.66  233.5  1.66  234.6  1.61   904   950 1.000  41.3  33924 C330
26.08.2022 18:30:58  *01n 20 100TL 4  474.5  1.55   735  490.3  0.60   294  234.0  1.50  233.5  1.48  234.3  1.46  1029   967 1.000  41.3  33930 6A23
26.08.2022 18:31:18  *01n 20 100TL 4  474.1  1.50   714  480.5  0.65   314  234.1  1.69  233.7  1.71  234.8  1.66  1028  1000 1.000  41.3  33935 6F8C
26.08.2022 18:31:38  *01n 20 100TL 4  473.8  1.59   756  480.3  0.63   303  233.5  1.66  234.0  1.67  234.7  1.62  1060  1031 1.000  41.3  33941 B168
26.08.2022 18:31:58  *01n 20 100TL 4  464.3  1.58   740  480.3  0.61   292  233.4  1.77  234.0  1.78  234.9  1.76  1033  1068 1.000  41.3  33947 D031
26.08.2022 18:32:18  *01n 20 100TL 4  463.9  1.53   712  498.7  0.62   314  233.4  1.80  233.8  1.80  234.6  1.77  1026  1100 1.000  41.3  33953 34F2
26.08.2022 18:32:38  *01n 20 100TL 4  473.0  1.67   790  488.6  0.69   337  233.4  1.81  234.0  1.80  234.7  1.79  1127  1129 1.000  41.2  33959 C771
26.08.2022 18:32:58  *01n 20 100TL 4  463.4  1.83   849  488.5  0.77   379  233.7  1.73  234.0  1.70  234.6  1.68  1229  1147 1.000  41.2  33965 D349
26.08.2022 18:33:18  *01n 20 100TL 4  463.2  1.76   817  488.5  0.71   349  233.5  1.75  234.1  1.76  234.8  1.73  1167  1164 1.000  41.2  33972 F9C7
26.08.2022 18:33:38  *01n 20 100TL 4  472.3  1.65   779  498.0  0.66   329  233.6  1.86  234.1  1.87  235.0  1.81  1109  1179 1.000  41.2  33978 401A
26.08.2022 18:33:58  *01n 20 100TL 4  463.5  1.90   880  497.7  0.77   387  233.7  1.90  233.9  1.89  234.7  1.88  1268  1193 1.000  41.2  33985 AB07
26.08.2022 18:34:18  *01n 20 100TL 4  462.7  1.91   883  497.4  0.79   395  233.4  1.88  233.9  1.88  234.5  1.84  1278  1196 1.000  41.2  33991 55AB
26.08.2022 18:34:39  *01n 20 100TL 4  471.3  1.76   830  497.3  0.68   343  233.4  1.89  234.1  1.89  234.7  1.87  1173  1203 1.000  41.2  33998 6960
26.08.2022 18:34:59  *01n 20 100TL 4  461.9  1.82   842  497.0  0.75   375  233.2  1.78  234.2  1.77  234.7  1.75  1217  1197 1.000  41.2  34005 15F6
26.08.2022 18:35:19  *01n 20 100TL 4  452.4  1.84   834  477.1  0.72   346  233.8  1.87  234.4  1.86  234.9  1.82  1181  1171 1.000  41.2  34012 3C41
26.08.2022 18:35:39  *01n 20 100TL 4  461.3  1.64   761  496.5  0.68   338  233.4  1.92  234.0  1.91  234.7  1.88  1100  1167 1.000  41.2  34018 C82A
26.08.2022 18:35:59  *01n 20 100TL 4  462.6  1.63   756  486.5  0.65   317  233.8  1.89  234.2  1.89  235.1  1.87  1074  1144 1.000  41.2  34024 7ABE
26.08.2022 18:36:19  *01n 20 100TL 4  460.9  1.76   811  486.0  0.68   331  233.7  1.80  234.4  1.80  234.8  1.76  1142  1121 1.000  41.2  34031 43D1
26.08.2022 18:36:39  *01n 20 100TL 4  460.7  1.65   761  486.0  0.69   340  233.6  1.72  234.4  1.71  235.0  1.67  1101  1098 1.000  41.2  34037 B216
26.08.2022 18:36:59  *01n 20 100TL 4  460.7  1.76   813  485.9  0.68   332  233.6  1.68  234.2  1.68  234.9  1.66  1145  1077 1.000  41.2  34043 C868
26.08.2022 18:37:19  *01n 20 100TL 4  460.4  1.70   784  485.7  0.68   331  233.8  1.73  234.0  1.72  235.1  1.68  1115  1054 1.000  41.2  34049 BCF3
26.08.2022 18:37:39  *01n 20 100TL 4  469.7  1.53   721  485.6  0.63   308  233.7  1.75  234.5  1.76  235.1  1.71  1029  1036 1.000  41.2  34055 02FA
26.08.2022 18:37:59  *01n 20 100TL 4  461.5  1.56   723  475.7  0.62   299  233.7  1.74  234.3  1.75  234.8  1.70  1022  1022 1.000  41.2  34061 1ED0
26.08.2022 18:38:19  *01n 20 100TL 4  466.8  1.53   714  485.0  0.64   311  233.4  1.65  234.2  1.65  234.5  1.62  1025  1013 1.000  41.2  34066 A07B
26.08.2022 18:38:39  *01n 20 100TL 4  469.0  1.58   743  475.2  0.63   302  233.4  1.61  234.3  1.61  234.8  1.56  1045   999 1.000  41.2  34072 0EF2
26.08.2022 18:38:59  *01n 20 100TL 4  459.4  1.49   686  484.6  0.56   273  233.4  1.61  234.0  1.60  234.6  1.58   959   990 1.000  41.2  34077 F4C9
26.08.2022 18:39:19  *01n 20 100TL 4  468.7  1.48   694  484.3  0.63   305  233.5  1.69  234.1  1.70  235.1  1.66   999   978 1.000  41.2  34083 B07D
26.08.2022 18:39:39  *01n 20 100TL 4  459.8  1.47   677  484.2  0.55   268  233.5  1.66  234.2  1.67  234.9  1.63   946   973 1.000  41.2  34088 D3D4
26.08.2022 18:39:59  *01n 20 100TL 4  466.0  1.42   663  483.7  0.57   277  233.6  1.52  234.0  1.51  234.5  1.50   941   970 1.000  41.2  34094 ED3B
26.08.2022 18:40:19  *01n 20 100TL 4  455.6  1.43   656  481.1  0.55   267  233.4  1.67  234.1  1.67  234.9  1.63   923   971 1.000  41.2  34099 7026
26.08.2022 18:40:39  *01n 20 100TL 4  464.0  1.61   747  479.5  0.63   302  233.4  1.62  234.2  1.62  234.7  1.61  1049   976 1.000  41.2  34105 5EFA
26.08.2022 18:40:59  *01n 20 100TL 4  467.3  1.41   662  483.3  0.59   286  233.3  1.69  234.2  1.69  234.8  1.65   949   978 1.000  41.2  34110 C1D7
26.08.2022 18:41:19  *01n 20 100TL 4  457.8  1.41   648  492.7  0.54   267  233.6  1.60  234.2  1.61  234.8  1.54   915   978 1.000  41.2  34115 7A71
26.08.2022 18:41:39  *01n 20 100TL 4  455.9  1.48   674  473.2  0.56   265  233.3  1.58  234.2  1.60  234.8  1.55   939   978 1.000  41.2  34121 1C57
26.08.2022 18:42:00  *01n 20 100TL 4  463.2  1.39   645  485.1  0.56   271  233.1  1.72  234.1  1.72  234.8  1.66   917   993 1.000  41.2  34126 76B4
26.08.2022 18:42:20  *01n 20 100TL 4  453.3  1.55   708  476.7  0.58   280  233.3  1.69  234.0  1.69  234.6  1.66   988   993 1.000  41.2  34132 6423
26.08.2022 18:42:40  *01n 20 100TL 4  470.1  1.36   642  486.3  0.58   282  233.4  1.65  234.3  1.63  235.0  1.57   924  1004 1.000  41.2  34137 4080
26.08.2022 18:43:00  *01n 20 100TL 4  465.9  1.61   752  481.7  0.65   315  233.6  1.61  234.4  1.59  235.2  1.58  1068  1016 1.000  41.2  34143 42DA
26.08.2022 18:43:20  *01n 20 100TL 4  465.6  1.52   711  481.4  0.58   282  233.8  1.66  234.7  1.66  235.3  1.60   993  1028 1.000  41.2  34149 03A8
26.08.2022 18:43:40  *01n 20 100TL 4  467.6  1.62   761  482.0  0.69   335  233.7  1.74  234.6  1.74  235.3  1.70  1097  1040 1.000  41.2  34154 886F
26.08.2022 18:44:00  *01n 20 100TL 4  461.8  1.74   808  478.2  0.69   331  233.8  1.70  234.5  1.72  235.2  1.65  1139  1051 1.000  41.2  34160 00BB
26.08.2022 18:44:20  *01n 20 100TL 4  460.0  1.64   758  476.6  0.68   323  233.4  1.72  234.4  1.71  235.0  1.66  1081  1062 1.000  41.2  34166 6768
26.08.2022 18:44:40  *01n 20 100TL 4  469.1  1.69   791  486.2  0.70   343  233.3  1.63  234.1  1.63  234.8  1.60  1135  1080 1.000  41.2  34172 5F01
26.08.2022 18:45:00  *01n 20 100TL 4  459.5  1.80   828  484.6  0.70   343  233.7  1.75  234.5  1.74  235.0  1.70  1171  1097 1.000  41.2  34178 1B63
26.08.2022 18:45:20  *01n 20 100TL 4  471.6  1.73   814  480.1  0.74   360  233.7  1.73  234.4  1.73  235.0  1.70  1174  1106 1.000  41.2  34184 538B
26.08.2022 18:45:40  *01n 20 100TL 4  467.2  1.67   784  490.9  0.66   329  233.6  1.81  234.4  1.79  235.0  1.79  1113  1120 1.000  41.2  34190 2966
26.08.2022 18:46:00  *01n 20 100TL 4  458.2  1.73   793  495.5  0.66   328  233.5  1.71  234.3  1.70  234.9  1.67  1121  1116 1.000  41.2  34197 50D1
26.08.2022 18:46:20  *01n 20 100TL 4  468.4  1.74   819  484.7  0.75   366  233.8  1.79  234.5  1.78  235.3  1.72  1185  1121 1.000  41.2  34203 3D02
26.08.2022 18:46:40  *01n 20 100TL 4  467.7  1.58   741  484.1  0.63   305  233.7  1.80  234.4  1.80  235.0  1.75  1046  1124 1.000  41.2  34209 07E4
26.08.2022 18:47:00  *01n 20 100TL 4  467.4  1.67   784  483.2  0.73   354  233.6  1.88  234.2  1.89  234.9  1.86  1138  1126 1.000  41.2  34216 2428
26.08.2022 18:47:20  *01n 20 100TL 4  457.8  1.80   823  492.5  0.72   360  234.1  1.68  233.9  1.67  234.8  1.65  1184  1121 1.000  41.2  34222 6FED
26.08.2022 18:47:40  *01n 20 100TL 4  467.5  1.80   840  490.6  0.70   347  233.6  1.77  234.2  1.79  235.3  1.73  1188  1120 1.000  41.2  34228 B756
26.08.2022 18:48:00  *01n 20 100TL 4  466.8  1.61   753  491.1  0.69   338  233.7  1.77  234.6  1.78  235.1  1.72  1092  1115 1.000  41.2  34234 3D4D
26.08.2022 18:48:21  *01n 20 100TL 4  475.6  1.52   726  492.8  0.61   305  233.6  1.77  234.4  1.76  235.1  1.71  1031  1103 1.000  41.2  34241 788A
26.08.2022 18:48:41  *01n 20 100TL 4  475.6  1.69   807  482.3  0.75   363  233.5  1.84  234.6  1.82  235.0  1.80  1170  1097 1.000  41.2  34247 5C23
26.08.2022 18:49:01  *01n 20 100TL 4  475.4  1.60   762  491.2  0.68   337  233.2  1.63  234.2  1.63  235.0  1.58  1100  1084 1.000  41.2  34253 05EF
26.08.2022 18:49:21  *01n 20 100TL 4  475.1  1.65   785  491.2  0.70   346  234.1  1.65  234.3  1.66  234.5  1.63  1132  1074 1.000  41.2  34259 3B5E
26.08.2022 18:49:41  *01n 20 100TL 4  465.6  1.61   752  481.3  0.70   338  233.0  1.66  234.1  1.66  234.9  1.62  1091  1060 1.000  41.2  34265 1DD2
26.08.2022 18:50:01  *01n 20 100TL 4  465.3  1.51   704  480.8  0.64   309  233.2  1.63  234.0  1.61  234.8  1.60  1014  1048 1.000  41.2  34271 2659
26.08.2022 18:50:21  *01n 20 100TL 4  474.3  1.53   729  480.7  0.63   305  234.7  1.56  234.0  1.55  234.0  1.53  1034  1036 1.000  41.2  34276 FAAF
26.08.2022 18:50:41  *01n 20 100TL 4  474.3  1.44   685  480.5  0.63   305  234.0  1.71  234.8  1.71  235.5  1.69   990  1025 1.000  41.2  34282 7DA0
26.08.2022 18:51:01  *01n 20 100TL 4  465.0  1.44   669  480.4  0.56   273  233.6  1.74  234.5  1.73  235.3  1.71   943  1014 1.000  41.2  34288 46BB
26.08.2022 18:51:21  *01n 20 100TL 4  464.8  1.50   701  480.2  0.65   312  231.1  1.51  234.9  1.50  235.2  1.47  1014   994 1.000  41.2  34294 F77E
26.08.2022 18:51:41  *01n 20 100TL 4  473.9  1.36   646  479.9  0.56   268  233.1  1.53  234.1  1.51  234.8  1.48   915   984 1.000  41.2  34299 778E
26.08.2022 18:52:01  *01n 20 100TL 4  473.3  1.47   695  479.9  0.59   283  232.9  1.60  233.8  1.61  234.7  1.57   979   971 1.000  41.2  34305 1212
26.08.2022 18:52:21  *01n 20 100TL 4  463.9  1.34   624  489.1  0.56   277  233.1  1.60  234.1  1.62  234.8  1.58   901   962 1.000  41.2  34310 2158
26.08.2022 18:52:41  *01n 20 100TL 4  473.1  1.52   720  488.9  0.61   300  233.2  1.55  234.0  1.55  234.7  1.51  1020   947 1.000  41.2  34315 9D92
26.08.2022 18:53:01  *01n 20 100TL 4  463.6  1.51   703  488.8  0.57   282  233.0  1.46  233.9  1.45  234.6  1.43   985   930 1.000  41.2  34320 A21A
26.08.2022 18:53:21  *01n 20 100TL 4  472.8  1.44   682  478.8  0.61   294  233.0  1.46  233.9  1.45  234.7  1.43   976   917 1.000  41.2  34326 11FE
26.08.2022 18:53:41  *01n 20 100TL 4  462.9  1.29   598  469.2  0.51   242  232.9  1.47  234.1  1.47  234.7  1.44   840   894 1.000  41.2  34331 654F
26.08.2022 18:54:01  *01n 20 100TL 4  464.8  1.32   616  478.4  0.57   271  233.2  1.37  234.2  1.40  235.1  1.37   888   883 1.000  41.2  34336 2835
26.08.2022 18:54:22  *01n 20 100TL 4  468.2  1.39   653  476.1  0.55   262  233.3  1.38  234.2  1.40  234.9  1.37   915   872 1.000  41.2  34340 E383
26.08.2022 18:54:42  *01n 20 100TL 4  471.9  1.26   593  478.1  0.49   236  233.4  1.43  233.8  1.42  234.8  1.38   830   863 1.000  41.2  34345 6A28
26.08.2022 18:55:02  *01n 20 100TL 4  481.2  1.29   624  477.5  0.58   279  233.1  1.36  234.0  1.35  234.5  1.33   903   846 1.000  41.2  34350 57B7
26.08.2022 18:55:22  *01n 20 100TL 4  480.9  1.22   588  477.5  0.50   238  233.4  1.45  234.2  1.45  234.6  1.42   827   836 1.000  41.2  34355 3801
26.08.2022 18:55:42  *01n 20 100TL 4  472.6  1.29   611  486.8  0.54   267  233.7  1.47  234.4  1.49  234.7  1.46   878   831 1.000  41.2  34359 CB55
26.08.2022 18:56:02  *01n 20 100TL 4  468.0  1.29   604  485.0  0.49   241  233.7  1.34  234.5  1.35  234.3  1.31   845   819 1.000  41.2  34364 635E
26.08.2022 18:56:22  *01n 20 100TL 4  467.4  1.26   593  479.7  0.52   251  233.4  1.36  234.3  1.38  234.8  1.32   845   804 1.000  41.2  34369 FE33
26.08.2022 18:56:42  *01n 20 100TL 4  461.3  1.17   543  467.2  0.50   236  233.3  1.32  234.2  1.33  234.7  1.31   779   787 1.000  41.2  34373 800D
26.08.2022 18:57:02  *01n 20 100TL 4  479.7  1.23   595  476.5  0.50   241  233.2  1.33  234.1  1.33  234.5  1.29   836   782 1.000  41.1  34377 51FC
26.08.2022 18:57:22  *01n 20 100TL 4  478.8  1.19   572  485.7  0.49   241  233.2  1.37  234.2  1.37  234.6  1.33   813   778 1.000  41.2  34382 2D24
26.08.2022 18:57:42  *01n 20 100TL 4  477.0  1.13   543  486.5  0.45   219  233.4  1.30  234.0  1.30  234.6  1.27   762   769 1.000  41.1  34386 D3A7
26.08.2022 18:58:02  *01n 20 100TL 4  475.3  1.17   558  478.8  0.47   228  233.4  1.27  234.1  1.28  234.6  1.26   787   761 1.000  41.1  34390 97C3
26.08.2022 18:58:22  *01n 20 100TL 4  482.6  1.06   517  488.8  0.45   221  233.5  1.34  234.5  1.34  235.0  1.30   738   743 1.000  41.2  34395 2258
26.08.2022 18:58:42  *01n 20 100TL 4  465.2  1.17   544  471.3  0.46   219  233.4  1.27  234.3  1.29  234.8  1.26   764   737 1.000  41.2  34399 83A9
26.08.2022 18:59:02  *01n 20 100TL 4  478.3  1.07   514  484.5  0.40   198  233.3  1.35  234.2  1.34  234.5  1.32   712   738 1.000  41.2  34403 1EA5
26.08.2022 18:59:22  *01n 20 100TL 4  476.5  1.13   543  474.9  0.48   230  233.2  1.29  233.9  1.30  234.5  1.25   773   724 1.000  41.2  34407 81D2
26.08.2022 18:59:42  *01n 20 100TL 4  475.1  1.05   502  475.7  0.40   195  233.3  1.27  234.1  1.28  234.5  1.23   697   714 1.000  41.1  34411 85E8
26.08.2022 19:00:02  *01n 20 100TL 4  474.9  1.00   476  483.2  0.42   204  233.5  1.25  234.2  1.24  234.7  1.23   680   704 1.000  41.2  34415 9317
26.08.2022 19:00:22  *01n 20 100TL 4  480.3  1.02   492  475.7  0.43   205  233.5  1.32  234.5  1.33  234.8  1.30   698   694 1.000  41.1  34419 1483
26.08.2022 19:00:42  *01n 20 100TL 4  480.6  1.00   482  455.4  0.42   193  233.4  1.17  234.3  1.19  234.6  1.16   675   671 1.000  41.1  34422 6F6C
26.08.2022 19:01:03  *01n 20 100TL 4  480.6  0.97   469  435.9  0.40   175  233.1  1.22  234.4  1.21  234.5  1.19   645   653 1.000  41.1  34426 6393
26.08.2022 19:01:23  *01n 20 100TL 4  477.1  1.05   500  417.0  0.42   175  233.4  1.20  234.5  1.24  234.8  1.19   675   637 1.000  41.1  34430 6052
26.08.2022 19:01:43  *01n 20 100TL 4  477.0  0.98   469  398.6  0.44   175  233.2  1.18  234.4  1.21  234.8  1.19   645   619 1.000  41.1  34433 9AB0
26.08.2022 19:02:03  *01n 20 100TL 4  476.6  0.94   450  398.5  0.40   161  233.4  1.20  234.4  1.22  234.8  1.19   611   607 1.000  41.1  34437 1DF9
26.08.2022 19:02:23  *01n 20 100TL 4  466.9  1.01   473  398.4  0.39   154  233.5  1.20  234.4  1.20  234.9  1.19   627   602 1.000  41.1  34440 EA2C
26.08.2022 19:02:43  *01n 20 100TL 4  466.7  1.03   485  398.5  0.43   175  233.2  1.15  234.4  1.18  234.8  1.13   660   599 1.000  41.1  34443 483C
26.08.2022 19:03:03  *01n 20 100TL 4  466.4  0.92   428  398.5  0.35   140  233.3  1.13  234.2  1.14  234.5  1.11   569   587 1.000  41.1  34447 DF86
26.08.2022 19:03:23  *01n 20 100TL 4  466.4  1.01   474  398.6  0.43   173  233.3  1.07  234.3  1.08  234.7  1.07   648   581 1.000  41.1  34450 8FA7
26.08.2022 19:03:43  *01n 20 100TL 4  467.3  0.90   424  398.6  0.38   152  233.0  1.11  234.1  1.10  234.5  1.10   576   567 1.000  41.1  34453 58F3
26.08.2022 19:04:03  *01n 20 100TL 4  465.3  0.97   453  398.4  0.37   149  233.0  1.05  234.1  1.07  234.3  1.04   602   553 1.000  41.1  34456 940A
26.08.2022 19:04:23  *01n 20 100TL 4  474.1  0.88   419  398.5  0.39   157  233.1  1.05  234.1  1.05  234.5  1.03   576   543 1.000  41.1  34459 A530
26.08.2022 19:04:43  *01n 20 100TL 4  474.1  0.77   367  398.5  0.30   123  233.2  1.09  234.0  1.10  234.5  1.08   491   534 1.000  41.1  34462 6E70
26.08.2022 19:05:03  *01n 20 100TL 4  465.6  0.75   352  398.7  0.31   126  233.4  1.10  234.2  1.11  234.6  1.08   479   520 1.000  41.1  34465 0C3A
26.08.2022 19:05:23  *01n 20 100TL 4  474.2  0.84   401  398.6  0.35   141  233.3  1.05  234.2  1.05  234.5  1.04   543   509 1.000  41.1  34468 4B4C
26.08.2022 19:05:43  *01n 20 100TL 4  465.2  0.72   337  398.5  0.28   114  233.3  1.02  234.4  1.02  234.5  0.99   451   502 1.000  41.1  34471 FA6B
26.08.2022 19:06:03  *01n 20 100TL 4  469.5  0.76   358  398.6  0.30   119  233.5  1.09  234.3  1.11  234.6  1.08   477   497 1.000  41.1  34474 5668
26.08.2022 19:06:23  *01n 20 100TL 4  478.6  0.69   334  398.6  0.29   115  233.4  1.00  234.3  1.04  234.4  1.02   450   486 1.000  41.1  34477 0074
26.08.2022 19:06:44  *01n 20 100TL 4  469.0  0.71   335  398.7  0.29   117  233.1  1.08  234.2  1.10  234.7  1.08   453   483 1.000  41.1  34479 ABFD
26.08.2022 19:07:04  *01n 20 100TL 4  478.1  0.63   306  398.6  0.29   117  233.2  1.06  234.3  1.08  234.4  1.07   424   482 1.000  41.1  34482 929D
26.08.2022 19:07:24  *01n 20 100TL 4  466.9  0.66   311  398.6  0.26   103  233.1  1.00  234.2  1.01  234.3  1.00   415   473 1.000  41.1  34485 713E
26.08.2022 19:07:44  *01n 20 100TL 4  465.1  0.83   387  398.7  0.37   148  233.3  0.94  234.3  0.96  234.5  0.93   535   468 1.000  41.1  34487 1B2E
26.08.2022 19:08:04  *01n 20 100TL 4  462.5  0.74   344  398.6  0.29   117  233.4  1.03  234.4  1.05  234.5  1.02   462   463 1.000  41.0  34490 563B
26.08.2022 19:08:24  *01n 20 100TL 4  449.6  0.72   328  398.6  0.28   111  233.2  0.93  234.1  0.96  234.5  0.93   439   456 1.000  41.1  34492 ECF5
26.08.2022 19:08:44  *01n 20 100TL 4  449.4  0.80   360  398.5  0.34   137  233.2  0.95  234.0  0.96  234.3  0.93   497   447 1.000  41.1  34495 D7AF
26.08.2022 19:09:04  *01n 20 100TL 4  458.2  0.79   361  398.5  0.30   122  233.0  0.94  233.9  0.97  234.0  0.96   483   442 1.000  41.0  34497 3054
26.08.2022 19:09:24  *01n 20 100TL 4  448.2  0.73   328  398.4  0.30   122  232.7  0.91  233.8  0.93  233.9  0.90   450   434 1.000  41.0  34500 552A
26.08.2022 19:09:44  *01n 20 100TL 4  442.2  0.58   259  398.6  0.23    94  232.9  1.04  233.9  1.06  234.0  1.04   354   430 1.000  41.0  34502 4586
26.08.2022 19:10:04  *01n 20 100TL 4  451.8  0.72   326  398.6  0.26   106  232.9  0.97  233.9  0.99  234.2  0.96   433   416 1.000  41.0  34505 EDD7
26.08.2022 19:10:24  *01n 20 100TL 4  444.2  0.75   334  398.4  0.30   122  232.9  0.90  233.6  0.89  233.9  0.88   456   408 1.000  41.0  34507 EEFE
26.08.2022 19:10:44  *01n 20 100TL 4  448.2  0.65   294  398.5  0.25    97  233.0  1.00  233.7  1.01  234.0  0.98   392   404 0.999c  41.0  34509 1C80
26.08.2022 19:11:04  *01n 20 100TL 4  457.1  0.64   291  398.6  0.24    97  232.7  0.98  233.9  1.00  234.2  0.97   389   396 1.000  41.0  34511 2467
26.08.2022 19:11:24  *01n 20 100TL 4  454.1  0.69   317  398.5  0.28   111  233.0  0.88  233.8  0.93  234.1  0.89   428   389 1.000  41.0  34514 2CD2
26.08.2022 19:11:44  *01n 20 100TL 4  469.0  0.66   312  398.6  0.24    97  232.8  0.99  233.8  1.03  234.4  0.98   410   379 1.000  41.0  34516 1AFA
26.08.2022 19:12:04  *01n 20 100TL 4  469.4  0.53   248  398.5  0.23    91  233.0  0.97  234.0  1.00  234.3  0.97   340   372 1.000  41.0  34518 F8B7
26.08.2022 19:12:24  *01n 20 100TL 4  461.0  0.49   230  398.6  0.18    73  232.9  0.94  233.7  0.99  234.2  0.95   303   367 1.000  41.0  34520 0F00
26.08.2022 19:12:45  *01n 20 100TL 4  460.3  0.65   300  398.6  0.26   105  233.1  0.91  233.9  0.92  234.3  0.91   405   355 0.999i  41.0  34522 389F
26.08.2022 19:13:05  *01n 20 100TL 4  455.0  0.53   245  398.5  0.22    90  232.5  0.93  233.8  0.96  234.0  0.93   335   352 1.000  41.0  34524 9958
26.08.2022 19:13:25  *01n 20 100TL 4  452.3  0.62   282  398.7  0.22    88  232.6  0.89  233.5  0.91  234.0  0.88   370   340 1.000  41.0  34526 E652
26.08.2022 19:13:45  *01n 20 100TL 4  459.2  0.44   204  398.3  0.18    74  232.4  0.90  233.6  0.93  233.9  0.90   279   334 0.999i  41.0  34528 B00E
26.08.2022 19:14:05  *01n 20 100TL 4  460.0  0.48   225  398.5  0.18    70  232.8  0.86  233.7  0.89  234.2  0.88   296   329 1.000  41.0  34529 9719
26.08.2022 19:14:25  *01n 20 100TL 4  450.6  0.46   210  398.5  0.15    61  232.4  0.90  233.5  0.92  234.0  0.94   271   318 0.999i  41.0  34531 C4C1
26.08.2022 19:14:45  *01n 20 100TL 4  432.7  0.61   265  398.4  0.21    88  232.3  0.83  233.3  0.84  233.6  0.83   354   311 1.000  41.0  34533 B5BF
26.08.2022 19:15:05  *01n 20 100TL 4  425.5  0.62   265  398.4  0.19    79  232.3  0.88  233.3  0.91  233.8  0.91   344   308 1.000  41.0  34535 9E91
26.08.2022 19:15:25  *01n 20 100TL 4  424.4  0.52   219  398.5  0.15    61  232.4  0.89  233.3  0.90  233.7  0.87   280   303 1.000  41.0  34536 F983
26.08.2022 19:15:45  *01n 20 100TL 4  415.0  0.63   263  398.5  0.21    82  232.4  0.87  233.4  0.87  233.6  0.86   346   294 1.000  41.0  34538 1B54
26.08.2022 19:16:05  *01n 20 100TL 4  427.2  0.40   172  398.4  0.12    47  232.9  0.90  233.0  0.93  233.6  0.92   219   289 1.000  41.0  34540 003A
26.08.2022 19:16:25  *01n 20 100TL 4  426.3  0.57   244  398.5  0.18    74  232.4  0.83  233.4  0.85  233.6  0.85   318   286 1.000  41.0  34541 B583
26.08.2022 19:16:45  *01n 20 100TL 4  429.2  0.57   247  398.6  0.15    62  232.9  0.86  232.7  0.90  233.5  0.85   309   277 0.999c  41.0  34543 1014
26.08.2022 19:17:05  *01n 20 100TL 4  426.6  0.44   189  398.5  0.14    59  232.3  0.85  233.5  0.88  233.9  0.87   248   274 1.000  40.9  34545 F402
26.08.2022 19:17:25  *01n 20 100TL 4  428.2  0.56   242  398.6  0.19    74  232.4  0.82  233.5  0.85  233.7  0.83   317   270 1.000  41.0  34546 762F
26.08.2022 19:17:45  *01n 20 100TL 4  415.2  0.45   186  398.4  0.11    45  232.4  0.84  233.3  0.87  233.6  0.84   231   267 1.000  40.9  34548 4DEA
26.08.2022 19:18:05  *01n 20 100TL 4  395.2  0.57   228  398.6  0.16    65  232.4  0.85  233.2  0.89  233.4  0.86   294   260 0.999i  41.0  34549 2703
26.08.2022 19:18:25  *01n 20 100TL 4  374.6  0.48   181  398.6  0.12    47  232.3  0.81  233.3  0.84  233.7  0.84   228   254 0.999c  40.9  34551 8E5D
26.08.2022 19:18:45  *01n 20 100TL 4  373.8  0.43   163  398.4  0.11    45  232.4  0.86  233.1  0.89  233.4  0.89   209   253 0.999i  40.9  34552 7B47
26.08.2022 19:19:05  *01n 20 100TL 4  373.7  0.60   224  398.5  0.15    61  232.4  0.77  233.4  0.81  233.4  0.79   285   247 0.999c  40.9  34553 2BF2
26.08.2022 19:19:25  *01n 20 100TL 4  373.8  0.62   233  398.6  0.14    54  232.6  0.79  233.5  0.85  233.8  0.80   288   244 1.000  40.9  34555 BE5D
26.08.2022 19:19:46  *01n 20 100TL 4  373.9  0.64   241  398.6  0.16    64  232.7  0.87  233.5  0.90  233.8  0.88   305   242 0.999i  40.9  34556 DFCA
26.08.2022 19:20:06  *01n 20 100TL 4  373.8  0.61   231  398.6  0.13    51  232.7  0.83  233.5  0.89  233.6  0.87   283   236 0.999c  40.9  34557 715B
26.08.2022 19:20:26  *01n 20 100TL 4  373.7  0.42   157  398.5  0.09    38  232.5  0.83  233.4  0.85  233.9  0.86   195   228 1.000  40.9  34559 E556
26.08.2022 19:20:46  *01n 20 100TL 4  373.6  0.55   204  398.6  0.12    48  232.6  0.81  233.6  0.85  234.0  0.84   253   225 0.999i  40.9  34560 E5BE
26.08.2022 19:21:06  *01n 20 100TL 4  373.9  0.54   205  398.5  0.10    39  232.5  0.80  233.6  0.83  233.7  0.80   245   219 0.999c  40.9  34561 881D
26.08.2022 19:21:26  *01n 20 100TL 4  373.7  0.57   212  398.6  0.10    42  232.4  0.85  233.3  0.86  233.7  0.86   254   219 1.000  40.9  34562 2440
26.08.2022 19:21:46  *01n 20 100TL 4  373.9  0.59   222  398.6  0.12    50  232.4  0.79  233.2  0.81  233.7  0.80   273   215 0.999c  40.9  34564 DBBF
26.08.2022 19:22:06  *01n 20 100TL 4  373.8  0.49   184  398.4  0.08    33  232.4  0.83  233.3  0.84  233.7  0.84   218   209 0.999i  40.9  34565 DE56
26.08.2022 19:22:26  *01n 20 100TL 4  373.7  0.51   192  398.6  0.10    41  232.6  0.80  233.2  0.85  233.7  0.82   233   205 1.000  40.9  34566 547C
26.08.2022 19:22:46  *01n 20 100TL 4  373.7  0.46   175  398.4  0.07    27  232.6  0.81  233.4  0.84  233.7  0.82   202   205 0.999c  40.9  34567 F511
26.08.2022 19:23:06  *01n 20 100TL 4  373.7  0.39   148  398.5  0.07    28  232.2  0.83  233.4  0.86  233.6  0.86   177   202 1.000  40.9  34568 5045
26.08.2022 19:23:26  *01n 20 100TL 4  373.7  0.38   141  398.5  0.05    22  232.2  0.81  233.3  0.84  233.4  0.83   164   198 0.999i  40.9  34569 CC28
26.08.2022 19:23:46  *01n 20 100TL 4  373.8  0.53   198  398.5  0.07    27  233.0  0.81  232.7  0.84  232.8  0.80   225   198 0.999c  40.9  34571 3B94
26.08.2022 19:24:06  *01n 20 100TL 4  373.8  0.40   154  398.5  0.06    25  232.4  0.81  233.2  0.86  233.5  0.82   180   196 0.999c  40.9  34572 B5AA
26.08.2022 19:24:26  *01n 20 100TL 4  373.6  0.34   128  398.5  0.04    18  232.2  0.81  233.0  0.83  233.4  0.79   146   192 0.999c  40.9  34573 3202
26.08.2022 19:24:46  *01n 20 100TL 4  373.7  0.40   152  398.6  0.06    21  232.6  0.81  233.1  0.86  233.4  0.82   173   190 0.999i  40.9  34574 8724
26.08.2022 19:25:06  *01n 20 100TL 4  373.8  0.42   158  398.4  0.06    24  232.4  0.82  233.3  0.83  233.5  0.82   183   187 1.000  40.9  34575 EBF4
26.08.2022 19:25:26  *01n 20 100TL 4  373.7  0.43   160  398.4  0.04    16  232.7  0.81  233.2  0.84  234.2  0.81   177   189 1.000  40.9  34576 473D
26.08.2022 19:25:46  *01n 20 100TL 4  373.9  0.52   196  398.5  0.07    30  232.6  0.77  233.4  0.83  233.5  0.79   227   187 1.000  40.9  34577 7BB5
26.08.2022 19:26:07  *01n 20 100TL 4  373.8  0.42   158  398.6  0.04    16  232.5  0.84  233.5  0.85  233.8  0.83   175   183 0.999i  40.9  34578 5413
26.08.2022 19:26:27  *01n 20 100TL 4  373.8  0.54   201  398.3  0.05    21  232.8  0.79  233.5  0.80  233.4  0.80   222   184 1.000  40.9  34579 79A6
26.08.2022 19:26:47  *01n 20 100TL 4  373.7  0.40   151  398.5  0.05    21  232.5  0.81  233.4  0.86  233.6  0.88   172   184 0.999i  40.9  34580 BA14
26.08.2022 19:27:07  *01n 20 100TL 4  373.9  0.39   148  398.6  0.03    12  232.6  0.80  233.4  0.83  233.7  0.82   160   178 0.999c  40.9  34581 A7A9
26.08.2022 19:27:27  *01n 20 100TL 4  373.9  0.48   180  398.7  0.07    25  232.6  0.81  233.0  0.86  234.2  0.81   205   177 0.999c  40.9  34582 20C2
26.08.2022 19:27:47  *01n 20 100TL 4  373.8  0.33   123  398.4  0.03    13  232.4  0.80  233.4  0.85  233.7  0.79   137   173 0.999c  40.9  34583 A2CE
26.08.2022 19:28:07  *01n 20 100TL 4  373.7  0.35   132  398.6  0.03    15  232.6  0.82  233.6  0.83  233.9  0.80   148   170 0.999c  40.9  34584 6B3F
26.08.2022 19:28:27  *01n 20 100TL 4  373.8  0.36   137  398.5  0.04    16  232.8  0.80  233.5  0.87  233.7  0.83   154   167 1.000  40.9  34585 1B45
26.08.2022 19:28:47  *01n 20 100TL 4  373.9  0.32   120  398.6  0.02     9  232.7  0.79  233.4  0.83  234.0  0.84   129   169 1.000  40.9  34586 1E4C
26.08.2022 19:29:07  *01n 20 100TL 4  373.9  0.38   143  398.5  0.03    13  233.7  0.84  232.8  0.85  233.8  0.81   157   163 0.999c  40.9  34587 CC75
26.08.2022 19:29:27  *01n 20 100TL 4  373.6  0.45   169  398.5  0.03    15  232.6  0.79  233.8  0.85  233.5  0.79   184   164 0.999c  40.9  34588 6294
26.08.2022 19:29:47  *01n 20 100TL 4  373.6  0.30   111  398.5  0.02     7  232.8  0.78  233.4  0.83  234.2  0.82   119   158 0.999c  40.8  34589 BD20
26.08.2022 19:30:07  *01n 20 100TL 4  373.7  0.49   183  398.6  0.03    12  232.7  0.79  233.6  0.82  234.0  0.79   195   158 0.999c  40.8  34589 CDED
26.08.2022 19:30:27  *01n 20 100TL 4  373.6  0.34   129  398.4  0.00     1  232.5  0.79  233.5  0.80  233.8  0.80   131   154 0.999c  40.8  34590 8EFE
26.08.2022 19:30:47  *01n 20 100TL 4  373.7  0.46   172  398.6  0.00     0  232.7  0.79  233.4  0.83  233.3  0.82   172   151 0.999c  40.8  34591 2B57
26.08.2022 19:31:07  *01n 20 100TL 4  373.7  0.43   163  398.5  0.00     1  232.7  0.81  233.6  0.83  234.0  0.80   164   149 0.999c  40.8  34592 CD1B
26.08.2022 19:31:27  *01n 20 100TL 4  373.7  0.46   173  398.6  0.00     0  232.7  0.81  233.6  0.83  233.9  0.79   173   146 0.999c  40.8  34593 8A18
26.08.2022 19:31:47  *01n 20 100TL 4  373.5  0.32   120  398.6  0.00     1  232.6  0.79  233.5  0.79  233.8  0.78   122   143 0.999c  40.8  34594 0583
26.08.2022 19:32:07  *01n 20 100TL 4  373.8  0.32   122  398.6  0.00     0  232.4  0.83  233.4  0.83  233.8  0.83   122   140 0.999i  40.8  34595 5831
26.08.2022 19:32:28  *01n 20 100TL 4  373.6  0.45   167  398.4  0.00     3  232.2  0.79  233.2  0.82  233.8  0.79   170   138 0.999i  40.8  34595 655D
26.08.2022 19:32:48  *01n 20 100TL 4  374.4  0.29   112  398.7  0.00     0  232.6  0.81  233.2  0.84  233.5  0.82   112   138 0.999i  40.8  34596 DB92
26.08.2022 19:33:08  *01n 20 100TL 4  374.5  0.45   169  399.0  0.00     0  232.6  0.75  233.1  0.84  233.4  0.81   169   134 0.999c  40.8  34597 5E55
26.08.2022 19:33:28  *01n 20 100TL 4  373.4  0.19    73  398.4  0.00     1  232.6  0.76  233.3  0.81  233.3  0.76    74   126 0.999c  40.8  34598 3425
26.08.2022 19:33:48  *01n 20 100TL 4  373.5  0.43   161  398.2  0.00     0  232.6  0.80  233.5  0.84  233.5  0.83   161   132 0.999i  40.8  34598 E54B
26.08.2022 19:34:08  *01n 20 100TL 4  373.8  0.30   114  398.5  0.00     0  232.7  0.79  233.5  0.82  233.7  0.79   114   126 0.999c  40.8  34599 C5F1
26.08.2022 19:34:28  *01n 20 100TL 4  373.8  0.42   157  398.3  0.00     0  233.1  0.79  233.0  0.79  233.8  0.79   157   125 0.999c  40.8  34600 1D7F
26.08.2022 19:34:48  *01n 20 100TL 4  373.7  0.39   148  398.3  0.00     0  232.6  0.80  233.3  0.81  233.5  0.79   148   122 0.999c  40.8  34600 9003
26.08.2022 19:35:08  *01n 20 100TL 4  373.9  0.41   154  398.4  0.00     0  232.6  0.84  233.4  0.84  233.7  0.83   154   122 0.999i  40.8  34601 01A2
26.08.2022 19:35:28  *01n 20 100TL 4  373.8  0.25    97  398.8  0.00     0  232.7  0.78  233.3  0.82  233.5  0.81    97   115 0.998i  40.8  34602 28A3
26.08.2022 19:35:48  *01n 20 100TL 4  373.8  0.29   112  398.6  0.00     0  232.7  0.79  233.4  0.83  233.8  0.82   112   114 0.999i  40.8  34602 5893
26.08.2022 19:36:08  *01n 20 100TL 4  373.9  0.29   109  398.5  0.00     0  232.6  0.79  233.5  0.83  233.7  0.80   109   112 0.998c  40.8  34603 997C
26.08.2022 19:36:28  *01n 20 100TL 4  373.8  0.30   111  398.4  0.00     0  232.6  0.78  233.6  0.84  233.8  0.80   111   112 0.998i  40.8  34604 51FC
26.08.2022 19:36:48  *01n 20 100TL 4  373.6  0.21    79  398.6  0.00     0  232.5  0.80  233.5  0.80  233.8  0.79    79   108 0.998c  40.8  34604 CAFF
26.08.2022 19:37:08  *01n 20 100TL 4  373.7  0.22    83  398.5  0.00     0  232.5  0.80  233.5  0.83  233.8  0.79    83   106 0.998c  40.8  34605 32D8
26.08.2022 19:37:28  *01n 20 100TL 4  373.7  0.32   120  398.5  0.00     0  232.3  0.79  233.0  0.84  233.4  0.78   120   106 0.998i  40.8  34605 9C6C
26.08.2022 19:37:48  *01n 20 100TL 4  373.7  0.32   123  398.6  0.00     0  232.3  0.81  233.3  0.80  233.7  0.83   123   103 0.998i  40.8  34606 B126
26.08.2022 19:38:09  *01n 20 100TL 4  373.8  0.25    93  398.8  0.00     0  232.4  0.79  233.2  0.81  233.7  0.79    93   102 0.998i  40.8  34607 698B
26.08.2022 19:38:29  *01n 20 100TL 4  373.6  0.37   137  398.5  0.00     0  232.4  0.80  233.2  0.81  233.4  0.81   137   103 0.998c  40.8  34607 5630
26.08.2022 19:38:49  *01n 20 100TL 4  373.6  0.24    90  398.5  0.00     0  232.3  0.79  233.4  0.81  233.6  0.79    90    99 0.998c  40.7  34608 8EEE
26.08.2022 19:39:09  *01n 20 100TL 4  373.8  0.22    85  398.6  0.00     0  232.3  0.78  233.4  0.83  233.7  0.76    85    94 0.998c  40.7  34608 1D01
26.08.2022 19:39:29  *01n 20 100TL 4  373.8  0.32   120  398.5  0.00     0  232.5  0.76  233.1  0.80  233.4  0.78   120    94 0.998c  40.8  34609 5357
26.08.2022 19:39:49  *01n 20 100TL 4  373.8  0.17    62  398.5  0.00     0  232.4  0.79  233.3  0.83  233.5  0.84    62    91 0.997i  40.7  34609 6558
26.08.2022 19:40:09  *01n 20 100TL 4  373.7  0.33   125  398.5  0.00     0  232.9  0.77  232.3  0.81  233.5  0.73   125    91 0.998c  40.7  34610 CBAA
26.08.2022 19:40:29  *01n 20 100TL 4  373.7  0.17    65  398.6  0.00     0  232.3  0.77  233.1  0.79  233.5  0.80    65    93 0.998c  40.7  34610 09AB
26.08.2022 19:40:49  *01n 20 100TL 4  373.8  0.28   108  398.5  0.00     0  232.3  0.78  233.3  0.84  233.4  0.81   108    93 0.998i  40.7  34611 C431
26.08.2022 19:41:09  *01n 20 100TL 4  373.9  0.32   122  398.5  0.00     0  232.4  0.80  233.3  0.82  233.7  0.79   122    91 0.997c  40.7  34611 72E7
26.08.2022 19:41:29  *01n 20 100TL 4  374.0  0.18    67  398.6  0.00     0  232.4  0.79  233.3  0.81  233.7  0.79    67    86 0.997i  40.7  34612 96B4
26.08.2022 19:41:49  *01n 20 100TL 4  373.8  0.25    96  398.5  0.00     0  232.8  0.76  232.9  0.80  233.0  0.77    96    88 0.997c  40.7  34612 41DD
26.08.2022 19:42:09  *01n 20 100TL 4  373.8  0.31   119  398.6  0.00     0  232.3  0.78  233.2  0.81  233.5  0.79   119    88 0.996i  40.7  34613 7C23
26.08.2022 19:42:29  *01n 20 100TL 4  373.8  0.21    79  398.4  0.00     0  232.4  0.78  233.1  0.80  233.7  0.81    79    83 0.998i  40.7  34613 6081
26.08.2022 19:42:49  *01n 20 100TL 4  374.0  0.30   112  398.6  0.00     0  232.3  0.76  233.3  0.80  233.5  0.78   112    86 0.997i  40.7  34614 80FD
26.08.2022 19:43:09  *01n 20 100TL 4  373.8  0.35   132  398.5  0.00     0  232.5  0.79  233.1  0.82  233.7  0.75   132    90 0.998c  40.7  34614 7892
26.08.2022 19:43:29  *01n 20 100TL 4  373.7  0.20    79  398.5  0.00     0  232.4  0.76  233.1  0.81  233.5  0.81    79    82 0.997c  40.7  34615 7233
26.08.2022 19:43:49  *01n 20 100TL 4  373.7  0.26    99  398.3  0.00     0  232.7  0.76  233.3  0.81  233.7  0.79    99    79 0.997c  40.7  34615 4F07
26.08.2022 19:44:09  *01n 20 100TL 4  373.8  0.27   103  398.6  0.00     0  232.8  0.77  232.9  0.82  233.8  0.77   103    79 0.997c  40.7  34616 07C1
26.08.2022 19:44:29  *01n 20 100TL 4  373.8  0.23    86  398.5  0.00     0  232.3  0.76  233.1  0.81  233.3  0.81    86    82 0.997c  40.7  34616 E081
26.08.2022 19:44:49  *01n 20 100TL 4  373.9  0.33   126  398.4  0.00     0  232.2  0.75  233.3  0.81  233.6  0.75   126    77 0.997c  40.7  34617 8CBF
26.08.2022 19:45:09  *01n 20 100TL 4  373.8  0.23    88  398.5  0.00     0  232.2  0.76  233.3  0.80  233.6  0.82    88    74 0.996i  40.7  34617 3E67
26.08.2022 19:45:30  *01n 20 100TL 4  373.8  0.36   135  398.6  0.00     0  232.3  0.79  233.3  0.81  233.7  0.79   135    74 0.996c  40.7  34617 1113
26.08.2022 19:45:50  *01n 20 100TL 4  373.8  0.19    71  398.5  0.00     0  232.6  0.79  233.6  0.80  233.7  0.84    71    74 0.996i  40.7  34618 F99F
26.08.2022 19:46:10  *01n 20 100TL 4  373.7  0.29   108  398.4  0.00     0  232.3  0.79  233.5  0.80  233.7  0.78   108    73 0.996i  40.7  34618 77E4
26.08.2022 19:46:30  *01n 20 100TL 4  373.9  0.11    42  398.6  0.00     0  232.5  0.81  233.4  0.81  233.6  0.78    42    70 0.996c  40.7  34619 CDAB
26.08.2022 19:46:50  *01n 20 100TL 4  373.8  0.15    57  398.6  0.00     0  232.0  0.77  233.1  0.81  233.5  0.77    57    68 0.994i  40.7  34619 D5A3
26.08.2022 19:47:10  *01n 20 100TL 4  373.5  0.13    50  398.5  0.00     0  231.9  0.79  233.1  0.83  233.4  0.79    50    67 0.996i  40.7  34619 6F80
26.08.2022 19:47:30  *01n 20 100TL 4  373.8  0.25    93  398.6  0.00     0  231.9  0.79  232.8  0.79  233.3  0.80    93    68 0.995i  40.7  34620 FF50
26.08.2022 19:47:50  *01n 20 100TL 4  373.8  0.13    48  398.6  0.00     0  232.1  0.78  233.1  0.83  233.3  0.83    48    67 0.996i  40.7  34620 F0C7
26.08.2022 19:48:10  *01n 20 100TL 4  373.8  0.14    51  398.4  0.00     0  231.8  0.77  232.9  0.81  233.4  0.78    51    65 0.993c  40.7  34621 1C6B
26.08.2022 19:48:30  *01n 20 100TL 4  373.9  0.15    59  398.6  0.00     0  232.4  0.81  232.4  0.80  233.6  0.78    59    64 0.994c  40.7  34621 F9C3
26.08.2022 19:48:50  *01n 20 100TL 4  373.6  0.18    68  398.5  0.00     0  231.9  0.79  233.1  0.79  233.5  0.78    68    61 0.993c  40.7  34621 7365
26.08.2022 19:49:10  *01n 20 100TL 4  373.8  0.11    42  398.5  0.00     0  231.9  0.79  233.2  0.81  233.7  0.75    42    61 0.995c  40.7  34622 DD34
26.08.2022 19:49:30  *01n 20 100TL 4  373.8  0.21    77  398.6  0.00     0  232.1  0.76  233.1  0.82  233.5  0.77    77    62 0.996c  40.7  34622 5C14
26.08.2022 19:49:50  *01n 20 100TL 4  373.8  0.20    74  398.5  0.00     0  231.9  0.78  232.8  0.83  233.1  0.81    74    59 0.989i  40.7  34622 3C3A
26.08.2022 19:50:10  *01n 20 100TL 4  373.8  0.14    50  398.6  0.00     0  231.9  0.78  233.0  0.83  233.5  0.79    50    62 0.989i  40.7  34623 6B7D
26.08.2022 19:50:30  *01n 20 100TL 4  373.8  0.24    91  398.5  0.00     0  232.0  0.76  233.0  0.80  233.5  0.78    91    64 0.988c  40.7  34623 E02F
26.08.2022 19:50:50  *01n 20 100TL 4  373.7  0.26    99  398.5  0.00     0  231.9  0.79  233.0  0.85  233.2  0.81    99    62 0.992i  40.6  34623 1896
26.08.2022 19:51:10  *01n 20 100TL 4  373.8  0.12    45  398.5  0.00     0  232.0  0.79  233.0  0.82  233.4  0.78    45    59 0.991i  40.7  34624 34CA
26.08.2022 19:51:30  *01n 20 100TL 4  373.8  0.15    59  398.5  0.00     0  232.0  0.76  232.9  0.79  233.3  0.78    59    61 0.990i  40.7  34624 60DA
26.08.2022 19:51:50  *01n 20 100TL 4  373.8  0.21    80  398.4  0.00     0  232.1  0.80  233.1  0.86  233.4  0.81    80    59 0.990i  40.7  34624 82F9
26.08.2022 19:52:11  *01n 20 100TL 4  373.8  0.24    91  398.5  0.00     0  232.2  0.77  233.1  0.81  233.5  0.80    91    57 0.995i  40.7  34624 AFE1
26.08.2022 19:52:31  *01n 20 100TL 4  373.8  0.26    96  398.5  0.00     0  231.7  0.79  232.9  0.84  233.4  0.82    96    57 0.994i  40.7  34625 A084
26.08.2022 19:52:51  *01n 20 100TL 4  373.7  0.22    83  398.5  0.00     0  231.7  0.78  233.3  0.77  233.3  0.79    83    56 0.988c  40.6  34625 677A
26.08.2022 19:53:11  *01n 20 100TL 4  373.7  0.10    39  398.6  0.00     0  231.9  0.77  232.9  0.80  233.2  0.78    39    56 0.992c  40.6  34625 F7B8
26.08.2022 19:53:31  *01n 20 100TL 4  373.9  0.13    50  398.6  0.00     0  231.8  0.78  233.2  0.79  233.4  0.78    50    54 0.994c  40.6  34626 DDCC
26.08.2022 19:53:51  *01n 20 100TL 4  373.8  0.14    54  398.4  0.00     0  232.1  0.77  233.1  0.82  233.6  0.77    54    54 0.990c  40.6  34626 3267
26.08.2022 19:54:11  *01n 20 100TL 4  373.7  0.18    67  398.7  0.00     0  232.0  0.79  233.3  0.83  233.6  0.83    67    51 0.990i  40.7  34626 C556
