31.03.2025 07:54:14  *01n 20 100TL 4  504.9  0.11    61  241.3  0.00     0  227.2  0.75  228.3  0.77  229.0  0.75    61    62 0.939c  29.6      0 BE86
31.03.2025 07:54:35  *01n 20 100TL 4  484.8  0.13    65  286.8  0.00     0  227.3  0.76  228.2  0.79  228.8  0.79    65    74 0.996i  29.6      0 3BBD
31.03.2025 07:54:55  *01n 20 100TL 4  464.7  0.15    71  266.5  0.00     0  227.0  0.76  228.0  0.79  228.6  0.77    71    74 0.993c  29.7      1 36C1
31.03.2025 07:55:15  *01n 20 100TL 4  444.4  0.18    79  246.2  0.00     0  227.0  0.81  228.2  0.79  228.9  0.80    79    76 0.997i  29.7      1 6110
31.03.2025 07:55:35  *01n 20 100TL 4  425.5  0.28   122  227.3  0.00     0  227.1  0.78  227.9  0.77  228.8  0.81   122    77 0.996i  29.8      1 F7A5
31.03.2025 07:55:55  *01n 20 100TL 4  405.3  0.28   114  216.9  0.00     0  227.0  0.79  227.7  0.81  228.5  0.82   114    74 0.994i  29.9      2 60E0
31.03.2025 07:56:15  *01n 20 100TL 4  393.2  0.10    41  216.5  0.00     0  227.0  0.75  227.8  0.76  228.7  0.78    41    68 0.992c  29.9      2 B56A
31.03.2025 07:56:35  *01n 20 100TL 4  393.2  0.25    97  216.7  0.00     0  227.0  0.78  227.9  0.79  228.4  0.80    97    74 0.997i  30.0      3 BDB8
31.03.2025 07:56:55  *01n 20 100TL 4  393.1  0.15    62  216.7  0.00     0  227.2  0.81  228.2  0.79  228.8  0.79    62    74 0.987c  30.1      3 0048
31.03.2025 07:57:15  *01n 20 100TL 4  393.2  0.23    93  216.7  0.00     0  227.2  0.78  228.0  0.78  228.7  0.78    93    76 0.996c  30.1      3 3273
31.03.2025 07:57:35  *01n 20 100TL 4  393.2  0.23    90  216.7  0.00     0  227.1  0.76  228.0  0.79  228.4  0.80    90    74 0.997i  30.2      4 764F
31.03.2025 07:57:55  *01n 20 100TL 4  393.1  0.18    71  216.4  0.00     0  226.9  0.80  227.7  0.77  228.2  0.75    71    76 0.994c  30.2      4 EC1C
31.03.2025 07:58:15  *01n 20 100TL 4  393.1  0.21    83  216.6  0.00     0  226.7  0.77  227.6  0.79  228.2  0.76    83    80 0.997c  30.2      5 D10C
31.03.2025 07:58:35  *01n 20 100TL 4  393.2  0.27   106  216.7  0.00     0  226.8  0.78  227.9  0.81  228.4  0.78   106    79 0.996i  30.2      5 E67C
31.03.2025 07:58:55  *01n 20 100TL 4  393.1  0.12    48  216.8  0.00     0  226.7  0.79  227.6  0.79  228.3  0.79    48    76 0.997c  30.3      6 B3A7
31.03.2025 07:59:15  *01n 20 100TL 4  393.1  0.27   105  216.7  0.00     0  226.8  0.78  227.9  0.79  228.4  0.77   105    80 0.997c  30.3      6 EF90
31.03.2025 07:59:35  *01n 20 100TL 4  393.0  0.17    70  216.6  0.00     0  227.0  0.80  227.9  0.79  228.6  0.77    70    80 0.997i  30.4      7 4BD0
31.03.2025 07:59:55  *01n 20 100TL 4  393.3  0.29   117  216.7  0.00     0  226.8  0.77  227.9  0.78  228.4  0.78   117    82 0.997i  30.4      7 8512
31.03.2025 08:00:15  *01n 20 100TL 4  393.0  0.09    38  216.6  0.00     0  227.0  0.78  227.8  0.80  228.5  0.79    38    82 0.997c  30.5      7 5AE8
31.03.2025 08:00:35  *01n 20 100TL 4  393.1  0.24    94  216.7  0.00     0  226.6  0.77  227.9  0.80  228.3  0.78    94    79 0.997i  30.5      8 A387
31.03.2025 08:00:55  *01n 20 100TL 4  393.2  0.22    86  216.8  0.00     0  227.0  0.79  228.1  0.80  228.6  0.81    86    82 0.996i  30.5      8 7947
31.03.2025 08:01:16  *01n 20 100TL 4  393.3  0.23    91  216.6  0.00     0  227.1  0.78  227.5  0.81  228.5  0.79    91    82 0.997i  30.6      9 89CA
31.03.2025 08:01:36  *01n 20 100TL 4  393.1  0.24    96  216.6  0.00     0  226.9  0.77  227.7  0.77  228.3  0.79    96    80 0.997c  30.6      9 1408
31.03.2025 08:01:56  *01n 20 100TL 4  393.3  0.24    97  216.8  0.00     0  226.7  0.77  227.8  0.78  228.3  0.79    97    82 0.995c  30.7     10 F841
31.03.2025 08:02:16  *01n 20 100TL 4  393.0  0.25   100  216.8  0.00     0  226.8  0.75  228.0  0.80  228.4  0.79   100    83 0.997c  30.7     10 10BA
31.03.2025 08:02:36  *01n 20 100TL 4  393.1  0.19    76  216.9  0.00     0  226.7  0.76  227.9  0.77  228.3  0.77    76    83 0.998c  30.7     11 1FF7
31.03.2025 08:02:56  *01n 20 100TL 4  393.2  0.17    68  216.6  0.00     0  226.9  0.79  227.9  0.81  228.2  0.77    68    86 0.994i  30.8     11 13E1
31.03.2025 08:03:16  *01n 20 100TL 4  393.3  0.17    68  216.6  0.00     0  227.0  0.77  227.9  0.83  228.2  0.79    68    83 0.997i  30.8     12 B7C3
31.03.2025 08:03:36  *01n 20 100TL 4  393.1  0.31   122  216.7  0.00     0  227.3  0.76  227.6  0.77  227.7  0.78   122    86 0.997c  30.8     12 AC06
31.03.2025 08:03:56  *01n 20 100TL 4  393.4  0.13    53  216.8  0.00     0  226.6  0.78  227.8  0.80  228.2  0.79    53    88 0.996c  30.9     13 87A2
31.03.2025 08:04:16  *01n 20 100TL 4  393.2  0.30   119  216.7  0.00     0  226.4  0.78  227.7  0.77  228.0  0.80   119    90 0.997c  30.9     13 4983
31.03.2025 08:04:36  *01n 20 100TL 4  393.4  0.25   100  216.7  0.00     0  226.5  0.82  227.6  0.76  228.1  0.80    97    90 0.997i  31.0     14 AD76
31.03.2025 08:04:56  *01n 20 100TL 4  393.0  0.36   141  216.6  0.00     0  226.6  0.78  227.7  0.82  228.0  0.75   141    94 0.996i  31.0     14 9453
31.03.2025 08:05:16  *01n 20 100TL 4  392.4  0.19    74  216.4  0.00     0  226.4  0.78  227.2  0.78  227.8  0.77    74    88 0.998c  31.0     15 EC42
31.03.2025 08:05:36  *01n 20 100TL 4  392.0  0.09    38  216.5  0.00     0  226.3  0.75  227.4  0.76  227.9  0.76    38    90 0.998c  31.1     15 6960
31.03.2025 08:05:57  *01n 20 100TL 4  394.1  0.31   123  216.8  0.01     3  226.6  0.76  227.6  0.78  227.9  0.78   126    94 0.997c  31.1     16 AB1F
31.03.2025 08:06:17  *01n 20 100TL 4  392.5  0.28   112  217.0  0.01     3  226.1  0.76  227.3  0.78  227.7  0.75   115    96 0.997c  31.1     16 B95F
31.03.2025 08:06:37  *01n 20 100TL 4  394.3  0.23    93  216.9  0.00     1  227.1  0.79  227.0  0.82  227.3  0.84    94    97 0.998c  31.2     17 22B1
31.03.2025 08:06:57  *01n 20 100TL 4  392.9  0.28   112  216.6  0.01     3  226.8  0.82  226.7  0.82  227.9  0.79   115   103 0.993i  31.2     17 64A1
31.03.2025 08:07:17  *01n 20 100TL 4  393.6  0.25    99  216.7  0.01     1  226.6  0.77  227.3  0.83  228.0  0.78   100   103 0.997c  31.2     18 C37C
31.03.2025 08:07:37  *01n 20 100TL 4  393.2  0.19    74  216.7  0.01     1  226.3  0.82  227.5  0.77  228.0  0.76    76   105 0.998i  31.3     18 0794
31.03.2025 08:07:57  *01n 20 100TL 4  393.1  0.29   115  216.9  0.01     3  226.8  0.78  227.6  0.76  227.9  0.82   119   105 0.998i  31.3     19 7208
31.03.2025 08:08:17  *01n 20 100TL 4  393.0  0.17    67  216.8  0.00     1  226.9  0.78  227.6  0.79  228.0  0.81    68   106 0.998c  31.3     20 AADA
31.03.2025 08:08:37  *01n 20 100TL 4  393.2  0.33   129  216.8  0.02     4  226.6  0.77  227.4  0.82  228.1  0.80   134   114 0.998i  31.3     20 EE15
31.03.2025 08:08:57  *01n 20 100TL 4  393.2  0.35   137  216.6  0.02     4  226.5  0.80  227.7  0.79  228.2  0.76   141   111 0.999c  31.4     21 99DE
31.03.2025 08:09:17  *01n 20 100TL 4  393.3  0.34   135  216.7  0.03     6  226.5  0.75  227.8  0.81  228.3  0.75   141   112 0.998c  31.4     21 6BBB
31.03.2025 08:09:37  *01n 20 100TL 4  393.2  0.26   105  216.8  0.02     4  226.5  0.81  227.5  0.80  228.1  0.80   109   115 0.998c  31.5     22 06E7
31.03.2025 08:09:57  *01n 20 100TL 4  393.1  0.28   114  216.8  0.03     6  226.2  0.84  227.4  0.81  227.9  0.83   120   114 0.998i  31.5     23 390F
31.03.2025 08:10:17  *01n 20 100TL 4  393.1  0.24    96  216.5  0.02     3  226.5  0.80  227.3  0.83  228.0  0.79    99   115 0.998i  31.5     23 57E0
31.03.2025 08:10:37  *01n 20 100TL 4  393.3  0.24    94  216.8  0.02     4  226.5  0.80  227.5  0.76  227.9  0.80    99   115 0.999i  31.6     24 65E2
31.03.2025 08:10:57  *01n 20 100TL 4  393.2  0.31   123  216.8  0.03     4  227.2  0.80  227.1  0.77  228.0  0.81   128   123 0.997c  31.6     25 301E
31.03.2025 08:11:17  *01n 20 100TL 4  393.1  0.29   117  216.8  0.03     6  226.6  0.79  227.9  0.77  228.4  0.80   123   123 0.998c  31.6     25 4F85
31.03.2025 08:11:37  *01n 20 100TL 4  393.2  0.36   141  216.8  0.03     7  226.5  0.79  227.7  0.81  228.2  0.81   149   125 0.998i  31.7     26 E36F
31.03.2025 08:11:58  *01n 20 100TL 4  393.1  0.33   131  216.7  0.03     7  226.3  0.80  227.3  0.79  227.8  0.83   138   126 0.999i  31.7     27 C736
31.03.2025 08:12:18  *01n 20 100TL 4  393.3  0.40   157  216.7  0.04     7  226.4  0.80  227.5  0.80  228.1  0.82   164   134 0.999c  31.7     27 4E78
31.03.2025 08:12:38  *01n 20 100TL 4  393.3  0.29   115  216.7  0.03     6  226.5  0.84  227.7  0.80  228.2  0.77   122   134 0.999i  31.7     28 663A
31.03.2025 08:12:58  *01n 20 100TL 4  393.1  0.23    90  216.7  0.02     4  226.6  0.80  227.8  0.83  228.2  0.82    94   135 0.999c  31.8     29 8986
31.03.2025 08:13:18  *01n 20 100TL 4  393.1  0.37   146  216.8  0.03     9  226.5  0.82  227.8  0.83  228.2  0.81   155   138 0.999i  31.8     30 A2C0
31.03.2025 08:13:38  *01n 20 100TL 4  393.3  0.36   143  216.8  0.05     9  226.8  0.78  228.0  0.77  228.3  0.80   152   140 0.999c  31.8     31 658D
31.03.2025 08:13:58  *01n 20 100TL 4  393.2  0.29   115  216.8  0.03     7  226.6  0.76  227.8  0.78  228.2  0.79   123   143 0.999c  31.9     31 68F2
31.03.2025 08:14:18  *01n 20 100TL 4  393.2  0.34   134  216.8  0.05    12  227.2  0.80  227.5  0.79  227.7  0.82   146   149 0.999i  31.9     32 4C2B
31.03.2025 08:14:38  *01n 20 100TL 4  393.2  0.35   138  216.6  0.04     9  227.4  0.81  227.8  0.83  227.9  0.84   148   152 0.999i  31.9     33 1957
31.03.2025 08:14:58  *01n 20 100TL 4  393.1  0.36   144  216.7  0.05    10  226.9  0.80  227.9  0.79  228.3  0.82   155   155 0.999c  32.0     34 D972
31.03.2025 08:15:19  *01n 20 100TL 4  393.2  0.27   109  216.8  0.04     7  227.0  0.79  227.7  0.77  228.2  0.82   117   157 0.999c  32.0     35 B407
31.03.2025 08:15:39  *01n 20 100TL 4  393.2  0.36   143  216.6  0.05    12  226.9  0.82  227.7  0.79  228.1  0.86   155   161 0.999i  32.0     36 0EA8
31.03.2025 08:15:59  *01n 20 100TL 4  393.2  0.31   123  216.7  0.04     9  226.8  0.83  227.9  0.79  228.2  0.80   132   160 0.999i  32.0     36 A392
31.03.2025 08:16:19  *01n 20 100TL 4  393.2  0.33   129  216.6  0.06    13  226.9  0.79  228.0  0.80  228.3  0.82   143   166 1.000  32.1     37 E0F7
31.03.2025 08:16:39  *01n 20 100TL 4  393.2  0.32   128  216.8  0.05    10  227.1  0.83  227.9  0.83  228.3  0.83   138   167 1.000  32.1     38 1CC6
31.03.2025 08:16:59  *01n 20 100TL 4  393.1  0.41   161  216.7  0.07    16  226.7  0.80  227.6  0.80  228.1  0.80   178   169 0.999c  32.1     39 BB90
31.03.2025 08:17:19  *01n 20 100TL 4  393.3  0.34   135  216.7  0.06    12  227.0  0.78  227.8  0.80  228.2  0.83   148   172 0.999c  32.1     40 9152
31.03.2025 08:17:39  *01n 20 100TL 4  393.1  0.50   198  216.5  0.09    18  227.0  0.82  227.9  0.80  228.1  0.83   216   175 0.999i  32.2     41 EC9E
31.03.2025 08:17:59  *01n 20 100TL 4  393.1  0.42   167  216.8  0.08    18  227.1  0.85  227.8  0.83  228.2  0.83   186   178 1.000  32.2     42 6985
31.03.2025 08:18:20  *01n 20 100TL 4  393.0  0.43   170  216.8  0.08    16  227.4  0.82  228.1  0.81  228.4  0.83   187   181 0.999c  32.2     43 3784
31.03.2025 08:18:40  *01n 20 100TL 4  393.2  0.38   149  216.8  0.08    16  227.1  0.79  228.0  0.80  228.6  0.79   166   181 0.999c  32.2     44 9DF0
31.03.2025 08:19:00  *01n 20 100TL 4  393.2  0.50   195  216.5  0.08    18  227.7  0.83  227.7  0.83  228.6  0.83   213   184 1.000  32.3     45 4C2A
31.03.2025 08:19:20  *01n 20 100TL 4  393.1  0.39   154  216.7  0.08    18  227.1  0.84  228.0  0.83  228.6  0.85   172   189 1.000  32.3     46 38D0
31.03.2025 08:19:40  *01n 20 100TL 4  393.2  0.42   166  216.7  0.08    18  227.2  0.83  228.2  0.83  228.6  0.89   184   190 1.000  32.3     47 27C2
31.03.2025 08:20:01  *01n 20 100TL 4  393.2  0.50   199  216.5  0.11    22  227.4  0.81  228.2  0.80  228.4  0.83   222   192 1.000  32.4     48 778C
31.03.2025 08:20:21  *01n 20 100TL 4  393.1  0.41   163  216.7  0.08    18  227.4  0.84  227.6  0.83  228.6  0.84   181   195 1.000  32.4     49 87F0
31.03.2025 08:20:41  *01n 20 100TL 4  393.2  0.54   212  216.7  0.12    25  227.2  0.80  228.1  0.82  228.6  0.82   238   199 0.999i  32.4     51 7F31
31.03.2025 08:21:01  *01n 20 100TL 4  393.2  0.42   167  216.5  0.09    18  227.0  0.80  228.1  0.83  228.4  0.86   186   201 1.000  32.5     52 C3AD
31.03.2025 08:21:21  *01n 20 100TL 4  393.2  0.41   161  216.8  0.09    19  227.1  0.83  227.9  0.79  228.4  0.82   181   204 1.000  32.5     53 4F2C
31.03.2025 08:21:42  *01n 20 100TL 4  393.2  0.54   213  216.7  0.13    27  226.8  0.82  228.1  0.81  228.4  0.83   241   209 1.000  32.5     54 B8E4
31.03.2025 08:22:02  *01n 20 100TL 4  393.2  0.44   172  216.7  0.09    19  226.6  0.84  227.7  0.86  228.2  0.84   192   210 1.000  32.5     55 8CE0
31.03.2025 08:22:22  *01n 20 100TL 4  393.2  0.58   228  216.6  0.14    30  226.8  0.83  228.1  0.86  228.2  0.82   259   215 1.000  32.5     56 FF5F
31.03.2025 08:22:42  *01n 20 100TL 4  393.1  0.41   163  216.8  0.08    16  226.8  0.84  228.0  0.81  228.4  0.85   180   213 1.000  32.6     58 E315
31.03.2025 08:23:03  *01n 20 100TL 4  393.0  0.41   163  216.7  0.10    19  227.2  0.83  227.6  0.83  228.3  0.83   183   215 1.000  32.6     59 20DC
31.03.2025 08:23:23  *01n 20 100TL 4  393.2  0.58   231  216.4  0.13    25  226.7  0.81  227.9  0.79  228.3  0.83   257   216 1.000  32.6     60 4C84
31.03.2025 08:23:43  *01n 20 100TL 4  393.1  0.47   186  216.8  0.11    24  226.5  0.85  227.5  0.85  228.2  0.86   210   219 1.000  32.7     61 C323
31.03.2025 08:24:03  *01n 20 100TL 4  393.3  0.60   236  216.7  0.13    27  226.5  0.83  227.7  0.82  228.2  0.87   263   225 0.999c  32.7     62 D0E7
31.03.2025 08:24:23  *01n 20 100TL 4  393.1  0.50   199  216.7  0.12    25  226.7  0.86  227.8  0.86  228.5  0.83   225   225 1.000  32.7     64 56A5
31.03.2025 08:24:43  *01n 20 100TL 4  393.0  0.58   230  216.8  0.13    27  226.8  0.81  228.0  0.83  228.5  0.83   257   224 1.000  32.7     65 ED00
31.03.2025 08:25:03  *01n 20 100TL 4  393.1  0.57   224  216.7  0.14    30  226.9  0.85  227.9  0.85  228.4  0.85   254   231 0.999i  32.7     66 78B9
31.03.2025 08:25:23  *01n 20 100TL 4  393.1  0.55   216  216.7  0.12    25  226.9  0.78  228.0  0.81  228.7  0.87   242   227 1.000  32.8     67 4F77
31.03.2025 08:25:44  *01n 20 100TL 4  393.2  0.61   241  216.8  0.14    32  226.7  0.83  228.0  0.85  228.5  0.85   273   231 1.000  32.8     69 A453
31.03.2025 08:26:04  *01n 20 100TL 4  393.2  0.50   195  216.8  0.11    24  226.5  0.85  227.8  0.83  228.2  0.87   219   231 1.000  32.8     70 A52D
31.03.2025 08:26:24  *01n 20 100TL 4  393.2  0.53   212  216.7  0.14    28  226.6  0.82  227.8  0.81  228.3  0.82   241   234 0.999c  32.8     71 DC4C
31.03.2025 08:26:44  *01n 20 100TL 4  393.1  0.56   221  216.6  0.13    28  226.6  0.88  227.9  0.86  228.3  0.89   250   236 1.000  32.9     73 3BDB
31.03.2025 08:27:04  *01n 20 100TL 4  404.4  0.53   216  216.8  0.14    28  226.6  0.84  227.3  0.87  228.4  0.85   245   242 1.000  32.9     74 F6CF
31.03.2025 08:27:24  *01n 20 100TL 4  421.0  0.54   227  216.9  0.14    30  226.8  0.80  227.9  0.79  228.5  0.84   257   247 1.000  32.9     75 98A9
31.03.2025 08:27:45  *01n 20 100TL 4  456.0  0.49   227  216.7  0.12    25  227.0  0.85  228.1  0.86  228.6  0.84   253   262 1.000  32.9     77 3856
31.03.2025 08:28:03  *01n 20 100TL 4  479.4  0.54   262  216.6  0.14    30  226.9  0.90  228.0  0.92  228.4  0.92   292   273 0.999i  33.0     78 1271
31.03.2025 08:28:22  *01n 20 100TL 4  498.5  0.46   231  216.8  0.12    25  226.6  0.84  228.0  0.84  228.4  0.81   257   276 1.000  33.0     80 A7FF
31.03.2025 08:28:42  *01n 20 100TL 4  498.3  0.57   286  216.6  0.14    30  226.9  0.82  228.0  0.85  228.5  0.87   317   276 0.999c  33.0     81 E57D
31.03.2025 08:29:02  *01n 20 100TL 4  488.1  0.46   228  216.8  0.12    27  227.0  0.89  228.1  0.88  228.7  0.88   256   276 0.999i  33.0     83 38BF
31.03.2025 08:29:22  *01n 20 100TL 4  497.6  0.55   274  216.5  0.14    32  227.2  0.86  227.8  0.86  228.1  0.86   306   279 1.000  33.0     84 89C0
31.03.2025 08:29:42  *01n 20 100TL 4  490.2  0.56   276  216.9  0.14    30  226.6  0.86  227.2  0.83  228.4  0.87   306   276 1.000  33.0     86 F9FD
31.03.2025 08:30:02  *01n 20 100TL 4  497.3  0.58   289  216.7  0.15    32  226.6  0.84  227.8  0.79  228.4  0.85   321   279 1.000  33.1     87 0568
31.03.2025 08:30:22  *01n 20 100TL 4  487.4  0.47   233  216.8  0.12    27  226.5  0.88  227.7  0.83  228.3  0.86   260   279 1.000  33.1     89 BDA0
31.03.2025 08:30:42  *01n 20 100TL 4  496.7  0.46   233  216.6  0.12    27  226.2  0.86  227.5  0.86  227.9  0.86   260   280 1.000  33.1     91 1761
31.03.2025 08:31:02  *01n 20 100TL 4  496.4  0.55   277  216.6  0.14    30  226.2  0.85  227.4  0.84  228.0  0.86   308   283 1.000  33.1     92 9432
31.03.2025 08:31:22  *01n 20 100TL 4  484.7  0.49   242  216.7  0.13    27  226.4  0.87  227.5  0.86  227.9  0.86   270   282 1.000  33.2     94 C7DC
31.03.2025 08:31:42  *01n 20 100TL 4  482.8  0.56   274  216.6  0.15    32  226.1  0.86  227.3  0.86  227.8  0.88   306   285 0.999c  33.2     95 43FA
31.03.2025 08:32:02  *01n 20 100TL 4  491.4  0.49   244  216.6  0.14    32  226.4  0.88  227.2  0.86  227.9  0.91   276   289 1.000  33.2     97 C696
31.03.2025 08:32:23  *01n 20 100TL 4  495.6  0.61   300  216.7  0.17    36  226.2  0.83  227.3  0.82  228.0  0.85   337   294 1.000  33.2     99 7A31
31.03.2025 08:32:43  *01n 20 100TL 4  485.6  0.58   286  216.7  0.15    33  226.2  0.85  227.2  0.84  227.7  0.86   320   294 1.000  33.2    100 1DEB
31.03.2025 08:33:03  *01n 20 100TL 4  495.1  0.48   241  216.7  0.14    30  226.3  0.89  227.2  0.88  227.8  0.90   271   299 1.000  33.3    102 C7D5
31.03.2025 08:33:23  *01n 20 100TL 4  494.8  0.65   323  216.8  0.18    38  226.3  0.86  227.3  0.85  228.0  0.85   361   305 1.000  33.3    104 C5CD
31.03.2025 08:33:43  *01n 20 100TL 4  495.3  0.66   331  216.7  0.20    42  226.3  0.87  227.4  0.85  227.9  0.88   373   305 1.000  33.3    105 3FD0
31.03.2025 08:34:03  *01n 20 100TL 4  487.5  0.52   254  216.8  0.14    30  226.2  0.91  227.5  0.93  228.1  0.91   285   309 0.999i  33.3    107 35DF
31.03.2025 08:34:23  *01n 20 100TL 4  510.0  0.62   318  216.8  0.19    41  226.3  0.89  226.6  0.88  228.2  0.92   360   315 1.000  33.3    109 E4DF
31.03.2025 08:34:43  *01n 20 100TL 4  503.6  0.63   320  216.6  0.17    38  226.4  0.92  226.5  0.92  228.0  0.93   358   318 0.999c  33.4    111 FCA2
31.03.2025 08:35:03  *01n 20 100TL 4  513.6  0.54   277  216.7  0.17    38  226.8  0.92  226.9  0.94  228.6  0.92   315   314 1.000  33.4    112 9984
31.03.2025 08:35:23  *01n 20 100TL 4  494.1  0.65   323  216.7  0.18    39  226.7  0.90  226.8  0.90  228.4  0.92   363   318 1.000  33.4    114 24C1
31.03.2025 08:35:43  *01n 20 100TL 4  504.9  0.60   306  216.7  0.19    42  226.9  0.90  226.8  0.87  228.5  0.86   349   318 1.000  33.4    116 96F8
31.03.2025 08:36:03  *01n 20 100TL 4  505.7  0.64   323  216.8  0.18    39  227.2  0.85  227.2  0.87  229.0  0.88   363   321 1.000  33.4    118 7029
31.03.2025 08:36:23  *01n 20 100TL 4  505.9  0.51   259  216.7  0.16    35  227.0  0.91  226.7  0.90  229.0  0.91   294   325 0.999i  33.5    119 5406
31.03.2025 08:36:43  *01n 20 100TL 4  516.0  0.50   263  216.7  0.14    30  226.8  0.90  226.6  0.88  228.5  0.89   294   325 1.000  33.5    121 A455
31.03.2025 08:37:03  *01n 20 100TL 4  511.9  0.64   331  216.7  0.21    45  227.2  0.87  227.1  0.90  229.0  0.88   376   328 1.000  33.5    123 A9A3
31.03.2025 08:37:23  *01n 20 100TL 4  511.7  0.54   279  216.7  0.15    33  227.1  0.90  227.0  0.89  229.0  0.89   312   328 1.000  33.5    125 A30C
31.03.2025 08:37:43  *01n 20 100TL 4  501.3  0.57   288  216.7  0.18    39  227.1  0.91  227.2  0.92  228.9  0.93   328   332 1.000  33.5    127 AA55
31.03.2025 08:38:03  *01n 20 100TL 4  511.0  0.56   288  216.8  0.16    36  227.3  0.89  226.6  0.90  228.5  0.87   325   335 1.000  33.5    129 9560
31.03.2025 08:38:24  *01n 20 100TL 4  510.7  0.60   308  216.7  0.20    44  226.6  0.90  227.8  0.86  228.3  0.85   352   337 1.000  33.6    130 A258
31.03.2025 08:38:44  *01n 20 100TL 4  510.6  0.54   279  216.8  0.16    33  226.3  0.92  227.6  0.92  228.2  0.86   312   341 1.000  33.6    132 1898
31.03.2025 08:39:04  *01n 20 100TL 4  502.0  0.58   294  216.7  0.18    39  226.5  0.95  227.9  0.92  228.4  0.93   334   344 1.000  33.6    134 1161
31.03.2025 08:39:24  *01n 20 100TL 4  510.0  0.68   352  216.8  0.20    44  226.7  0.90  227.9  0.93  228.3  0.95   396   350 1.000  33.6    136 BCE0
31.03.2025 08:39:44  *01n 20 100TL 4  509.7  0.65   335  216.7  0.21    44  226.9  0.89  227.8  0.89  228.5  0.87   379   352 1.000  33.6    138 71FA
31.03.2025 08:40:04  *01n 20 100TL 4  509.6  0.57   289  216.7  0.18    39  226.9  0.91  228.0  0.90  228.5  0.93   329   358 1.000  33.7    140 CA57
31.03.2025 08:40:24  *01n 20 100TL 4  509.2  0.70   360  216.8  0.23    50  227.6  0.96  227.8  0.93  228.1  0.94   410   364 1.000  33.7    142 8CA8
31.03.2025 08:40:44  *01n 20 100TL 4  498.9  0.67   338  216.7  0.21    47  227.1  1.00  228.1  1.00  228.6  0.97   386   363 1.000  33.7    144 23AC
31.03.2025 08:41:04  *01n 20 100TL 4  508.6  0.67   344  216.7  0.22    47  227.6  0.97  227.5  0.97  228.5  1.00   392   367 1.000  33.7    146 3EBB
31.03.2025 08:41:24  *01n 20 100TL 4  508.5  0.71   363  216.7  0.22    48  227.6  0.97  227.7  0.97  228.8  1.00   411   375 1.000  33.7    148 D33C
31.03.2025 08:41:44  *01n 20 100TL 4  498.9  0.63   314  216.7  0.19    39  227.1  0.93  228.2  0.93  229.1  0.96   354   370 1.000  33.7    150 7C80
31.03.2025 08:42:04  *01n 20 100TL 4  508.9  0.65   335  216.5  0.22    48  227.2  0.99  228.2  0.99  228.9  0.97   384   378 1.000  33.7    152 681B
31.03.2025 08:42:24  *01n 20 100TL 4  508.7  0.72   366  216.6  0.21    45  227.2  0.94  228.0  0.92  229.2  0.91   411   375 1.000  33.8    154 E937
31.03.2025 08:42:44  *01n 20 100TL 4  506.7  0.70   358  216.7  0.24    51  227.3  0.92  228.3  0.93  228.9  0.96   410   378 1.000  33.8    157 ECD8
31.03.2025 08:43:04  *01n 20 100TL 4  497.7  0.67   335  216.7  0.20    42  227.3  0.98  228.4  0.98  229.0  0.97   378   379 1.000  33.8    159 8F8C
31.03.2025 08:43:24  *01n 20 100TL 4  495.9  0.65   325  216.5  0.21    47  227.3  0.95  228.1  0.93  228.9  0.93   372   378 1.000  33.8    161 E205
31.03.2025 08:43:44  *01n 20 100TL 4  505.9  0.58   296  216.8  0.18    38  227.1  0.93  228.2  0.92  228.7  0.93   334   383 1.000  33.9    163 B3A6
31.03.2025 08:44:04  *01n 20 100TL 4  511.3  0.58   299  216.7  0.20    42  227.0  0.95  228.2  0.92  228.8  0.92   341   384 1.000  33.9    165 94F3
31.03.2025 08:44:24  *01n 20 100TL 4  501.0  0.74   375  216.6  0.22    47  227.1  0.92  228.3  0.93  229.0  0.94   422   386 1.000  33.9    167 81D4
31.03.2025 08:44:45  *01n 20 100TL 4  510.8  0.66   338  216.6  0.23    50  225.2  1.01  229.1  1.03  229.3  1.00   389   389 1.000  33.9    169 C300
31.03.2025 08:45:05  *01n 20 100TL 4  500.3  0.69   349  216.6  0.23    50  227.3  0.90  227.5  0.87  228.8  0.89   399   387 1.000  33.9    172 AA5B
31.03.2025 08:45:25  *01n 20 100TL 4  500.3  0.72   364  216.8  0.23    50  227.4  0.96  228.2  0.94  228.9  0.93   415   389 1.000  33.9    174 D6E9
31.03.2025 08:45:45  *01n 20 100TL 4  510.2  0.74   381  216.8  0.24    51  227.0  0.95  228.2  0.96  228.6  0.95   433   398 1.000  33.9    176 2F7B
31.03.2025 08:46:05  *01n 20 100TL 4  509.9  0.71   364  216.9  0.25    54  227.1  0.94  227.9  0.95  228.6  0.93   419   398 1.000  34.0    178 825F
31.03.2025 08:46:25  *01n 20 100TL 4  499.5  0.75   378  216.5  0.26    56  227.2  0.90  228.2  0.90  228.8  0.90   434   396 1.000  34.0    180 072E
31.03.2025 08:46:45  *01n 20 100TL 4  509.1  0.70   358  216.8  0.22    47  227.1  1.00  228.0  0.97  228.6  1.01   405   401 1.000  34.0    183 3EFF
31.03.2025 08:47:05  *01n 20 100TL 4  509.0  0.78   398  216.5  0.27    59  227.1  0.96  228.1  0.95  228.6  0.97   457   401 1.000  34.0    185 74D3
31.03.2025 08:47:25  *01n 20 100TL 4  488.8  0.70   346  216.6  0.21    47  227.3  0.98  228.3  0.98  228.8  0.97   393   398 1.000  34.0    187 7220
31.03.2025 08:47:45  *01n 20 100TL 4  508.7  0.65   334  216.7  0.23    50  227.0  0.93  228.1  0.93  228.7  0.93   384   404 1.000  34.1    189 BBAE
31.03.2025 08:48:05  *01n 20 100TL 4  508.1  0.79   401  216.5  0.26    56  227.1  0.95  228.1  0.93  228.7  0.94   457   407 1.000  34.1    192 3C8E
31.03.2025 08:48:25  *01n 20 100TL 4  507.8  0.70   358  216.6  0.25    56  227.2  1.00  228.2  1.00  228.8  1.01   415   413 1.000  34.1    194 C8A7
31.03.2025 08:48:45  *01n 20 100TL 4  507.3  0.75   384  216.8  0.25    54  227.2  1.02  228.2  1.01  228.6  1.01   439   410 1.000  34.1    196 6A98
31.03.2025 08:49:05  *01n 20 100TL 4  507.1  0.76   389  216.6  0.26    56  227.1  0.91  228.2  0.89  228.5  0.92   445   411 1.000  34.1    198 FAD6
31.03.2025 08:49:25  *01n 20 100TL 4  506.9  0.65   331  216.7  0.22    47  227.1  0.96  228.2  0.97  228.7  0.94   378   411 1.000  34.1    201 8411
31.03.2025 08:49:45  *01n 20 100TL 4  496.9  0.80   401  216.8  0.25    54  228.2  1.03  228.2  1.02  228.0  1.03   456   415 1.000  34.1    203 455F
31.03.2025 08:50:05  *01n 20 100TL 4  506.7  0.85   430  216.7  0.30    64  227.1  0.93  228.3  0.91  228.7  0.92   494   418 1.000  34.2    205 0B55
31.03.2025 08:50:25  *01n 20 100TL 4  516.6  0.66   346  216.7  0.22    47  227.2  1.04  228.4  1.03  228.8  1.01   393   419 1.000  34.2    208 98F5
31.03.2025 08:50:46  *01n 20 100TL 4  506.7  0.73   370  216.7  0.26    57  227.2  1.03  227.6  1.03  228.7  1.03   427   425 1.000  34.2    210 EBB2
31.03.2025 08:51:06  *01n 20 100TL 4  506.2  0.79   401  216.8  0.26    56  227.1  1.00  228.2  0.97  228.6  0.96   457   422 1.000  34.2    212 BE3C
31.03.2025 08:51:26  *01n 20 100TL 4  505.9  0.75   381  216.6  0.27    59  227.2  1.04  228.3  1.03  228.8  1.02   440   430 1.000  34.2    215 054F
31.03.2025 08:51:46  *01n 20 100TL 4  505.3  0.71   360  216.7  0.23    50  227.2  1.04  228.2  1.03  228.6  1.04   410   430 1.000  34.2    217 E02E
31.03.2025 08:52:06  *01n 20 100TL 4  515.1  0.69   358  216.6  0.26    56  227.1  1.04  228.2  1.04  228.6  1.04   415   428 1.000  34.2    220 C41E
31.03.2025 08:52:26  *01n 20 100TL 4  514.9  0.79   407  216.6  0.28    59  227.1  0.93  228.0  0.94  228.4  0.95   466   428 1.000  34.3    222 4CFE
31.03.2025 08:52:46  *01n 20 100TL 4  504.7  0.73   372  216.7  0.27    57  227.1  0.95  228.1  0.94  228.3  0.94   430   428 1.000  34.3    224 36B9
31.03.2025 08:53:06  *01n 20 100TL 4  514.5  0.80   411  216.9  0.28    59  227.2  1.01  228.3  1.00  228.6  0.96   471   428 1.000  34.3    227 FB76
31.03.2025 08:53:26  *01n 20 100TL 4  502.6  0.62   314  216.8  0.20    42  227.4  1.06  228.6  1.03  228.9  1.04   357   428 1.000  34.3    229 85C2
31.03.2025 08:53:46  *01n 20 100TL 4  502.7  0.71   358  216.7  0.25    54  228.0  1.07  228.1  1.04  228.3  1.04   413   431 1.000  34.3    232 8651
31.03.2025 08:54:06  *01n 20 100TL 4  512.9  0.77   396  216.7  0.25    53  226.9  0.95  228.2  0.95  228.3  0.95   450   431 1.000  34.3    234 BAF1
31.03.2025 08:54:26  *01n 20 100TL 4  503.7  0.61   309  216.6  0.22    47  227.2  0.98  228.0  0.97  228.5  0.96   357   428 1.000  34.3    236 3BBB
31.03.2025 08:54:46  *01n 20 100TL 4  502.6  0.82   413  216.9  0.27    57  227.0  1.03  228.0  1.04  228.4  1.03   471   433 1.000  34.4    239 2488
31.03.2025 08:55:06  *01n 20 100TL 4  512.6  0.79   405  216.7  0.28    62  227.7  1.09  227.0  1.05  228.5  1.06   468   436 1.000  34.4    241 0605
31.03.2025 08:55:26  *01n 20 100TL 4  517.8  0.73   378  216.6  0.27    59  227.2  0.96  227.9  0.94  228.5  0.98   437   430 1.000  34.4    244 10CF
31.03.2025 08:55:46  *01n 20 100TL 4  517.7  0.65   340  216.7  0.21    47  227.4  0.98  228.1  0.95  228.4  0.98   387   433 1.000  34.4    246 065B
31.03.2025 08:56:06  *01n 20 100TL 4  517.3  0.61   320  216.6  0.23    48  227.4  1.05  228.3  1.06  228.6  1.07   369   434 1.000  34.4    248 8C59
31.03.2025 08:56:26  *01n 20 100TL 4  516.8  0.75   392  216.7  0.25    53  227.3  1.06  228.2  1.04  228.8  1.05   445   440 1.000  34.4    251 32BC
31.03.2025 08:56:46  *01n 20 100TL 4  507.3  0.73   370  216.7  0.26    57  227.4  1.04  228.5  1.04  228.9  1.04   428   440 1.000  34.4    253 3E09
31.03.2025 08:57:07  *01n 20 100TL 4  503.6  0.69   347  216.6  0.23    50  227.3  0.98  228.2  0.97  228.6  0.96   398   437 1.000  34.4    256 DDC6
31.03.2025 08:57:27  *01n 20 100TL 4  509.8  0.67   344  216.6  0.25    53  227.2  1.01  228.3  0.98  228.6  1.01   398   439 1.000  34.5    258 34B9
31.03.2025 08:57:47  *01n 20 100TL 4  515.8  0.63   328  216.7  0.21    47  227.2  1.01  228.3  1.00  228.8  0.99   375   437 1.000  34.5    261 057D
31.03.2025 08:58:07  *01n 20 100TL 4  515.6  0.70   364  216.6  0.26    56  227.2  1.07  228.2  1.04  228.7  1.03   421   440 1.000  34.5    263 361A
31.03.2025 08:58:27  *01n 20 100TL 4  515.2  0.86   448  216.7  0.30    65  227.9  1.02  227.8  1.01  228.5  1.01   514   447 1.000  34.5    266 6DE2
31.03.2025 08:58:47  *01n 20 100TL 4  507.1  0.75   383  216.7  0.25    54  227.2  0.99  228.3  0.98  228.7  1.00   437   442 1.000  34.5    268 8AFF
31.03.2025 08:59:07  *01n 20 100TL 4  518.3  0.75   389  216.6  0.28    61  227.7  0.97  228.5  0.95  229.1  0.99   450   442 1.000  34.5    271 10D4
31.03.2025 08:59:27  *01n 20 100TL 4  518.8  0.74   387  216.6  0.25    54  227.7  0.94  228.4  0.94  228.9  0.94   442   440 1.000  34.5    273 C2CB
31.03.2025 08:59:47  *01n 20 100TL 4  509.7  0.83   424  216.6  0.30    65  227.3  0.97  228.4  0.96  228.8  0.96   489   445 1.000  34.5    276 7EFE
31.03.2025 09:00:07  *01n 20 100TL 4  514.1  0.72   375  216.6  0.25    54  227.5  1.10  228.4  1.08  228.9  1.10   430   444 1.000  34.6    278 06A1
31.03.2025 09:00:27  *01n 20 100TL 4  512.3  0.84   436  216.7  0.31    68  228.1  0.94  228.3  0.93  228.6  0.95   505   442 1.000  34.6    280 534D
31.03.2025 09:00:47  *01n 20 100TL 4  516.3  0.80   418  216.7  0.29    62  227.3  1.07  228.4  1.06  228.9  1.07   480   440 1.000  34.6    283 D5BB
31.03.2025 09:01:07  *01n 20 100TL 4  516.9  0.71   370  216.7  0.24    51  227.2  0.98  228.2  0.97  228.6  0.97   422   436 1.000  34.6    285 EAB3
31.03.2025 09:01:27  *01n 20 100TL 4  507.1  0.82   418  216.8  0.28    62  227.1  0.96  228.3  0.94  228.9  0.97   480   437 1.000  34.6    288 E459
31.03.2025 09:01:47  *01n 20 100TL 4  507.2  0.87   444  216.8  0.29    64  227.2  0.99  228.4  0.99  228.8  0.97   508   436 1.000  34.6    290 69F9
31.03.2025 09:02:07  *01n 20 100TL 4  512.4  0.77   395  216.6  0.29    61  227.2  1.04  228.2  1.02  229.0  1.01   456   434 1.000  34.6    293 57FF
31.03.2025 09:02:27  *01n 20 100TL 4  512.9  0.75   386  216.8  0.25    54  227.1  0.99  228.2  1.00  229.0  0.97   440   433 0.999c  34.7    295 9BD7
31.03.2025 09:02:47  *01n 20 100TL 4  509.2  0.76   389  216.7  0.27    59  227.2  1.07  228.3  1.05  228.8  1.07   448   440 1.000  34.7    298 98E5
31.03.2025 09:03:07  *01n 20 100TL 4  515.6  0.69   357  216.7  0.24    53  227.9  1.06  228.1  1.07  229.3  1.07   410   436 1.000  34.7    300 8B1A
31.03.2025 09:03:28  *01n 20 100TL 4  507.1  0.84   428  216.7  0.30    65  227.4  1.04  228.3  1.03  229.1  1.06   494   440 1.000  34.7    302 D171
31.03.2025 09:03:48  *01n 20 100TL 4  506.5  0.74   376  216.7  0.25    54  227.5  0.99  228.7  0.98  229.2  0.98   431   437 1.000  34.7    305 16F3
31.03.2025 09:04:08  *01n 20 100TL 4  505.5  0.78   395  216.7  0.28    59  227.4  1.01  228.4  1.02  229.1  1.00   454   444 1.000  34.7    307 BD90
31.03.2025 09:04:28  *01n 20 100TL 4  502.6  0.76   384  216.9  0.28    61  227.3  1.01  228.2  0.97  229.0  1.00   445   439 1.000  34.7    310 E4D3
31.03.2025 09:04:48  *01n 20 100TL 4  506.9  0.72   369  216.7  0.24    51  227.4  0.98  228.3  0.99  228.9  0.95   421   442 1.000  34.7    312 3864
31.03.2025 09:05:08  *01n 20 100TL 4  516.6  0.78   407  216.8  0.29    64  227.9  0.95  228.6  0.94  229.3  0.94   471   440 1.000  34.7    315 BDCB
31.03.2025 09:05:28  *01n 20 100TL 4  515.5  0.83   428  216.7  0.28    61  228.0  1.06  228.8  1.04  229.4  1.04   489   447 1.000  34.8    317 509A
31.03.2025 09:05:48  *01n 20 100TL 4  515.0  0.75   390  216.9  0.28    59  227.8  1.09  228.2  1.08  229.6  1.05   450   450 1.000  34.8    320 EC3D
31.03.2025 09:06:08  *01n 20 100TL 4  514.0  0.63   325  216.7  0.23    50  228.0  1.11  229.0  1.08  229.4  1.07   375   453 1.000  34.8    322 319F
31.03.2025 09:06:28  *01n 20 100TL 4  513.9  0.75   392  216.8  0.25    53  227.9  1.07  229.0  1.05  229.6  1.07   445   459 1.000  34.8    325 60C6
31.03.2025 09:06:48  *01n 20 100TL 4  515.3  0.79   411  216.8  0.31    67  227.9  1.02  228.8  1.00  229.5  1.00   512   460 1.000  34.8    327 5E35
31.03.2025 09:07:08  *01n 20 100TL 4  514.4  0.86   448  216.9  0.29    62  228.1  0.98  229.0  0.93  229.7  0.96   511   463 1.000  34.8    330 28C2
31.03.2025 09:07:28  *01n 20 100TL 4  513.7  0.86   444  216.7  0.32    70  227.9  0.97  228.8  0.96  229.5  0.95   514   468 1.000  34.8    332 F373
31.03.2025 09:07:48  *01n 20 100TL 4  502.9  0.88   447  216.8  0.31    67  227.8  1.05  228.8  1.03  229.6  1.07   514   473 1.000  34.9    335 5097
31.03.2025 09:08:08  *01n 20 100TL 4  522.8  0.80   421  216.7  0.30    65  227.5  1.05  228.7  1.04  229.3  1.02   486   471 1.000  34.9    338 9A2D
31.03.2025 09:08:28  *01n 20 100TL 4  512.3  0.87   451  216.7  0.33    71  228.0  1.07  228.6  1.08  229.9  1.08   523   483 1.000  34.9    340 7BDA
31.03.2025 09:08:48  *01n 20 100TL 4  512.0  0.76   392  216.8  0.26    54  227.9  1.02  228.9  1.00  229.5  1.03   447   486 1.000  34.9    343 F730
31.03.2025 09:09:08  *01n 20 100TL 4  510.7  0.90   463  216.8  0.33    73  227.9  1.09  228.6  1.09  229.3  1.07   537   492 1.000  34.9    346 056D
31.03.2025 09:09:28  *01n 20 100TL 4  510.4  0.87   447  216.8  0.32    70  227.9  0.98  228.6  0.99  229.4  0.99   517   495 1.000  34.9    349 99FF
31.03.2025 09:09:49  *01n 20 100TL 4  512.6  0.91   466  217.1  0.32    70  227.9  1.13  229.0  1.12  229.4  1.11   537   505 1.000  34.9    351 D41E
31.03.2025 09:10:09  *01n 20 100TL 4  512.0  0.84   434  216.5  0.32    70  228.1  1.12  228.9  1.10  229.8  1.11   505   508 1.000  34.9    354 D865
31.03.2025 09:10:29  *01n 20 100TL 4  501.4  0.97   491  216.8  0.36    76  227.9  1.12  228.7  1.08  229.4  1.11   567   512 1.000  34.9    357 F7A3
31.03.2025 09:10:49  *01n 20 100TL 4  519.6  0.81   424  216.6  0.32    68  228.1  1.13  228.9  1.11  229.7  1.10   492   517 1.000  34.9    360 CE35
31.03.2025 09:11:09  *01n 20 100TL 4  519.0  0.99   514  217.2  0.34    73  227.9  1.04  228.8  1.01  229.5  1.04   587   521 1.000  35.0    363 B7C8
31.03.2025 09:11:29  *01n 20 100TL 4  514.9  0.89   459  216.6  0.33    71  227.9  1.14  228.5  1.11  229.3  1.11   531   527 1.000  35.0    366 2360
31.03.2025 09:11:49  *01n 20 100TL 4  504.7  0.86   437  216.6  0.33    71  227.5  1.17  228.3  1.15  229.0  1.14   509   531 0.999c  35.0    369 FF74
31.03.2025 09:12:09  *01n 20 100TL 4  514.4  0.85   440  216.8  0.43    93  227.8  1.16  228.6  1.15  229.3  1.13   534   537 1.000  35.0    372 48BD
31.03.2025 09:12:29  *01n 20 100TL 4  514.1  0.99   514  216.8  0.40    85  228.3  1.17  228.2  1.15  229.0  1.16   599   543 1.000  35.0    374 26C4
31.03.2025 09:12:49  *01n 20 100TL 4  514.0  1.01   520  216.7  0.34    74  227.8  1.11  228.6  1.10  229.5  1.09   595   543 1.000  35.0    378 6EEA
31.03.2025 09:13:09  *01n 20 100TL 4  503.4  0.88   445  216.7  0.35    76  228.2  1.17  228.5  1.13  229.7  1.13   521   546 1.000  35.0    381 CD7C
31.03.2025 09:13:29  *01n 20 100TL 4  513.1  1.02   529  216.7  0.37    80  228.2  1.14  228.7  1.12  229.7  1.14   610   556 1.000  35.1    384 4CAA
31.03.2025 09:13:49  *01n 20 100TL 4  512.2  0.86   447  217.1  0.31    67  228.5  1.18  229.1  1.16  229.8  1.17   514   556 0.999i  35.0    387 4756
31.03.2025 09:14:09  *01n 20 100TL 4  503.6  0.88   445  216.5  0.34    73  228.8  1.07  228.3  1.06  229.8  1.07   518   556 1.000  35.1    390 87F8
31.03.2025 09:14:29  *01n 20 100TL 4  522.1  1.01   531  216.5  0.38    83  228.0  1.20  229.1  1.17  229.8  1.18   614   563 1.000  35.1    393 82E9
31.03.2025 09:14:49  *01n 20 100TL 4  521.8  0.83   436  216.8  0.34    74  228.1  1.11  229.0  1.11  229.7  1.10   511   566 1.000  35.1    396 6617
31.03.2025 09:15:09  *01n 20 100TL 4  521.4  0.87   454  216.6  0.33    71  227.8  1.12  228.7  1.11  229.7  1.11   526   572 1.000  35.1    399 6088
31.03.2025 09:15:29  *01n 20 100TL 4  521.4  0.86   448  216.7  0.34    73  228.1  1.19  229.2  1.18  230.2  1.17   521   579 1.000  35.1    403 DE94
31.03.2025 09:15:49  *01n 20 100TL 4  511.9  1.07   550  216.6  0.41    86  227.9  1.13  228.9  1.10  229.9  1.10   637   585 1.000  35.1    406 AB2F
31.03.2025 09:16:10  *01n 20 100TL 4  516.2  0.96   498  216.8  0.35    76  227.7  1.21  229.0  1.19  229.7  1.20   575   595 1.000  35.1    409 0168
31.03.2025 09:16:30  *01n 20 100TL 4  516.0  1.03   534  216.5  0.42    91  227.7  1.19  228.9  1.18  229.8  1.16   625   593 1.000  35.1    412 6DA3
31.03.2025 09:16:50  *01n 20 100TL 4  515.8  1.10   567  216.6  0.42    90  227.7  1.12  228.9  1.10  229.7  1.10   657   599 1.000  35.1    416 4BEF
31.03.2025 09:17:10  *01n 20 100TL 4  515.6  1.05   546  216.9  0.43    91  228.2  1.20  229.3  1.18  230.0  1.16   637   605 1.000  35.2    419 6D68
31.03.2025 09:17:30  *01n 20 100TL 4  514.4  1.11   570  216.7  0.43    91  228.1  1.12  229.1  1.09  229.9  1.10   662   608 1.000  35.2    422 7FE0
31.03.2025 09:17:50  *01n 20 100TL 4  513.6  1.09   564  216.8  0.43    94  228.2  1.22  229.1  1.20  229.8  1.21   659   614 1.000  35.2    426 BC8F
31.03.2025 09:18:10  *01n 20 100TL 4  514.8  1.02   527  216.7  0.42    91  228.4  1.16  229.0  1.15  229.7  1.17   619   617 1.000  35.2    429 D4B7
31.03.2025 09:18:30  *01n 20 100TL 4  524.6  1.09   575  216.7  0.41    90  228.4  1.22  229.0  1.19  229.8  1.21   665   622 1.000  35.2    433 476E
31.03.2025 09:18:50  *01n 20 100TL 4  524.3  0.98   517  216.6  0.39    83  228.5  1.24  229.1  1.24  229.8  1.22   601   624 1.000  35.2    436 FC48
31.03.2025 09:19:10  *01n 20 100TL 4  513.8  1.12   578  216.8  0.45    97  228.5  1.22  229.2  1.20  229.9  1.21   675   630 1.000  35.2    440 B7E5
31.03.2025 09:19:30  *01n 20 100TL 4  513.6  1.08   558  216.8  0.41    90  228.4  1.27  229.0  1.26  229.9  1.25   648   636 1.000  35.2    443 FFE2
31.03.2025 09:19:50  *01n 20 100TL 4  513.3  1.09   561  216.7  0.46   100  228.4  1.17  229.0  1.14  229.9  1.16   662   637 1.000  35.2    447 707C
31.03.2025 09:20:10  *01n 20 100TL 4  523.2  1.11   582  216.6  0.43    93  229.7  1.24  229.3  1.23  229.2  1.21   675   639 1.000  35.2    450 88C3
31.03.2025 09:20:30  *01n 20 100TL 4  521.8  1.12   587  216.7  0.45    97  228.4  1.27  229.1  1.23  230.0  1.25   685   645 1.000  35.2    454 B6E5
31.03.2025 09:20:50  *01n 20 100TL 4  513.5  1.13   581  216.7  0.47   100  228.9  1.27  228.7  1.26  229.4  1.25   682   646 1.000  35.2    457 ECB0
31.03.2025 09:21:10  *01n 20 100TL 4  511.3  1.08   555  216.9  0.41    86  228.4  1.20  229.0  1.19  229.8  1.18   642   645 1.000  35.2    461 9E0B
31.03.2025 09:21:30  *01n 20 100TL 4  511.2  1.13   581  216.8  0.47   103  228.5  1.26  229.2  1.28  230.1  1.25   685   650 1.000  35.3    465 4741
31.03.2025 09:21:50  *01n 20 100TL 4  511.0  1.12   572  216.8  0.42    90  228.6  1.27  229.0  1.25  229.9  1.25   662   648 1.000  35.3    468 F8A1
31.03.2025 09:22:10  *01n 20 100TL 4  512.0  1.08   552  216.6  0.43    93  228.3  1.19  229.0  1.17  229.8  1.17   645   648 1.000  35.3    472 5ED7
31.03.2025 09:22:30  *01n 20 100TL 4  511.7  1.08   553  216.6  0.43    93  228.6  1.26  229.2  1.25  230.0  1.27   646   651 1.000  35.3    475 BA59
31.03.2025 09:22:51  *01n 20 100TL 4  516.0  1.19   616  216.8  0.45    97  228.7  1.21  229.3  1.19  229.9  1.17   714   646 1.000  35.3    479 6681
31.03.2025 09:23:11  *01n 20 100TL 4  515.7  1.15   593  216.6  0.48   103  228.4  1.21  229.3  1.19  230.2  1.17   697   645 1.000  35.3    483 419E
31.03.2025 09:23:31  *01n 20 100TL 4  515.4  1.14   590  216.7  0.44    96  228.2  1.21  229.3  1.20  230.0  1.18   686   645 1.000  35.3    486 22FF
31.03.2025 09:23:51  *01n 20 100TL 4  515.2  1.03   534  216.5  0.42    91  228.4  1.20  229.2  1.18  230.1  1.19   625   643 1.000  35.3    490 8279
31.03.2025 09:24:11  *01n 20 100TL 4  514.9  1.12   581  216.7  0.45    97  228.6  1.19  229.3  1.19  230.3  1.16   679   642 1.000  35.3    493 9DAF
31.03.2025 09:24:31  *01n 20 100TL 4  514.8  1.09   563  216.7  0.41    90  228.8  1.23  229.3  1.21  230.2  1.22   653   642 1.000  35.4    497 C3D6
31.03.2025 09:24:51  *01n 20 100TL 4  513.9  1.07   552  216.7  0.45    97  228.8  1.29  229.6  1.28  230.4  1.25   650   645 1.000  35.3    500 D0D0
31.03.2025 09:25:11  *01n 20 100TL 4  514.5  1.18   608  216.6  0.45    99  228.9  1.27  229.6  1.25  230.4  1.25   708   650 1.000  35.4    504 32C1
31.03.2025 09:25:31  *01n 20 100TL 4  513.5  1.16   596  216.7  0.43    94  228.8  1.21  229.6  1.19  230.5  1.18   691   643 1.000  35.4    508 50C0
31.03.2025 09:25:51  *01n 20 100TL 4  514.0  1.10   569  216.6  0.45    97  228.5  1.20  229.1  1.17  229.8  1.15   666   646 1.000  35.4    511 783B
31.03.2025 09:26:11  *01n 20 100TL 4  513.2  1.17   601  216.8  0.44    94  228.8  1.19  229.5  1.18  230.3  1.18   695   651 1.000  35.4    515 68FA
31.03.2025 09:26:31  *01n 20 100TL 4  512.8  1.13   581  216.8  0.47   102  228.6  1.22  229.2  1.21  230.0  1.22   683   650 1.000  35.4    519 CA67
31.03.2025 09:26:51  *01n 20 100TL 4  522.4  1.08   564  216.7  0.43    94  229.0  1.27  229.5  1.27  230.3  1.24   659   654 1.000  35.4    522 785C
31.03.2025 09:27:11  *01n 20 100TL 4  517.7  1.11   576  216.7  0.43    91  229.3  1.27  229.9  1.28  230.7  1.27   668   660 1.000  35.4    526 2DBC
31.03.2025 09:27:31  *01n 20 100TL 4  517.4  1.08   563  216.7  0.46    99  229.0  1.31  229.8  1.26  230.6  1.30   662   662 1.000  35.4    529 00D6
31.03.2025 09:27:51  *01n 20 100TL 4  506.9  1.20   611  216.7  0.46   100  228.9  1.28  229.4  1.28  230.4  1.24   712   662 1.000  35.5    533 0C0F
31.03.2025 09:28:11  *01n 20 100TL 4  506.7  1.17   593  216.8  0.48   105  229.0  1.27  229.3  1.27  230.4  1.26   698   665 1.000  35.5    537 C81F
31.03.2025 09:28:31  *01n 20 100TL 4  516.5  1.04   541  216.7  0.43    93  229.5  1.23  229.3  1.23  230.1  1.20   634   674 1.000  35.5    541 0013
31.03.2025 09:28:51  *01n 20 100TL 4  516.2  1.17   608  216.6  0.46    99  229.1  1.26  229.4  1.25  230.4  1.22   708   680 1.000  35.5    544 679E
31.03.2025 09:29:11  *01n 20 100TL 4  505.7  1.13   570  216.7  0.47   100  229.0  1.30  229.5  1.28  230.4  1.27   671   680 1.000  35.5    548 988C
31.03.2025 09:29:32  *01n 20 100TL 4  515.3  1.15   595  216.7  0.46   100  228.9  1.33  229.8  1.32  230.7  1.31   695   694 1.000  35.5    552 4D92
31.03.2025 09:29:52  *01n 20 100TL 4  516.0  1.17   607  216.7  0.50   106  229.0  1.30  230.1  1.29  230.7  1.25   714   701 1.000  35.5    556 7344
31.03.2025 09:30:12  *01n 20 100TL 4  514.7  1.24   642  216.9  0.52   112  228.8  1.35  229.5  1.34  230.5  1.33   755   708 1.000  35.5    560 8A34
31.03.2025 09:30:32  *01n 20 100TL 4  525.2  1.16   611  216.8  0.47   100  228.5  1.33  229.3  1.31  230.2  1.28   712   704 1.000  35.5    564 D0B1
31.03.2025 09:30:52  *01n 20 100TL 4  514.5  1.24   640  216.6  0.54   117  228.5  1.27  229.3  1.26  230.1  1.26   758   717 1.000  35.5    568 AB3D
31.03.2025 09:31:12  *01n 20 100TL 4  514.3  1.21   622  216.8  0.48   103  228.5  1.36  229.1  1.34  230.2  1.34   726   720 1.000  35.5    572 11F5
31.03.2025 09:31:32  *01n 20 100TL 4  513.3  1.26   650  216.7  0.54   115  228.5  1.31  229.2  1.27  230.3  1.28   775   723 1.000  35.5    576 54B4
31.03.2025 09:31:52  *01n 20 100TL 4  513.3  1.18   608  216.8  0.51   111  228.9  1.32  229.6  1.33  230.5  1.30   720   724 1.000  35.5    580 96F5
31.03.2025 09:32:12  *01n 20 100TL 4  513.6  1.12   578  216.7  0.44    96  228.6  1.34  229.6  1.34  230.3  1.32   674   724 1.000  35.5    584 1140
31.03.2025 09:32:32  *01n 20 100TL 4  513.3  1.19   613  216.6  0.52   112  228.8  1.36  229.7  1.35  230.6  1.35   726   726 1.000  35.6    588 FDAC
31.03.2025 09:32:52  *01n 20 100TL 4  523.5  1.21   634  216.8  0.52   114  228.5  1.35  229.4  1.35  230.4  1.31   749   723 1.000  35.6    592 FF4F
31.03.2025 09:33:12  *01n 20 100TL 4  512.9  1.20   621  216.8  0.49   108  228.6  1.33  229.3  1.32  230.3  1.29   729   723 1.000  35.6    596 B528
31.03.2025 09:33:32  *01n 20 100TL 4  522.8  1.15   602  216.6  0.50   109  228.7  1.30  229.1  1.28  230.2  1.26   712   718 1.000  35.6    600 C761
31.03.2025 09:33:52  *01n 20 100TL 4  512.6  1.19   610  216.7  0.49   106  228.7  1.28  229.1  1.26  230.0  1.25   717   721 1.000  35.6    604 FC66
31.03.2025 09:34:12  *01n 20 100TL 4  522.1  1.18   617  216.7  0.48   103  228.8  1.35  229.3  1.33  230.3  1.32   721   718 1.000  35.6    608 889C
31.03.2025 09:34:32  *01n 20 100TL 4  521.8  1.15   601  216.7  0.49   106  229.2  1.32  228.9  1.30  230.3  1.30   708   715 1.000  35.6    612 525B
31.03.2025 09:34:52  *01n 20 100TL 4  511.7  1.24   636  216.6  0.49   105  228.6  1.26  229.3  1.28  230.2  1.25   741   712 1.000  35.6    616 2F95
31.03.2025 09:35:12  *01n 20 100TL 4  521.6  1.20   628  216.8  0.53   114  228.7  1.35  229.3  1.33  230.3  1.32   743   711 1.000  35.6    620 41B6
31.03.2025 09:35:32  *01n 20 100TL 4  521.1  1.27   663  216.8  0.51   111  228.9  1.33  229.5  1.32  230.1  1.30   775   712 1.000  35.6    624 2219
31.03.2025 09:35:52  *01n 20 100TL 4  520.9  1.17   611  216.8  0.51   111  228.5  1.26  229.4  1.25  230.0  1.23   723   701 1.000  35.6    628 461A
31.03.2025 09:36:13  *01n 20 100TL 4  509.1  1.15   585  216.7  0.49   106  228.7  1.32  229.5  1.30  230.2  1.29   692   700 1.000  35.7    632 C1CB
31.03.2025 09:36:33  *01n 20 100TL 4  511.7  1.21   622  216.6  0.48   103  228.9  1.35  229.7  1.33  230.5  1.31   726   698 1.000  35.7    636 7CF4
31.03.2025 09:36:53  *01n 20 100TL 4  511.5  1.13   581  216.5  0.44    96  229.0  1.29  229.7  1.27  230.2  1.26   677   694 1.000  35.7    639 70C3
31.03.2025 09:37:13  *01n 20 100TL 4  510.7  1.15   590  216.7  0.46   100  228.8  1.34  229.3  1.29  230.0  1.28   691   691 1.000  35.7    643 E7EF
31.03.2025 09:37:33  *01n 20 100TL 4  510.5  1.19   608  216.6  0.48   102  228.6  1.22  229.4  1.20  230.0  1.19   711   686 1.000  35.7    647 0272
31.03.2025 09:37:53  *01n 20 100TL 4  509.7  1.20   611  216.7  0.50   106  229.6  1.31  229.2  1.27  229.9  1.28   718   685 1.000  35.7    651 6A09
31.03.2025 09:38:13  *01n 20 100TL 4  524.0  1.15   604  216.6  0.48   103  229.2  1.22  229.4  1.23  230.2  1.20   709   679 1.000  35.7    655 9810
31.03.2025 09:38:33  *01n 20 100TL 4  513.6  1.10   569  216.7  0.43    93  228.6  1.25  229.4  1.22  230.2  1.23   662   679 1.000  35.7    659 1998
31.03.2025 09:38:53  *01n 20 100TL 4  513.4  1.12   575  216.5  0.47   102  228.9  1.33  229.5  1.31  230.3  1.31   677   682 1.000  35.7    662 5C43
31.03.2025 09:39:13  *01n 20 100TL 4  513.0  1.16   596  216.6  0.44    96  228.5  1.27  229.4  1.26  230.0  1.25   692   677 1.000  35.7    666 761C
31.03.2025 09:39:33  *01n 20 100TL 4  512.8  1.11   569  216.8  0.46    99  229.1  1.28  228.7  1.27  229.9  1.23   668   679 1.000  35.7    670 3EC2
31.03.2025 09:39:53  *01n 20 100TL 4  512.2  1.11   569  216.5  0.43    94  228.6  1.24  229.1  1.21  229.8  1.21   663   677 1.000  35.7    674 8091
31.03.2025 09:40:13  *01n 20 100TL 4  512.2  1.15   593  216.6  0.44    96  228.6  1.19  229.0  1.18  229.8  1.17   689   679 1.000  35.7    678 8BA1
31.03.2025 09:40:33  *01n 20 100TL 4  511.4  1.11   573  216.8  0.48   103  228.2  1.25  229.1  1.24  229.8  1.22   677   679 1.000  35.7    681 6E66
31.03.2025 09:40:53  *01n 20 100TL 4  512.6  1.12   578  216.6  0.46   100  228.7  1.23  229.3  1.22  229.8  1.21   679   683 1.000  35.7    685 9FBB
31.03.2025 09:41:13  *01n 20 100TL 4  512.1  1.15   590  216.7  0.46   100  228.6  1.32  229.3  1.29  230.2  1.29   691   688 1.000  35.7    689 2032
31.03.2025 09:41:33  *01n 20 100TL 4  520.3  1.05   550  216.6  0.45    97  228.6  1.30  229.5  1.30  230.1  1.28   648   686 1.000  35.7    693 EB38
31.03.2025 09:41:53  *01n 20 100TL 4  520.2  1.18   616  216.7  0.47   102  228.4  1.25  229.2  1.23  229.9  1.22   718   689 1.000  35.8    697 15B8
31.03.2025 09:42:13  *01n 20 100TL 4  520.0  1.20   625  216.8  0.53   114  228.4  1.25  229.0  1.22  229.7  1.21   740   694 1.000  35.8    700 7B63
31.03.2025 09:42:33  *01n 20 100TL 4  511.1  1.22   622  216.7  0.50   108  228.4  1.35  229.3  1.30  229.8  1.30   730   698 1.000  35.8    704 0825
31.03.2025 09:42:53  *01n 20 100TL 4  525.4  1.20   631  216.7  0.49   106  229.1  1.27  228.7  1.25  229.4  1.24   738   697 1.000  35.8    708 FFAA
31.03.2025 09:43:14  *01n 20 100TL 4  514.8  1.15   596  216.6  0.50   108  228.5  1.35  229.1  1.32  229.8  1.32   704   714 1.000  35.8    712 2103
31.03.2025 09:43:34  *01n 20 100TL 4  514.5  1.29   665  216.7  0.52   111  228.2  1.25  229.1  1.21  229.6  1.21   776   721 1.000  35.8    716 EE12
31.03.2025 09:43:54  *01n 20 100TL 4  514.2  1.24   640  216.6  0.54   117  228.9  1.31  228.9  1.29  230.1  1.26   758   729 1.000  35.8    720 D899
31.03.2025 09:44:14  *01n 20 100TL 4  524.3  1.25   656  216.7  0.54   117  228.4  1.34  229.2  1.34  230.1  1.33   773   733 1.000  35.8    724 12D2
31.03.2025 09:44:34  *01n 20 100TL 4  513.8  1.23   633  216.7  0.49   105  228.7  1.37  229.3  1.37  230.0  1.35   738   749 1.000  35.8    728 0A8F
31.03.2025 09:44:54  *01n 20 100TL 4  513.5  1.24   637  216.7  0.54   115  228.7  1.39  229.6  1.38  230.4  1.36   753   761 1.000  35.8    733 DF0D
31.03.2025 09:45:14  *01n 20 100TL 4  513.2  1.32   680  216.7  0.57   123  228.8  1.33  229.2  1.31  230.2  1.29   804   772 1.000  35.8    737 8D51
31.03.2025 09:45:34  *01n 20 100TL 4  512.8  1.38   709  216.8  0.55   120  228.8  1.40  229.3  1.35  230.2  1.37   830   785 1.000  35.9    741 319E
31.03.2025 09:45:54  *01n 20 100TL 4  522.7  1.25   654  216.6  0.56   122  228.9  1.44  229.5  1.43  230.2  1.39   776   796 1.000  35.8    745 31D5
31.03.2025 09:46:14  *01n 20 100TL 4  512.5  1.40   721  216.6  0.57   123  228.8  1.38  229.4  1.37  230.3  1.35   845   808 1.000  35.9    750 FA8B
31.03.2025 09:46:34  *01n 20 100TL 4  521.7  1.30   679  217.9  0.59   128  228.9  1.38  229.6  1.34  230.3  1.34   807   827 1.000  35.9    755 C1EB
31.03.2025 09:46:54  *01n 20 100TL 4  521.7  1.45   761  216.6  0.64   140  229.1  1.37  228.8  1.35  230.5  1.32   901   839 1.000  35.9    759 5157
31.03.2025 09:47:14  *01n 20 100TL 4  527.0  1.42   749  216.7  0.62   134  229.1  1.55  229.6  1.54  230.5  1.51   883   849 1.000  35.9    764 3279
31.03.2025 09:47:34  *01n 20 100TL 4  507.0  1.42   724  216.7  0.61   132  228.8  1.55  230.0  1.53  230.4  1.52   857   859 1.000  35.9    768 990E
31.03.2025 09:47:54  *01n 20 100TL 4  525.2  1.52   804  216.8  0.68   148  229.0  1.54  229.4  1.52  230.3  1.52   952   881 1.000  35.9    773 58C5
31.03.2025 09:48:14  *01n 20 100TL 4  516.6  1.51   785  216.7  0.63   137  229.0  1.61  229.7  1.57  230.4  1.59   923   897 1.000  35.9    779 9C04
31.03.2025 09:48:34  *01n 20 100TL 4  517.1  1.57   811  216.7  0.72   154  228.9  1.54  229.8  1.52  230.5  1.50   965   909 1.000  35.9    784 7A9D
31.03.2025 09:48:54  *01n 20 100TL 4  516.5  1.59   822  216.8  0.69   149  229.3  1.54  229.1  1.52  230.8  1.47   971   923 1.000  35.9    789 6F98
31.03.2025 09:49:14  *01n 20 100TL 4  517.0  1.54   796  216.7  0.68   146  229.0  1.66  230.0  1.63  230.7  1.62   943   949 1.000  35.9    794 B10C
31.03.2025 09:49:34  *01n 20 100TL 4  525.5  1.59   840  216.8  0.75   161  229.1  1.62  229.9  1.61  230.7  1.56  1002   971 1.000  35.9    799 4A54
31.03.2025 09:49:55  *01n 20 100TL 4  514.9  1.80   927  216.8  0.78   169  229.0  1.60  229.9  1.58  230.7  1.57  1097  1046 1.000  35.9    805 92E5
31.03.2025 09:50:15  *01n 20 100TL 4  524.2  1.61   846  216.6  0.75   163  229.0  1.76  229.5  1.73  230.9  1.72  1010  1014 1.000  35.9    811 295C
31.03.2025 09:50:35  *01n 20 100TL 4  524.1  1.61   846  216.6  0.74   160  229.2  1.69  229.3  1.67  230.8  1.66  1007   996 1.000  36.0    816 6292
31.03.2025 09:50:55  *01n 20 100TL 4  523.7  1.53   804  216.7  0.66   143  229.0  1.55  229.1  1.53  230.8  1.50   947   991 1.000  36.0    822 C4C2
31.03.2025 09:51:15  *01n 20 100TL 4  524.0  1.61   848  216.8  0.76   164  229.1  1.63  229.7  1.61  230.8  1.61  1013   993 1.000  36.0    827 104F
31.03.2025 09:51:35  *01n 20 100TL 4  523.8  1.70   895  216.8  0.74   160  229.2  1.62  229.1  1.61  230.9  1.59  1055   987 1.000  36.0    833 8F98
31.03.2025 09:51:55  *01n 20 100TL 4  526.0  1.73   914  217.0  0.76   163  228.8  1.55  229.7  1.51  230.6  1.51  1077   984 1.000  36.0    838 C1EE
31.03.2025 09:52:15  *01n 20 100TL 4  525.6  1.57   830  216.8  0.74   160  229.0  1.73  229.5  1.70  230.4  1.70   990   982 1.000  36.0    844 81D9
31.03.2025 09:52:35  *01n 20 100TL 4  520.8  1.63   852  216.7  0.72   155  228.8  1.62  229.7  1.61  230.4  1.57  1008   976 1.000  36.0    849 8075
31.03.2025 09:52:55  *01n 20 100TL 4  520.6  1.59   831  216.7  0.71   154  228.9  1.69  229.2  1.68  230.5  1.66   985   973 1.000  36.0    854 8052
31.03.2025 09:53:15  *01n 20 100TL 4  520.3  1.65   860  216.5  0.76   163  229.2  1.66  229.6  1.65  230.9  1.62  1023   967 1.000  36.0    860 F9A0
31.03.2025 09:53:35  *01n 20 100TL 4  520.1  1.67   868  216.6  0.71   154  230.1  1.65  228.4  1.63  230.3  1.62  1022   958 1.000  36.0    865 7757
31.03.2025 09:53:55  *01n 20 100TL 4  519.9  1.45   756  216.6  0.66   144  229.3  1.68  229.7  1.67  230.5  1.65   901   952 1.000  36.0    871 B5C9
31.03.2025 09:54:15  *01n 20 100TL 4  516.1  1.52   787  216.7  0.69   148  229.0  1.66  229.8  1.63  230.8  1.62   935   944 1.000  36.0    876 034E
31.03.2025 09:54:35  *01n 20 100TL 4  515.8  1.48   767  216.7  0.63   135  229.2  1.55  229.8  1.53  230.6  1.49   903   935 1.000  36.0    881 2D98
31.03.2025 09:54:55  *01n 20 100TL 4  525.9  1.55   816  216.8  0.72   157  228.6  1.66  229.5  1.62  230.3  1.62   973   929 1.000  36.1    886 0844
31.03.2025 09:55:15  *01n 20 100TL 4  515.3  1.58   827  216.8  0.68   148  228.4  1.57  229.3  1.55  230.0  1.51   975   924 1.000  36.1    891 820E
31.03.2025 09:55:35  *01n 20 100TL 4  515.1  1.52   788  216.8  0.66   143  228.7  1.56  229.5  1.54  230.3  1.51   932   920 1.000  36.1    897 6128
31.03.2025 09:55:55  *01n 20 100TL 4  514.9  1.55   799  216.8  0.70   151  228.7  1.48  229.6  1.44  230.4  1.44   950   917 1.000  36.1    902 293F
31.03.2025 09:56:16  *01n 20 100TL 4  514.5  1.53   790  216.7  0.66   143  228.6  1.55  229.6  1.50  230.3  1.50   933   914 1.000  36.1    907 0DD0
31.03.2025 09:56:36  *01n 20 100TL 4  523.8  1.47   773  217.1  0.63   137  228.8  1.63  229.3  1.61  230.1  1.60   910   914 1.000  36.1    912 D3B7
31.03.2025 09:56:56  *01n 20 100TL 4  514.8  1.47   758  217.0  0.66   144  228.7  1.53  229.3  1.49  230.3  1.48   903   909 1.000  36.1    917 9F4B
31.03.2025 09:57:16  *01n 20 100TL 4  523.2  1.42   746  216.4  0.60   129  228.7  1.51  229.5  1.49  230.4  1.45   875   907 1.000  36.1    922 AC47
31.03.2025 09:57:36  *01n 20 100TL 4  514.0  1.46   753  216.8  0.67   143  228.5  1.57  229.4  1.54  230.2  1.53   897   912 1.000  36.1    927 79CF
31.03.2025 09:57:56  *01n 20 100TL 4  522.7  1.42   747  216.6  0.64   140  228.4  1.51  229.3  1.48  230.2  1.47   888   907 1.000  36.1    932 A90C
31.03.2025 09:58:16  *01n 20 100TL 4  513.7  1.50   773  216.8  0.63   137  228.6  1.52  229.2  1.50  230.2  1.50   910   909 1.000  36.2    937 EB54
31.03.2025 09:58:36  *01n 20 100TL 4  517.8  1.47   766  216.8  0.65   140  228.5  1.58  229.3  1.57  230.3  1.55   906   915 1.000  36.2    942 DBC4
31.03.2025 09:58:56  *01n 20 100TL 4  517.7  1.45   752  216.7  0.65   140  228.8  1.64  229.5  1.63  230.5  1.60   892   914 1.000  36.2    947 381C
31.03.2025 09:59:16  *01n 20 100TL 4  517.4  1.50   779  217.0  0.63   137  228.7  1.57  229.6  1.53  230.5  1.53   917   914 1.000  36.2    952 27C0
31.03.2025 09:59:36  *01n 20 100TL 4  517.0  1.41   730  216.8  0.64   138  228.9  1.51  229.5  1.51  230.2  1.46   869   909 1.000  36.2    957 EE2E
31.03.2025 09:59:56  *01n 20 100TL 4  516.8  1.49   773  216.7  0.63   137  228.7  1.63  229.4  1.62  230.2  1.60   910   912 1.000  36.2    963 6A9F
31.03.2025 10:00:16  *01n 20 100TL 4  516.6  1.56   808  216.7  0.69   149  228.2  1.51  229.4  1.48  230.1  1.47   958   907 1.000  36.2    968 A9FA
31.03.2025 10:00:36  *01n 20 100TL 4  515.6  1.47   758  216.7  0.63   137  228.6  1.55  228.6  1.53  229.9  1.50   895   909 1.000  36.2    973 011D
31.03.2025 10:00:56  *01n 20 100TL 4  526.2  1.46   769  216.8  0.63   137  228.3  1.58  229.1  1.55  230.0  1.55   906   901 1.000  36.2    978 AD74
31.03.2025 10:01:16  *01n 20 100TL 4  515.6  1.48   762  216.8  0.64   137  228.5  1.62  229.1  1.58  230.0  1.56   900   910 1.000  36.2    983 7249
31.03.2025 10:01:36  *01n 20 100TL 4  515.4  1.52   784  216.9  0.67   146  228.2  1.60  229.1  1.60  229.8  1.57   930   912 1.000  36.2    988 0E06
31.03.2025 10:01:56  *01n 20 100TL 4  514.9  1.45   747  216.3  0.60   129  227.8  1.65  229.0  1.62  229.5  1.61   877   912 1.000  36.2    993 0FBE
31.03.2025 10:02:16  *01n 20 100TL 4  514.8  1.55   798  216.6  0.71   154  228.2  1.53  229.2  1.51  229.9  1.49   952   912 1.000  36.2    998 61FC
31.03.2025 10:02:36  *01n 20 100TL 4  523.9  1.57   825  216.7  0.69   149  228.6  1.47  229.3  1.44  229.9  1.43   975   912 1.000  36.2   1003 444A
31.03.2025 10:02:57  *01n 20 100TL 4  517.4  1.50   776  216.5  0.66   143  228.4  1.46  229.3  1.43  230.0  1.43   920   923 1.000  36.2   1008 3007
31.03.2025 10:03:17  *01n 20 100TL 4  514.1  1.49   770  215.8  0.68   146  228.5  1.58  229.5  1.58  230.2  1.55   917   924 1.000  36.2   1013 267B
31.03.2025 10:03:37  *01n 20 100TL 4  524.0  1.48   781  215.9  0.65   140  228.5  1.67  229.5  1.65  230.2  1.62   921   932 1.000  36.3   1019 0425
31.03.2025 10:03:57  *01n 20 100TL 4  513.4  1.68   862  217.6  0.70   152  228.5  1.60  229.3  1.60  230.1  1.55  1014   938 1.000  36.3   1024 AD03
31.03.2025 10:04:17  *01n 20 100TL 4  514.1  1.48   762  217.1  0.68   146  228.5  1.65  229.5  1.63  230.2  1.62   909   950 1.000  36.3   1029 DAC0
31.03.2025 10:04:37  *01n 20 100TL 4  520.9  1.61   843  217.7  0.69   151  228.6  1.60  229.4  1.57  230.1  1.54   994   955 1.000  36.3   1034 C216
31.03.2025 10:04:57  *01n 20 100TL 4  516.6  1.51   781  217.0  0.66   144  228.6  1.60  229.2  1.57  229.8  1.56   926   965 1.000  36.3   1040 FB55
31.03.2025 10:05:17  *01n 20 100TL 4  512.4  1.71   878  217.8  0.78   169  228.5  1.60  229.2  1.58  230.2  1.57  1048   975 1.000  36.3   1045 5C20
31.03.2025 10:05:37  *01n 20 100TL 4  522.5  1.59   836  216.6  0.69   151  228.6  1.66  229.5  1.64  230.2  1.64   987   985 1.000  36.3   1050 1DDA
31.03.2025 10:05:57  *01n 20 100TL 4  522.1  1.69   883  217.0  0.78   169  228.6  1.64  229.3  1.63  230.1  1.59  1052   994 1.000  36.3   1056 37A0
31.03.2025 10:06:17  *01n 20 100TL 4  514.1  1.81   933  216.6  0.81   173  228.8  1.72  229.5  1.71  230.4  1.69  1107  1008 1.000  36.3   1061 458D
31.03.2025 10:06:37  *01n 20 100TL 4  507.2  1.61   817  217.1  0.69   149  228.6  1.65  229.4  1.67  230.3  1.62   967  1010 1.000  36.3   1067 D508
31.03.2025 10:06:57  *01n 20 100TL 4  524.8  1.73   906  216.8  0.82   177  228.5  1.78  229.2  1.74  230.1  1.75  1083  1033 1.000  36.3   1073 0E0F
31.03.2025 10:07:17  *01n 20 100TL 4  506.1  1.76   894  216.8  0.78   169  228.9  1.78  229.5  1.77  230.4  1.72  1063  1036 1.000  36.3   1079 006F
31.03.2025 10:07:37  *01n 20 100TL 4  520.5  1.82   950  216.4  0.80   173  228.5  1.68  229.2  1.65  230.0  1.65  1124  1057 1.000  36.4   1084 36DB
31.03.2025 10:07:57  *01n 20 100TL 4  522.4  1.67   874  217.0  0.79   172  228.1  1.77  229.0  1.74  230.0  1.72  1046  1068 1.000  36.3   1090 269A
31.03.2025 10:08:17  *01n 20 100TL 4  523.5  1.73   910  216.4  0.77   167  228.3  1.77  228.6  1.76  230.1  1.72  1078  1078 1.000  36.4   1097 F5E5
31.03.2025 10:08:37  *01n 20 100TL 4  524.3  1.75   920  219.1  0.79   172  228.3  1.69  228.5  1.65  230.1  1.64  1092  1092 1.000  36.4   1103 B30D
31.03.2025 10:08:57  *01n 20 100TL 4  514.9  1.81   933  217.9  0.85   184  228.2  1.79  229.2  1.78  229.9  1.72  1118  1098 1.000  36.4   1109 2D92
31.03.2025 10:09:17  *01n 20 100TL 4  523.5  1.77   930  216.9  0.80   173  228.4  1.79  229.2  1.79  230.2  1.75  1104  1106 1.000  36.4   1115 C9D2
31.03.2025 10:09:38  *01n 20 100TL 4  514.3  1.96  1010  216.4  0.92   199  228.9  1.80  228.6  1.79  229.7  1.74  1210  1109 1.000  36.4   1121 FAB2
31.03.2025 10:09:58  *01n 20 100TL 4  519.1  1.91   991  221.3  0.91   199  228.0  1.90  228.9  1.87  229.6  1.85  1191  1121 1.000  36.4   1127 079C
31.03.2025 10:10:18  *01n 20 100TL 4  518.5  1.81   943  217.2  0.80   175  228.2  1.83  229.0  1.81  229.8  1.83  1118  1121 1.000  36.4   1133 E18A
31.03.2025 10:10:38  *01n 20 100TL 4  518.1  1.92   994  215.0  0.91   196  228.7  1.84  229.0  1.83  229.3  1.79  1191  1120 1.000  36.4   1140 2F13
31.03.2025 10:10:58  *01n 20 100TL 4  518.0  1.77   918  216.0  0.82   178  228.2  1.77  229.0  1.77  229.5  1.75  1097  1124 1.000  36.4   1146 E1EA
31.03.2025 10:11:18  *01n 20 100TL 4  517.6  1.82   943  215.8  0.81   172  228.2  1.89  229.3  1.86  230.2  1.86  1115  1121 1.000  36.4   1152 E481
31.03.2025 10:11:38  *01n 20 100TL 4  517.4  1.91   990  217.1  0.91   196  228.3  1.83  229.2  1.80  229.9  1.78  1187  1126 1.000  36.4   1159 39CE
31.03.2025 10:11:58  *01n 20 100TL 4  509.1  1.86   950  218.5  0.83   181  228.2  1.73  229.0  1.69  230.0  1.68  1132  1115 1.000  36.4   1165 36CC
31.03.2025 10:12:18  *01n 20 100TL 4  516.7  1.76   912  215.9  0.77   167  228.4  1.86  229.2  1.85  230.0  1.85  1080  1132 1.000  36.5   1171 BA0E
31.03.2025 10:12:38  *01n 20 100TL 4  516.5  1.80   935  216.4  0.86   184  228.2  1.94  229.1  1.93  230.0  1.91  1120  1133 1.000  36.5   1177 4512
31.03.2025 10:12:58  *01n 20 100TL 4  516.2  2.01  1039  217.4  0.89   192  228.3  1.72  228.9  1.68  230.0  1.66  1231  1132 1.000  36.5   1183 B5B6
31.03.2025 10:13:18  *01n 20 100TL 4  516.0  1.83   946  218.1  0.85   186  228.0  1.94  228.9  1.93  229.8  1.89  1132  1135 1.000  36.5   1190 4A3A
31.03.2025 10:13:38  *01n 20 100TL 4  525.9  1.83   965  216.5  0.85   183  228.6  1.70  228.6  1.66  230.2  1.66  1149  1127 1.000  36.5   1196 A5C0
31.03.2025 10:13:58  *01n 20 100TL 4  525.8  1.70   895  213.9  0.77   164  228.0  1.81  228.7  1.81  229.8  1.77  1060  1124 1.000  36.5   1202 EDE9
31.03.2025 10:14:18  *01n 20 100TL 4  525.4  1.91  1005  217.5  0.91   198  228.0  1.83  228.9  1.81  229.8  1.76  1203  1130 1.000  36.5   1209 D4C1
31.03.2025 10:14:38  *01n 20 100TL 4  524.4  1.75   920  210.5  0.85   178  228.6  1.75  227.9  1.72  230.1  1.70  1098  1127 1.000  36.5   1215 70C6
31.03.2025 10:14:58  *01n 20 100TL 4  514.9  1.97  1019  221.7  0.87   193  227.9  1.76  228.8  1.71  229.5  1.71  1213  1139 1.000  36.5   1221 F1C9
31.03.2025 10:15:18  *01n 20 100TL 4  514.6  1.76   907  208.4  0.83   173  227.8  1.92  228.7  1.90  229.7  1.89  1081  1142 1.000  36.5   1228 F5A4
31.03.2025 10:15:38  *01n 20 100TL 4  514.1  1.98  1017  214.7  0.91   193  227.8  1.87  228.7  1.84  229.8  1.81  1211  1153 1.000  36.5   1234 14BC
31.03.2025 10:15:59  *01n 20 100TL 4  523.9  1.97  1034  218.1  0.90   196  227.9  1.84  228.7  1.79  229.9  1.80  1231  1177 1.000  36.5   1241 8161
31.03.2025 10:16:19  *01n 20 100TL 4  525.5  2.02  1062  209.0  0.97   204  228.2  2.00  229.1  1.98  230.1  1.96  1266  1284 1.000  36.6   1247 28B1
31.03.2025 10:16:39  *01n 20 100TL 4  513.1  2.11  1084  211.2  0.96   202  228.2  1.92  229.1  1.89  230.0  1.87  1287  1200 1.000  36.6   1255 1A78
31.03.2025 10:16:59  *01n 20 100TL 4  526.4  1.97  1040  224.0  0.90   201  228.2  2.02  229.1  2.01  230.0  1.98  1242  1205 1.000  36.6   1261 A5BB
31.03.2025 10:17:19  *01n 20 100TL 4  526.0  2.05  1081  243.8  1.00   244  228.3  1.93  229.3  1.92  230.3  1.89  1326  1235 1.000  36.6   1268 D07A
31.03.2025 10:17:39  *01n 20 100TL 4  520.3  2.02  1054  256.4  0.91   233  228.5  2.07  229.4  2.06  230.3  2.03  1287  1269 1.000  36.6   1275 CF10
31.03.2025 10:17:59  *01n 20 100TL 4  514.5  1.96  1011  266.6  0.90   239  228.6  2.08  229.3  2.07  230.2  2.01  1251  1293 1.000  36.6   1282 186F
31.03.2025 10:18:19  *01n 20 100TL 4  523.9  2.03  1069  287.2  0.98   283  228.6  2.24  229.2  2.23  230.3  2.19  1353  1344 1.000  36.6   1290 4AB9
31.03.2025 10:18:39  *01n 20 100TL 4  520.1  2.26  1174  307.0  1.02   312  228.9  2.15  229.5  2.14  230.6  2.09  1487  1371 1.000  36.6   1297 B126
31.03.2025 10:18:59  *01n 20 100TL 4  526.8  2.03  1072  324.7  0.96   312  228.8  2.21  229.6  2.20  230.4  2.16  1385  1394 1.000  36.6   1305 22B5
31.03.2025 10:19:19  *01n 20 100TL 4  516.4  2.08  1078  351.3  0.98   346  228.5  2.09  229.4  2.07  230.5  2.05  1425  1416 0.999c  36.6   1312 784C
31.03.2025 10:19:39  *01n 20 100TL 4  515.4  2.06  1062  370.1  0.90   335  228.6  2.27  229.5  2.25  230.5  2.24  1397  1420 1.000  36.6   1320 3FFF
31.03.2025 10:19:59  *01n 20 100TL 4  516.6  2.17  1124  393.8  0.99   392  228.6  2.13  229.5  2.09  230.3  2.07  1516  1422 1.000  36.6   1329 41A1
31.03.2025 10:20:19  *01n 20 100TL 4  524.2  2.03  1066  419.9  0.92   389  228.5  2.21  229.5  2.19  230.6  2.16  1455  1432 1.000  36.6   1337 997C
31.03.2025 10:20:39  *01n 20 100TL 4  518.8  2.18  1132  447.5  0.92   413  228.9  2.37  229.4  2.34  230.5  2.34  1545  1435 1.000  36.6   1344 FD09
31.03.2025 10:20:59  *01n 20 100TL 4  519.3  2.02  1049  474.1  0.91   434  228.4  2.18  229.3  2.15  230.3  2.14  1484  1432 1.000  36.6   1352 63BE
31.03.2025 10:21:19  *01n 20 100TL 4  514.9  1.95  1007  514.2  0.86   442  228.5  2.14  229.4  2.11  230.5  2.09  1449  1428 1.000  36.6   1360 C5BD
31.03.2025 10:21:39  *01n 20 100TL 4  514.7  1.96  1010  534.3  0.79   424  228.9  2.32  228.9  2.31  230.7  2.28  1434  1417 1.000  36.7   1368 D3CD
31.03.2025 10:21:59  *01n 20 100TL 4  523.5  1.95  1026  533.8  0.86   459  228.6  2.21  229.3  2.20  230.8  2.19  1486  1385 1.000  36.7   1376 220E
31.03.2025 10:22:20  *01n 20 100TL 4  523.0  1.91   999  533.9  0.83   447  228.7  2.02  229.2  1.96  230.5  1.97  1446  1345 1.000  36.7   1384 2052
31.03.2025 10:22:40  *01n 20 100TL 4  521.4  1.74   907  532.8  0.70   375  228.5  2.16  229.4  2.16  230.7  2.13  1283  1322 1.000  36.7   1391 4099
31.03.2025 10:23:00  *01n 20 100TL 4  510.6  1.69   863  544.8  0.69   378  228.2  2.05  229.1  2.04  230.3  2.03  1242  1295 1.000  36.7   1398 89E6
31.03.2025 10:23:20  *01n 20 100TL 4  509.2  1.87   956  532.9  0.75   398  228.8  2.04  229.0  2.01  230.7  1.99  1355  1283 1.000  36.7   1406 6A84
31.03.2025 10:23:40  *01n 20 100TL 4  523.5  1.75   917  532.7  0.71   378  228.3  2.05  229.3  2.04  230.5  1.99  1295  1280 1.000  36.7   1413 7ACF
31.03.2025 10:24:00  *01n 20 100TL 4  522.5  1.65   863  542.3  0.69   378  228.6  2.13  229.6  2.10  230.4  2.09  1242  1290 0.999c  36.7   1420 E554
31.03.2025 10:24:20  *01n 20 100TL 4  520.5  1.79   933  532.3  0.75   404  228.8  2.01  229.7  1.98  230.7  1.98  1338  1301 1.000  36.7   1427 F0DE
31.03.2025 10:24:40  *01n 20 100TL 4  509.2  1.75   892  543.0  0.68   370  228.6  2.14  229.6  2.12  230.6  2.12  1263  1316 1.000  36.7   1434 3715
31.03.2025 10:25:00  *01n 20 100TL 4  518.0  1.74   906  542.0  0.75   407  228.7  2.24  229.8  2.23  230.5  2.21  1313  1358 1.000  36.7   1442 B1E2
31.03.2025 10:25:20  *01n 20 100TL 4  526.6  1.87   991  542.0  0.78   427  228.6  2.06  229.8  2.02  230.8  2.02  1419  1394 1.000  36.7   1450 1B9C
31.03.2025 10:25:40  *01n 20 100TL 4  511.6  2.09  1072  532.4  0.84   451  228.7  2.19  229.7  2.14  230.6  2.15  1524  1431 1.000  36.7   1457 C394
31.03.2025 10:26:00  *01n 20 100TL 4  531.9  2.02  1074  542.3  0.90   489  228.5  2.27  229.6  2.26  230.6  2.27  1564  1474 1.000  36.7   1465 9DF3
31.03.2025 10:26:20  *01n 20 100TL 4  521.2  2.11  1103  551.7  0.86   480  228.8  2.42  229.6  2.41  230.7  2.40  1583  1510 1.000  36.7   1474 FDA8
31.03.2025 10:26:40  *01n 20 100TL 4  520.4  2.08  1084  540.5  0.85   460  228.9  2.45  229.6  2.43  230.8  2.43  1545  1542 1.000  36.8   1483 160E
31.03.2025 10:27:00  *01n 20 100TL 4  530.5  2.02  1075  539.6  0.92   498  228.9  2.49  229.6  2.47  230.6  2.44  1574  1560 1.000  36.8   1491 62C5
31.03.2025 10:27:20  *01n 20 100TL 4  520.8  2.13  1112  550.5  0.88   489  228.9  2.51  229.8  2.50  230.8  2.48  1602  1576 1.000  36.8   1500 6D57
31.03.2025 10:27:40  *01n 20 100TL 4  519.2  2.07  1075  550.3  0.83   460  228.6  2.44  229.7  2.41  230.5  2.37  1536  1560 1.000  36.8   1509 5B9A
31.03.2025 10:28:00  *01n 20 100TL 4  519.2  2.07  1078  541.3  0.88   480  228.5  2.24  229.7  2.23  230.6  2.20  1559  1542 1.000  36.8   1517 B081
31.03.2025 10:28:20  *01n 20 100TL 4  519.2  2.13  1109  537.2  0.92   497  228.9  2.36  229.8  2.35  230.8  2.31  1606  1527 1.000  36.8   1526 90B4
31.03.2025 10:28:40  *01n 20 100TL 4  519.4  2.16  1127  540.1  0.89   480  228.5  2.29  229.5  2.28  230.5  2.27  1608  1516 1.000  36.8   1534 11E8
31.03.2025 10:29:01  *01n 20 100TL 4  529.3  2.04  1083  537.3  0.92   497  228.7  2.33  229.9  2.31  230.7  2.30  1580  1486 1.000  36.8   1543 174A
31.03.2025 10:29:21  *01n 20 100TL 4  518.7  1.95  1013  539.4  0.81   439  229.3  2.40  229.9  2.39  230.3  2.37  1452  1506 1.000  36.8   1551 77C2
31.03.2025 10:29:41  *01n 20 100TL 4  518.4  2.11  1095  548.0  0.84   462  228.7  2.17  229.6  2.13  230.4  2.12  1557  1466 1.000  36.8   1559 8053
31.03.2025 10:30:01  *01n 20 100TL 4  528.7  1.82   964  549.3  0.79   439  228.7  2.31  229.5  2.29  230.5  2.25  1403  1470 1.000  36.8   1568 05C0
31.03.2025 10:30:21  *01n 20 100TL 4  517.5  2.03  1052  543.2  0.86   468  228.4  2.23  229.2  2.20  230.3  2.20  1521  1466 1.000  36.8   1575 235B
31.03.2025 10:30:41  *01n 20 100TL 4  517.5  2.09  1084  541.9  0.85   462  229.0  2.26  229.9  2.24  230.7  2.25  1547  1448 1.000  36.9   1583 B603
31.03.2025 10:31:01  *01n 20 100TL 4  527.4  1.99  1051  539.4  0.88   477  229.2  2.13  230.1  2.11  231.0  2.10  1528  1443 1.000  36.9   1591 7896
31.03.2025 10:31:21  *01n 20 100TL 4  527.2  2.08  1095  535.4  0.89   480  229.3  2.31  230.3  2.29  231.1  2.24  1576  1470 1.000  36.9   1600 8E04
31.03.2025 10:31:41  *01n 20 100TL 4  517.0  2.10  1087  548.3  0.85   466  229.3  2.25  230.2  2.23  231.2  2.21  1554  1524 1.000  36.9   1608 389B
31.03.2025 10:32:01  *01n 20 100TL 4  516.0  2.14  1107  536.5  0.95   514  229.3  2.56  230.2  2.56  231.4  2.54  1622  1599 1.000  36.9   1617 84BC
31.03.2025 10:32:21  *01n 20 100TL 4  526.5  2.23  1173  546.4  0.94   517  229.3  2.67  230.4  2.67  231.4  2.63  1690  1738 1.000  36.9   1626 50CE
31.03.2025 10:32:41  *01n 20 100TL 4  526.8  2.50  1319  549.5  1.05   579  229.3  2.63  230.3  2.61  231.4  2.59  1899  1802 1.000  36.9   1635 BD9C
31.03.2025 10:33:01  *01n 20 100TL 4  525.5  2.37  1248  536.9  1.08   582  229.6  2.84  230.4  2.83  231.3  2.78  1831  1875 1.000  36.9   1646 6589
31.03.2025 10:33:21  *01n 20 100TL 4  531.5  2.88  1532  534.1  1.27   683  229.6  3.23  230.6  3.21  231.7  3.21  2215  2160 1.000  36.9   1657 A21A
31.03.2025 10:33:41  *01n 20 100TL 4  525.7  3.33  1753  557.5  1.47   820  229.6  3.62  230.6  3.61  231.7  3.58  2574  2525 1.000  36.9   1670 671F
31.03.2025 10:34:01  *01n 20 100TL 4  535.5  3.28  1756  566.7  1.47   837  229.7  3.95  230.6  3.93  231.7  3.92  2594  2604 1.000  36.9   1685 1250
31.03.2025 10:34:22  *01n 20 100TL 4  535.3  4.91  2633  576.6  2.10  1216  230.3  5.60  231.1  5.58  232.2  5.57  3849  3703 1.000  36.9   1702 63CE
31.03.2025 10:34:42  *01n 20 100TL 4  536.0  4.66  2504  558.2  2.16  1211  230.0  5.40  231.1  5.42  232.2  5.36  3715  3692 1.000  37.0   1725 9806
31.03.2025 10:35:02  *01n 20 100TL 4  536.0  4.25  2279  561.8  1.95  1100  230.0  4.73  231.1  4.72  232.0  4.69  3379  3309 1.000  37.0   1744 6597
31.03.2025 10:35:22  *01n 20 100TL 4  548.4  5.47  3002  550.9  2.86  1580  230.5  6.53  231.4  6.53  232.3  6.53  4583  4486 1.000  37.0   1766 A0AE
31.03.2025 10:35:42  *01n 20 100TL 4  554.9  4.26  2368  564.7  2.04  1153  229.6  5.12  230.8  5.10  231.8  5.09  3521  3440 1.000  37.0   1787 4636
31.03.2025 10:36:02  *01n 20 100TL 4  557.3  3.64  2032  541.0  2.04  1109  230.1  4.43  231.1  4.42  232.0  4.39  3141  3108 1.000  37.0   1806 E6D9
31.03.2025 10:36:22  *01n 20 100TL 4  546.9  3.37  1847  552.0  1.66   921  230.2  3.94  231.0  3.92  231.9  3.90  2769  2760 1.000  37.0   1823 2D9A
31.03.2025 10:36:42  *01n 20 100TL 4  541.7  3.95  2139  550.9  1.94  1069  230.3  4.77  231.0  4.77  232.0  4.73  3208  3253 1.000  37.0   1841 1529
31.03.2025 10:37:02  *01n 20 100TL 4  540.0  4.87  2633  540.3  2.35  1274  230.0  5.66  231.1  5.64  231.9  5.65  3907  3920 1.000  37.1   1860 69C2
31.03.2025 10:37:22  *01n 20 100TL 4  539.8  3.97  2146  549.8  1.95  1074  230.1  4.79  230.3  4.78  231.7  4.76  3221  3189 1.000  37.1   1879 AA0B
31.03.2025 10:37:42  *01n 20 100TL 4  540.5  3.48  1881  540.1  1.69   914  229.7  4.14  230.6  4.12  231.6  4.12  2795  2754 1.000  37.1   1895 650A
31.03.2025 10:38:02  *01n 20 100TL 4  530.4  3.51  1867  540.2  1.69   912  229.8  4.06  230.7  4.04  231.7  4.04  2780  2700 1.000  37.1   1910 58FD
31.03.2025 10:38:22  *01n 20 100TL 4  523.9  3.62  1899  528.4  1.68   892  229.9  4.07  231.1  4.05  231.9  4.04  2792  2763 1.000  37.1   1926 C731
31.03.2025 10:38:42  *01n 20 100TL 4  517.4  3.48  1805  538.8  1.56   846  229.6  4.07  231.0  4.08  231.8  4.03  2652  2670 1.000  37.2   1941 84DC
31.03.2025 10:39:02  *01n 20 100TL 4  512.0  3.42  1751  549.8  1.54   851  229.6  3.85  230.8  3.84  231.7  3.84  2603  2563 1.000  37.2   1956 7657
31.03.2025 10:39:22  *01n 20 100TL 4  516.6  3.48  1802  549.4  1.50   823  229.8  3.80  230.8  3.80  231.9  3.79  2626  2598 1.000  37.2   1970 44AD
31.03.2025 10:39:42  *01n 20 100TL 4  529.6  3.38  1792  538.0  1.55   834  229.7  3.79  230.8  3.78  231.8  3.76  2627  2597 1.000  37.2   1984 C357
31.03.2025 10:40:02  *01n 20 100TL 4  519.4  3.25  1689  537.9  1.48   799  229.6  3.83  230.7  3.81  231.8  3.80  2488  2536 1.000  37.2   1999 2C99
31.03.2025 10:40:22  *01n 20 100TL 4  524.2  3.39  1780  537.6  1.60   863  229.9  3.85  230.0  3.84  231.8  3.79  2644  2603 1.000  37.2   2013 05DF
31.03.2025 10:40:43  *01n 20 100TL 4  519.4  3.39  1762  547.9  1.46   801  229.8  3.91  230.5  3.90  231.8  3.89  2563  2603 1.000  37.2   2028 50AE
31.03.2025 10:41:03  *01n 20 100TL 4  519.9  3.53  1840  537.8  1.62   874  229.8  4.02  230.8  4.01  231.9  3.99  2714  2754 1.000  37.3   2043 F5E8
31.03.2025 10:41:23  *01n 20 100TL 4  517.8  3.73  1936  537.4  1.68   906  229.9  4.21  230.9  4.20  232.1  4.19  2842  2796 1.000  37.3   2058 C59E
31.03.2025 10:41:43  *01n 20 100TL 4  528.0  3.55  1875  547.4  1.62   891  230.0  4.14  230.7  4.15  231.8  4.09  2766  2798 1.000  37.3   2074 271F
31.03.2025 10:42:03  *01n 20 100TL 4  530.0  3.89  2064  548.4  1.80   988  229.9  4.33  230.8  4.31  231.8  4.31  3053  2955 1.000  37.3   2089 FCCC
31.03.2025 10:42:23  *01n 20 100TL 4  524.4  4.10  2151  544.9  1.89  1034  230.1  4.75  231.1  4.76  232.0  4.70  3186  3228 1.000  37.3   2107 34C6
31.03.2025 10:42:43  *01n 20 100TL 4  524.3  3.81  1997  547.5  1.70   932  230.2  4.17  230.9  4.17  231.9  4.12  2929  2804 1.000  37.3   2123 6146
31.03.2025 10:43:03  *01n 20 100TL 4  528.0  4.60  2430  555.5  2.07  1153  230.2  5.17  230.8  5.17  232.1  5.12  3584  3544 1.000  37.4   2142 14B3
31.03.2025 10:43:23  *01n 20 100TL 4  534.1  6.72  3588  547.7  3.08  1686  230.4  7.54  231.3  7.51  232.4  7.52  5275  5094 1.000  37.4   2164 32B9
31.03.2025 10:43:43  *01n 20 100TL 4  530.0  6.64  3520  547.3  3.37  1847  230.4  7.79  231.4  7.80  232.2  7.78  5368  5313 1.000  37.4   2197 86E0
31.03.2025 10:44:03  *01n 20 100TL 4  516.8  4.05  2095  556.4  1.73   965  230.3  4.51  231.4  4.51  232.3  4.50  3060  3038 1.000  37.4   2222 1116
31.03.2025 10:44:23  *01n 20 100TL 4  509.6  4.03  2056  533.2  1.75   936  230.2  4.35  231.3  4.32  232.5  4.33  2993  2955 1.000  37.4   2237 1F97
31.03.2025 10:44:43  *01n 20 100TL 4  518.5  3.80  1976  536.5  1.72   923  230.1  4.25  230.9  4.26  232.1  4.21  2899  2867 1.000  37.5   2254 CB44
31.03.2025 10:45:03  *01n 20 100TL 4  518.8  3.87  2011  548.5  1.66   912  230.3  4.33  231.3  4.29  232.5  4.29  2923  2970 1.000  37.5   2271 6F96
31.03.2025 10:45:23  *01n 20 100TL 4  511.9  5.04  2583  548.1  2.32  1272  230.5  5.63  231.4  5.60  232.8  5.61  3855  3901 1.000  37.5   2290 FB97
31.03.2025 10:45:43  *01n 20 100TL 4  518.1  4.71  2444  550.8  2.03  1120  230.7  5.17  231.6  5.18  232.5  5.13  3564  3527 1.000  37.5   2310 75A0
31.03.2025 10:46:03  *01n 20 100TL 4  507.1  5.62  2851  541.1  2.75  1490  230.9  6.06  231.8  6.06  232.8  6.03  4342  4153 1.000  37.5   2331 AC4C
31.03.2025 10:46:23  *01n 20 100TL 4  501.7  8.42  4226  540.2  4.02  2171  231.1  9.26  231.8  9.25  233.1  9.25  6398  6384 1.000  37.6   2361 4156
31.03.2025 10:46:44  *01n 20 100TL 4  510.7  8.46  4321  543.9  3.96  2153  231.0  9.23  232.2  9.27  233.0  9.21  6474  6410 1.000  37.6   2398 4C37
31.03.2025 10:47:04  *01n 20 100TL 4  517.9  7.23  3749  534.7  3.56  1905  231.2  7.98  231.5  7.97  233.0  7.94  5654  5665 1.000  37.6   2434 ECD1
31.03.2025 10:47:24  *01n 20 100TL 4  525.3  8.05  4234  549.6  3.75  2067  231.4  8.98  231.4  8.98  233.4  8.94  6301  6181 1.000  37.6   2463 39D3
31.03.2025 10:47:44  *01n 20 100TL 4  502.8 10.22  5143  544.2  4.61  2508  230.8 10.94  231.8 10.97  233.0 10.92  7652  7582 1.000  37.7   2504 4AE3
31.03.2025 10:48:04  *01n 20 100TL 4  513.5  9.73  5000  548.8  4.39  2413  230.9 10.49  231.9 10.49  233.0 10.48  7414  7339 1.000  37.7   2544 5115
31.03.2025 10:48:24  *01n 20 100TL 4  506.6  9.71  4922  532.7  4.65  2482  232.1 10.68  231.2 10.69  232.4 10.68  7405  7364 1.000  37.7   2587 87E6
31.03.2025 10:48:44  *01n 20 100TL 4  511.2  6.07  3105  532.2  2.91  1553  230.3  6.62  231.2  6.64  232.4  6.58  4658  4568 1.000  37.7   2621 6EA4
31.03.2025 10:49:04  *01n 20 100TL 4  528.0  6.61  3489  515.4  3.28  1695  230.6  7.59  231.4  7.58  232.7  7.58  5185  5137 1.000  37.8   2646 CF1F
31.03.2025 10:49:24  *01n 20 100TL 4  513.9  8.26  4248  525.3  4.21  2212  230.4  9.09  230.9  9.08  232.5  9.08  6460  6370 1.000  37.8   2682 87CF
31.03.2025 10:49:44  *01n 20 100TL 4  504.5  7.66  3865  527.6  3.57  1889  230.4  8.23  230.9  8.22  232.3  8.20  5754  5667 1.000  37.9   2714 F41F
31.03.2025 10:50:04  *01n 20 100TL 4  506.9  8.56  4342  515.9  4.22  2177  230.3  9.38  231.0  9.40  232.3  9.35  6520  6477 1.000  37.9   2750 3724
31.03.2025 10:50:24  *01n 20 100TL 4  507.8  8.65  4394  516.4  4.34  2244  230.0  9.36  230.6  9.36  232.0  9.36  6639  6497 1.000  38.0   2786 1BEB
31.03.2025 10:50:44  *01n 20 100TL 4  496.7  2.80  1391  508.4  1.50   762  229.3  3.24  229.7  3.21  231.0  3.20  2154  2238 1.000  38.0   2819 AC1C
31.03.2025 10:51:04  *01n 20 100TL 4  489.6  2.17  1066  512.6  0.88   454  229.1  2.41  229.8  2.39  230.9  2.38  1521  1504 1.000  38.0   2828 F4C9
31.03.2025 10:51:24  *01n 20 100TL 4  488.8  1.95   952  513.2  0.80   415  229.3  2.18  229.9  2.17  231.2  2.15  1367  1356 1.000  38.1   2836 59A0
31.03.2025 10:51:44  *01n 20 100TL 4  489.4  1.91   938  497.5  0.81   404  228.8  2.04  229.8  2.02  230.8  2.01  1342  1255 1.000  38.1   2843 55E7
31.03.2025 10:52:04  *01n 20 100TL 4  488.7  1.78   874  504.1  0.70   354  228.7  1.91  229.6  1.89  230.8  1.86  1228  1167 1.000  38.2   2850 5E83
31.03.2025 10:52:24  *01n 20 100TL 4  478.0  1.73   827  497.4  0.69   346  229.3  1.77  229.1  1.75  230.5  1.72  1173  1094 1.000  38.2   2857 A269
31.03.2025 10:52:44  *01n 20 100TL 4  479.1  1.47   706  496.7  0.57   286  228.2  1.73  229.2  1.73  230.1  1.71   993  1026 1.000  38.2   2862 E20D
31.03.2025 10:53:05  *01n 20 100TL 4  479.0  1.37   660  496.1  0.50   250  228.8  1.69  228.9  1.68  230.6  1.67   910   967 1.000  38.3   2868 9447
31.03.2025 10:53:25  *01n 20 100TL 4  480.5  1.51   724  500.1  0.54   270  228.8  1.58  229.4  1.55  230.5  1.55   994   926 1.000  38.3   2873 0D6B
31.03.2025 10:53:45  *01n 20 100TL 4  480.1  1.38   665  499.9  0.53   268  228.9  1.42  229.5  1.38  230.5  1.37   933   889 1.000  38.3   2878 9B14
31.03.2025 10:54:05  *01n 20 100TL 4  479.5  1.24   596  499.8  0.44   221  228.5  1.53  229.1  1.50  230.1  1.49   817   860 1.000  38.4   2883 0754
31.03.2025 10:54:25  *01n 20 100TL 4  479.3  1.25   601  499.5  0.43   219  228.4  1.47  229.3  1.46  230.3  1.44   820   834 1.000  38.4   2888 602A
31.03.2025 10:54:45  *01n 20 100TL 4  479.1  1.24   596  499.4  0.46   230  228.2  1.37  229.2  1.35  230.1  1.33   827   808 1.000  38.4   2892 5B2C
31.03.2025 10:55:05  *01n 20 100TL 4  478.6  1.32   633  499.1  0.45   225  228.4  1.30  228.9  1.27  230.0  1.28   859   788 1.000  38.4   2897 C15A
31.03.2025 10:55:25  *01n 20 100TL 4  486.3  1.25   611  489.2  0.45   219  228.3  1.41  229.0  1.40  230.1  1.39   831   772 1.000  38.4   2901 46F6
31.03.2025 10:55:45  *01n 20 100TL 4  491.9  1.13   560  498.2  0.43   215  228.1  1.42  229.1  1.43  230.1  1.37   775   755 1.000  38.5   2905 3101
31.03.2025 10:56:05  *01n 20 100TL 4  491.2  1.17   575  499.0  0.41   205  228.2  1.31  229.1  1.29  229.9  1.27   781   740 1.000  38.5   2910 1D39
31.03.2025 10:56:25  *01n 20 100TL 4  491.3  1.11   546  490.3  0.37   186  228.3  1.35  228.8  1.34  229.8  1.31   732   723 1.000  38.5   2914 659F
31.03.2025 10:56:45  *01n 20 100TL 4  491.1  1.08   534  470.6  0.40   189  228.5  1.31  229.2  1.30  230.2  1.30   723   701 1.000  38.5   2918 C577
31.03.2025 10:57:05  *01n 20 100TL 4  490.9  1.01   494  450.4  0.36   161  228.3  1.24  229.2  1.23  230.0  1.19   656   677 1.000  38.5   2922 242B
31.03.2025 10:57:25  *01n 20 100TL 4  490.3  1.09   537  430.7  0.36   158  228.2  1.21  229.0  1.21  230.0  1.17   695   662 1.000  38.5   2925 0DA1
31.03.2025 10:57:45  *01n 20 100TL 4  480.7  1.04   503  410.6  0.38   157  228.3  1.28  228.7  1.28  230.0  1.26   660   643 1.000  38.6   2929 6C3E
31.03.2025 10:58:05  *01n 20 100TL 4  489.9  1.05   518  391.7  0.39   154  228.2  1.18  228.9  1.15  229.9  1.13   672   631 1.000  38.6   2932 4EB2
31.03.2025 10:58:25  *01n 20 100TL 4  489.7  1.04   512  371.8  0.36   137  228.3  1.25  228.7  1.22  229.9  1.24   650   621 1.000  38.6   2936 8658
31.03.2025 10:58:45  *01n 20 100TL 4  489.3  0.95   466  352.2  0.32   114  227.9  1.13  228.6  1.11  229.7  1.13   581   604 1.000  38.6   2939 7953
31.03.2025 10:59:05  *01n 20 100TL 4  490.1  0.93   456  332.4  0.34   114  227.9  1.16  228.6  1.14  229.6  1.12   570   592 1.000  38.6   2943 5255
31.03.2025 10:59:26  *01n 20 100TL 4  498.5  0.90   450  312.4  0.33   103  228.1  1.11  228.7  1.11  229.8  1.10   553   578 1.000  38.6   2946 21FA
31.03.2025 10:59:46  *01n 20 100TL 4  489.4  1.03   505  292.4  0.34   100  227.8  1.18  228.4  1.18  229.4  1.16   605   567 1.000  38.6   2949 9A8F
31.03.2025 11:00:06  *01n 20 100TL 4  503.7  1.01   512  273.3  0.37   100  227.7  1.15  228.5  1.13  229.5  1.14   613   556 1.000  38.6   2952 A517
31.03.2025 11:00:26  *01n 20 100TL 4  493.5  0.90   444  253.2  0.33    85  228.1  1.14  228.0  1.12  229.5  1.11   529   547 1.000  38.6   2955 6C4E
31.03.2025 11:00:46  *01n 20 100TL 4  501.8  0.91   459  232.6  0.32    76  227.8  1.04  228.6  1.03  229.2  1.03   535   538 1.000  38.6   2958 7954
31.03.2025 11:01:06  *01n 20 100TL 4  496.2  1.05   520  216.9  0.36    79  227.6  1.08  228.0  1.06  229.1  1.04   599   535 1.000  38.6   2961 22D2
31.03.2025 11:01:26  *01n 20 100TL 4  496.7  0.98   486  216.8  0.36    77  227.8  1.09  228.4  1.06  229.2  1.07   564   538 1.000  38.6   2964 3DE9
31.03.2025 11:01:46  *01n 20 100TL 4  498.1  0.94   468  216.6  0.33    70  227.5  1.15  228.6  1.14  229.1  1.13   538   544 1.000  38.6   2967 E46B
31.03.2025 11:02:06  *01n 20 100TL 4  506.6  0.93   471  216.8  0.33    71  227.6  1.18  228.6  1.18  229.0  1.16   543   549 1.000  38.6   2971 DA89
31.03.2025 11:02:26  *01n 20 100TL 4  493.5  0.94   465  216.7  0.36    79  227.7  1.15  228.4  1.16  229.2  1.12   544   550 1.000  38.6   2973 D6CD
31.03.2025 11:02:46  *01n 20 100TL 4  498.9  1.02   512  216.4  0.38    80  227.8  1.06  228.6  1.04  229.1  1.04   593   556 1.000  38.6   2977 263B
31.03.2025 11:03:06  *01n 20 100TL 4  494.7  0.98   486  216.8  0.34    74  227.6  1.13  228.9  1.13  229.2  1.10   561   558 1.000  38.6   2980 5BA4
31.03.2025 11:03:26  *01n 20 100TL 4  504.8  1.03   520  216.8  0.40    86  227.7  1.04  228.8  1.04  229.3  1.03   607   564 1.000  38.6   2983 8A5C
31.03.2025 11:03:46  *01n 20 100TL 4  506.2  1.02   518  216.9  0.39    85  227.7  1.18  228.8  1.19  229.2  1.18   604   570 1.000  38.6   2986 68F1
31.03.2025 11:04:06  *01n 20 100TL 4  495.1  1.06   529  216.8  0.37    80  228.0  1.13  228.8  1.12  229.3  1.10   610   572 1.000  38.6   2989 42FB
31.03.2025 11:04:26  *01n 20 100TL 4  505.3  0.93   473  216.7  0.37    79  227.8  1.15  228.7  1.12  229.2  1.10   552   576 1.000  38.6   2992 4241
31.03.2025 11:04:46  *01n 20 100TL 4  502.6  0.95   482  217.0  0.37    80  228.0  1.21  228.7  1.19  229.2  1.16   563   581 1.000  38.6   2995 B7CF
31.03.2025 11:05:06  *01n 20 100TL 4  503.6  1.02   515  216.7  0.37    80  227.8  1.22  228.4  1.19  229.2  1.19   596   587 1.000  38.6   2999 1083
31.03.2025 11:05:26  *01n 20 100TL 4  505.1  1.11   561  216.7  0.39    83  227.7  1.14  228.3  1.12  229.1  1.12   645   588 1.000  38.6   3002 98D7
31.03.2025 11:05:47  *01n 20 100TL 4  504.5  0.99   502  216.6  0.39    83  227.7  1.22  228.1  1.20  228.9  1.19   585   595 1.000  38.6   3005 9D93
31.03.2025 11:06:07  *01n 20 100TL 4  504.0  0.99   500  216.7  0.38    83  227.4  1.23  228.2  1.22  229.0  1.19   584   599 1.000  38.5   3009 9EFD
31.03.2025 11:06:27  *01n 20 100TL 4  513.5  0.95   489  216.7  0.34    73  227.4  1.24  228.0  1.22  228.9  1.19   563   601 1.000  38.5   3012 6264
31.03.2025 11:06:47  *01n 20 100TL 4  504.3  1.06   537  216.6  0.39    83  227.4  1.23  228.3  1.20  228.9  1.19   621   611 1.000  38.5   3015 7CD9
31.03.2025 11:07:07  *01n 20 100TL 4  502.4  0.98   492  216.7  0.39    83  227.5  1.24  228.3  1.22  229.1  1.21   576   613 1.000  38.5   3019 AB05
31.03.2025 11:07:27  *01n 20 100TL 4  512.5  1.13   582  216.8  0.42    91  227.3  1.16  228.3  1.14  229.3  1.13   674   617 1.000  38.5   3022 27EB
31.03.2025 11:07:47  *01n 20 100TL 4  512.2  0.94   485  216.8  0.35    74  227.3  1.21  228.2  1.17  229.1  1.17   560   625 1.000  38.5   3026 E35C
31.03.2025 11:08:07  *01n 20 100TL 4  512.6  1.12   578  216.7  0.45    97  227.4  1.18  228.3  1.16  229.1  1.15   675   633 1.000  38.5   3029 E4D7
31.03.2025 11:08:27  *01n 20 100TL 4  502.0  1.13   572  216.7  0.43    93  227.6  1.26  228.4  1.24  229.4  1.23   665   640 1.000  38.5   3033 FF39
31.03.2025 11:08:47  *01n 20 100TL 4  501.8  1.17   588  216.7  0.43    94  227.9  1.21  228.6  1.17  229.4  1.18   683   648 1.000  38.5   3037 03FB
31.03.2025 11:09:07  *01n 20 100TL 4  501.9  1.11   558  216.7  0.43    91  227.7  1.18  228.4  1.16  229.2  1.16   650   656 1.000  38.5   3040 1E93
31.03.2025 11:09:27  *01n 20 100TL 4  501.5  1.18   595  216.6  0.47   103  227.4  1.21  228.3  1.18  229.3  1.18   698   666 1.000  38.5   3044 89F1
31.03.2025 11:09:47  *01n 20 100TL 4  511.2  1.22   627  216.7  0.46   100  227.5  1.21  228.4  1.22  229.5  1.20   727   683 1.000  38.5   3047 BFF8
31.03.2025 11:10:07  *01n 20 100TL 4  510.3  1.24   633  216.7  0.52   112  227.4  1.32  228.3  1.33  229.3  1.30   746   695 1.000  38.5   3051 BDF4
31.03.2025 11:10:27  *01n 20 100TL 4  520.3  1.10   573  216.7  0.46    97  227.9  1.33  228.1  1.30  229.8  1.29   671   700 1.000  38.4   3055 8004
31.03.2025 11:10:47  *01n 20 100TL 4  510.2  1.27   653  216.7  0.50   106  227.8  1.27  228.5  1.25  229.5  1.23   759   717 1.000  38.4   3059 B3E5
31.03.2025 11:11:07  *01n 20 100TL 4  519.8  1.17   610  216.7  0.46   100  227.7  1.37  228.4  1.37  229.4  1.33   711   729 1.000  38.4   3063 03CD
31.03.2025 11:11:27  *01n 20 100TL 4  508.4  1.27   650  216.7  0.54   117  227.5  1.34  228.2  1.35  229.3  1.33   767   741 1.000  38.4   3067 411D
31.03.2025 11:11:47  *01n 20 100TL 4  510.3  1.33   679  216.4  0.53   115  227.7  1.31  228.3  1.29  229.3  1.29   794   756 1.000  38.4   3071 9C6B
31.03.2025 11:12:08  *01n 20 100TL 4  509.7  1.32   674  216.7  0.51   111  227.8  1.41  228.3  1.40  229.4  1.38   785   769 1.000  38.4   3076 7651
31.03.2025 11:12:28  *01n 20 100TL 4  519.9  1.25   651  216.6  0.52   112  227.7  1.37  228.4  1.34  229.4  1.32   764   773 1.000  38.4   3080 BA24
31.03.2025 11:12:48  *01n 20 100TL 4  508.3  1.44   732  216.8  0.60   131  227.6  1.29  228.5  1.29  229.2  1.26   863   785 1.000  38.4   3084 E523
31.03.2025 11:13:08  *01n 20 100TL 4  508.2  1.33   677  216.7  0.52   114  227.7  1.36  228.5  1.35  229.3  1.34   791   796 1.000  38.4   3089 3BB9
31.03.2025 11:13:28  *01n 20 100TL 4  508.2  1.42   726  216.2  0.57   125  227.4  1.39  228.3  1.35  229.1  1.31   851   804 1.000  38.4   3093 040E
31.03.2025 11:13:48  *01n 20 100TL 4  514.0  1.31   674  216.7  0.57   125  227.7  1.45  228.4  1.45  229.2  1.42   799   820 1.000  38.4   3098 F7B1
31.03.2025 11:14:08  *01n 20 100TL 4  510.2  1.43   730  216.7  0.59   126  227.7  1.44  228.6  1.43  229.4  1.39   857   830 1.000  38.4   3102 3875
31.03.2025 11:14:28  *01n 20 100TL 4  519.8  1.43   746  216.8  0.58   126  228.2  1.44  228.1  1.43  230.0  1.39   872   842 1.000  38.4   3107 64C4
31.03.2025 11:14:48  *01n 20 100TL 4  518.8  1.45   753  216.7  0.65   140  227.9  1.45  228.8  1.44  229.6  1.41   894   862 1.000  38.3   3112 49F5
31.03.2025 11:15:08  *01n 20 100TL 4  508.6  1.38   703  216.8  0.60   129  228.1  1.47  228.8  1.46  229.6  1.40   833   869 1.000  38.3   3117 E279
31.03.2025 11:15:28  *01n 20 100TL 4  517.7  1.56   808  216.8  0.65   138  228.2  1.50  228.9  1.50  229.9  1.48   947   889 1.000  38.3   3122 6A30
31.03.2025 11:15:48  *01n 20 100TL 4  521.4  1.46   762  216.7  0.63   137  227.8  1.48  229.0  1.47  229.6  1.45   900   903 1.000  38.3   3126 933C
31.03.2025 11:16:08  *01n 20 100TL 4  510.7  1.63   834  216.8  0.72   157  228.3  1.49  228.5  1.47  230.0  1.44   991   921 1.000  38.3   3132 4654
31.03.2025 11:16:28  *01n 20 100TL 4  520.1  1.46   761  216.7  0.61   132  228.0  1.58  229.0  1.55  229.8  1.52   894   939 1.000  38.3   3137 F91C
31.03.2025 11:16:48  *01n 20 100TL 4  518.0  1.49   773  216.8  0.62   134  228.2  1.61  229.1  1.57  229.8  1.55   907   964 1.000  38.3   3142 BE2E
31.03.2025 11:17:08  *01n 20 100TL 4  517.0  1.69   877  216.7  0.77   167  228.7  1.59  229.5  1.59  230.1  1.55  1045   979 0.999c  38.3   3148 1392
31.03.2025 11:17:28  *01n 20 100TL 4  522.5  1.70   892  216.7  0.74   161  228.3  1.67  229.2  1.67  229.9  1.62  1054   997 1.000  38.3   3153 AA56
31.03.2025 11:17:48  *01n 20 100TL 4  512.6  1.60   825  216.7  0.68   149  228.2  1.63  229.1  1.60  229.8  1.58   975  1016 1.000  38.3   3159 2705
31.03.2025 11:18:09  *01n 20 100TL 4  519.5  1.70   883  216.8  0.75   163  228.3  1.75  229.2  1.73  229.8  1.71  1046  1046 1.000  38.3   3164 5922
31.03.2025 11:18:28  *01n 20 100TL 4  518.6  1.62   845  216.7  0.74   161  228.4  1.69  229.1  1.67  230.0  1.66  1007  1063 1.000  38.3   3170 2478
31.03.2025 11:18:49  *01n 20 100TL 4  528.4  1.73   915  215.7  0.77   164  228.0  1.79  229.1  1.78  230.0  1.76  1080  1077 1.000  38.2   3176 DA9F
31.03.2025 11:19:09  *01n 20 100TL 4  518.4  1.81   938  216.6  0.82   177  228.5  1.68  228.8  1.65  230.1  1.64  1115  1104 1.000  38.2   3182 0F14
31.03.2025 11:19:29  *01n 20 100TL 4  528.2  1.83   970  216.7  0.88   190  228.2  1.81  229.1  1.79  230.2  1.77  1161  1120 1.000  38.2   3188 A23F
31.03.2025 11:19:49  *01n 20 100TL 4  517.7  2.00  1040  216.7  0.87   189  228.1  1.80  228.9  1.79  229.9  1.78  1229  1152 1.000  38.2   3195 02C7
31.03.2025 11:20:09  *01n 20 100TL 4  517.4  1.86   964  216.7  0.86   187  228.2  1.89  229.0  1.87  229.9  1.84  1152  1171 1.000  38.2   3201 7555
31.03.2025 11:20:29  *01n 20 100TL 4  525.9  1.94  1020  216.5  0.93   201  228.4  1.78  228.9  1.76  230.0  1.75  1222  1188 1.000  38.2   3208 E74E
31.03.2025 11:20:49  *01n 20 100TL 4  518.5  2.03  1058  216.8  0.97   209  228.3  1.94  229.3  1.93  230.2  1.90  1268  1213 1.000  38.2   3214 C18C
31.03.2025 11:21:09  *01n 20 100TL 4  525.2  2.01  1055  216.7  0.89   193  228.4  1.88  229.2  1.85  230.1  1.84  1249  1229 1.000  38.2   3221 A3CF
31.03.2025 11:21:29  *01n 20 100TL 4  514.7  2.00  1029  216.8  0.92   201  228.4  2.04  229.0  2.01  230.1  2.01  1231  1246 1.000  38.2   3228 0224
31.03.2025 11:21:49  *01n 20 100TL 4  516.7  2.06  1068  216.7  0.94   204  228.5  2.05  229.1  2.06  229.9  2.05  1272  1271 1.000  38.2   3235 1264
31.03.2025 11:22:09  *01n 20 100TL 4  525.3  2.01  1060  216.6  0.90   196  228.5  2.04  229.1  2.04  230.0  1.99  1257  1286 1.000  38.2   3243 0934
31.03.2025 11:22:29  *01n 20 100TL 4  515.4  2.09  1077  216.9  0.97   212  228.5  2.01  229.1  1.98  230.2  1.97  1289  1304 1.000  38.2   3250 6A30
31.03.2025 11:22:49  *01n 20 100TL 4  529.4  2.21  1173  221.3  1.09   241  228.4  1.99  229.1  1.96  230.0  1.94  1414  1319 1.000  38.2   3257 AB8D
31.03.2025 11:23:09  *01n 20 100TL 4  528.2  2.12  1123  234.6  0.99   233  228.4  2.04  229.1  2.02  230.1  1.99  1356  1350 1.000  38.2   3264 71AF
31.03.2025 11:23:29  *01n 20 100TL 4  522.8  2.28  1194  254.1  1.03   262  228.3  2.25  229.4  2.23  230.5  2.22  1457  1400 1.000  38.2   3272 88DC
31.03.2025 11:23:49  *01n 20 100TL 4  515.6  2.16  1121  269.5  1.04   282  228.5  2.13  229.2  2.10  230.3  2.09  1403  1428 1.000  38.2   3280 3A37
31.03.2025 11:24:09  *01n 20 100TL 4  526.7  2.16  1139  286.3  1.01   288  228.4  2.38  229.2  2.37  230.2  2.35  1428  1470 1.000  38.2   3288 2116
31.03.2025 11:24:29  *01n 20 100TL 4  526.1  2.28  1200  310.1  1.05   328  228.7  2.23  228.4  2.19  230.7  2.19  1528  1509 1.000  38.2   3296 AADA
31.03.2025 11:24:49  *01n 20 100TL 4  525.8  2.29  1208  322.3  1.12   360  228.9  2.28  228.3  2.24  230.7  2.24  1568  1541 1.000  38.2   3305 EA7C
31.03.2025 11:25:10  *01n 20 100TL 4  518.3  2.27  1177  338.7  1.07   361  229.0  2.41  228.2  2.40  230.9  2.35  1539  1571 1.000  38.2   3313 3E46
31.03.2025 11:25:30  *01n 20 100TL 4  518.1  2.50  1298  359.4  1.13   407  229.0  2.36  227.8  2.33  230.7  2.31  1705  1609 1.000  38.2   3322 CE24
31.03.2025 11:25:50  *01n 20 100TL 4  528.3  2.33  1232  391.8  1.10   433  229.0  2.53  227.8  2.52  230.6  2.48  1666  1652 1.000  38.2   3331 ADC4
31.03.2025 11:26:10  *01n 20 100TL 4  527.4  2.43  1283  415.4  1.15   482  228.9  2.69  228.4  2.68  230.6  2.66  1765  1699 1.000  38.2   3341 A326
31.03.2025 11:26:30  *01n 20 100TL 4  527.7  2.50  1324  440.8  1.16   514  229.1  2.67  228.7  2.66  230.9  2.61  1838  1738 1.000  38.1   3350 F15A
31.03.2025 11:26:50  *01n 20 100TL 4  527.1  2.53  1336  478.2  1.11   531  229.1  2.74  228.8  2.73  230.9  2.69  1867  1792 1.000  38.1   3360 8D64
31.03.2025 11:27:10  *01n 20 100TL 4  517.0  2.42  1252  503.3  1.07   541  228.8  2.86  228.7  2.85  230.8  2.85  1794  1840 1.000  38.1   3371 FB32
31.03.2025 11:27:30  *01n 20 100TL 4  516.2  2.52  1307  534.6  1.13   607  229.0  2.77  228.8  2.74  231.0  2.74  1915  1887 1.000  38.1   3380 7841
31.03.2025 11:27:50  *01n 20 100TL 4  515.8  2.54  1315  544.9  1.06   576  229.3  2.91  229.1  2.90  230.8  2.87  1892  1907 1.000  38.1   3391 F842
31.03.2025 11:28:10  *01n 20 100TL 4  515.3  2.63  1356  544.4  1.13   619  229.4  2.81  228.2  2.77  230.7  2.76  1976  1924 1.000  38.1   3402 49FF
31.03.2025 11:28:30  *01n 20 100TL 4  525.5  2.64  1388  533.5  1.22   650  228.9  2.92  228.7  2.92  230.7  2.87  2038  1942 1.000  38.1   3412 7415
31.03.2025 11:28:50  *01n 20 100TL 4  525.2  2.69  1414  533.2  1.16   622  229.0  2.96  228.8  2.95  230.8  2.90  2037  1957 1.000  38.1   3424 3E7A
31.03.2025 11:29:10  *01n 20 100TL 4  525.0  2.60  1368  534.1  1.17   631  228.8  3.03  228.5  3.02  230.7  3.01  2000  1977 1.000  38.1   3435 0609
31.03.2025 11:29:30  *01n 20 100TL 4  524.6  2.71  1423  534.8  1.23   660  228.8  3.00  228.5  2.97  230.9  2.98  2084  1989 1.000  38.1   3446 1B92
31.03.2025 11:29:50  *01n 20 100TL 4  514.0  2.69  1387  532.3  1.19   633  228.6  3.06  229.1  3.03  230.4  3.03  2020  1995 1.000  38.1   3456 6A43
31.03.2025 11:30:10  *01n 20 100TL 4  524.7  2.78  1460  532.0  1.20   643  228.6  3.07  229.3  3.06  230.3  3.04  2104  2014 1.000  38.1   3467 877D
31.03.2025 11:30:30  *01n 20 100TL 4  523.3  2.75  1441  531.8  1.26   672  228.6  3.02  229.2  3.03  230.5  2.98  2114  2021 1.000  38.1   3479 876F
31.03.2025 11:30:50  *01n 20 100TL 4  523.2  2.61  1370  542.2  1.16   630  228.9  3.16  229.4  3.16  230.5  3.13  2000  2043 1.000  38.1   3490 8219
31.03.2025 11:31:11  *01n 20 100TL 4  523.4  2.74  1437  541.9  1.18   642  228.8  3.17  229.4  3.19  230.7  3.15  2079  2055 1.000  38.1   3502 A97B
31.03.2025 11:31:30  *01n 20 100TL 4  518.1  2.65  1376  541.5  1.19   646  229.0  3.11  229.4  3.11  230.7  3.06  2023  2063 1.000  38.1   3513 CA8E
31.03.2025 11:31:51  *01n 20 100TL 4  519.0  2.61  1359  541.3  1.18   642  228.8  3.27  229.3  3.25  230.6  3.23  2001  2076 1.000  38.1   3524 6E43
31.03.2025 11:32:11  *01n 20 100TL 4  522.9  2.78  1452  541.1  1.21   656  229.3  3.21  228.9  3.18  230.9  3.18  2108  2084 1.000  38.1   3536 9647
31.03.2025 11:32:31  *01n 20 100TL 4  518.6  2.91  1510  530.1  1.29   688  228.8  3.26  229.4  3.25  230.7  3.23  2198  2090 1.000  38.1   3548 3F3D
31.03.2025 11:32:51  *01n 20 100TL 4  523.7  2.73  1434  540.4  1.25   677  228.9  3.17  229.4  3.15  230.7  3.14  2111  2099 1.000  38.1   3560 BF8B
31.03.2025 11:33:11  *01n 20 100TL 4  522.8  2.83  1481  540.0  1.25   677  229.0  3.25  229.5  3.25  230.6  3.22  2159  2102 1.000  38.1   3571 DB36
31.03.2025 11:33:31  *01n 20 100TL 4  518.2  2.93  1521  539.8  1.26   682  229.0  3.00  229.4  2.99  230.6  2.97  2203  2095 1.000  38.1   3583 F7DB
31.03.2025 11:33:51  *01n 20 100TL 4  517.7  2.80  1452  539.5  1.23   669  229.4  3.02  229.4  3.00  229.8  2.97  2122  2087 1.000  38.1   3595 33CE
31.03.2025 11:34:11  *01n 20 100TL 4  521.5  2.72  1422  539.4  1.25   677  228.9  3.13  229.4  3.13  230.6  3.08  2099  2079 1.000  38.1   3606 09BF
31.03.2025 11:34:31  *01n 20 100TL 4  518.2  2.82  1466  538.9  1.21   657  228.9  3.07  229.6  3.04  230.8  3.05  2124  2078 1.000  38.1   3618 2E6E
31.03.2025 11:34:51  *01n 20 100TL 4  517.9  2.64  1371  538.7  1.18   639  229.2  3.22  229.0  3.21  231.1  3.19  2011  2066 1.000  38.1   3629 C59C
31.03.2025 11:35:11  *01n 20 100TL 4  517.8  2.83  1464  538.5  1.27   688  228.6  3.08  229.2  3.04  230.7  3.05  2153  2047 1.000  38.1   3640 2F2A
31.03.2025 11:35:31  *01n 20 100TL 4  519.6  2.60  1350  538.2  1.14   616  228.8  2.93  229.2  2.89  230.7  2.90  1966  2020 1.000  38.2   3652 40B0
31.03.2025 11:35:51  *01n 20 100TL 4  519.4  2.66  1385  538.0  1.15   624  229.1  3.01  229.2  2.98  230.7  2.99  2009  2000 1.000  38.2   3663 2F23
31.03.2025 11:36:11  *01n 20 100TL 4  519.4  2.73  1419  537.8  1.24   671  228.9  3.01  229.3  3.00  230.9  2.95  2090  1972 1.000  38.2   3675 CC57
31.03.2025 11:36:31  *01n 20 100TL 4  524.4  2.66  1397  538.7  1.22   660  228.9  2.80  229.4  2.78  230.9  2.76  2058  1945 0.999c  38.2   3685 6594
31.03.2025 11:36:51  *01n 20 100TL 4  514.5  2.67  1374  538.5  1.12   607  228.9  2.92  229.4  2.92  230.7  2.87  1982  1937 1.000  38.2   3696 6F93
31.03.2025 11:37:12  *01n 20 100TL 4  514.2  2.52  1295  538.2  1.11   598  228.9  2.90  229.4  2.88  230.6  2.89  1893  1927 1.000  38.2   3707 C01A
31.03.2025 11:37:31  *01n 20 100TL 4  522.8  2.50  1310  535.2  1.15   621  228.6  2.93  229.1  2.92  230.8  2.87  1931  1902 1.000  38.2   3718 BDF3
31.03.2025 11:37:52  *01n 20 100TL 4  520.6  2.56  1333  537.4  1.09   590  228.9  2.87  229.3  2.86  230.7  2.82  1924  1890 1.000  38.2   3728 67CA
31.03.2025 11:38:12  *01n 20 100TL 4  519.9  2.60  1353  535.3  1.17   627  228.7  2.85  229.4  2.81  230.5  2.83  1980  1881 1.000  38.2   3739 A8A7
31.03.2025 11:38:32  *01n 20 100TL 4  515.3  2.40  1239  536.7  1.08   581  229.1  2.76  228.9  2.73  230.7  2.72  1820  1873 1.000  38.2   3749 C9DA
31.03.2025 11:38:52  *01n 20 100TL 4  512.4  2.43  1249  532.0  1.04   558  228.5  2.70  229.2  2.69  230.3  2.67  1808  1858 1.000  38.2   3759 06A8
31.03.2025 11:39:12  *01n 20 100TL 4  511.7  2.66  1362  531.5  1.12   596  228.5  2.79  229.1  2.76  230.1  2.77  1959  1847 1.000  38.2   3770 1B22
31.03.2025 11:39:32  *01n 20 100TL 4  521.8  2.36  1235  532.4  1.04   556  228.5  2.85  229.3  2.84  230.3  2.82  1792  1828 1.000  38.2   3780 08DD
31.03.2025 11:39:52  *01n 20 100TL 4  511.6  2.34  1200  533.3  1.03   550  228.8  2.82  229.3  2.82  230.4  2.81  1751  1814 1.000  38.2   3790 0CFA
31.03.2025 11:40:12  *01n 20 100TL 4  521.3  2.53  1324  533.4  1.08   579  229.4  2.76  228.9  2.77  230.2  2.71  1904  1795 1.000  38.2   3800 FE4D
31.03.2025 11:40:32  *01n 20 100TL 4  510.9  2.30  1173  536.1  1.02   546  228.8  2.79  229.5  2.78  230.6  2.75  1719  1788 1.000  38.2   3811 F4C6
31.03.2025 11:40:52  *01n 20 100TL 4  521.0  2.35  1226  523.6  1.05   555  228.8  2.54  229.4  2.52  230.5  2.50  1782  1763 1.000  38.2   3820 6C67
31.03.2025 11:41:12  *01n 20 100TL 4  510.5  2.30  1177  528.6  1.02   543  228.6  2.70  229.5  2.70  230.5  2.65  1721  1765 1.000  38.2   3830 FCAE
31.03.2025 11:41:32  *01n 20 100TL 4  510.2  2.43  1240  528.5  1.03   544  228.9  2.59  229.6  2.57  230.5  2.56  1785  1754 1.000  38.2   3840 45FD
31.03.2025 11:41:52  *01n 20 100TL 4  519.9  2.32  1210  528.2  1.06   563  228.9  2.76  229.7  2.74  230.5  2.74  1773  1750 1.000  38.2   3849 19CD
31.03.2025 11:42:12  *01n 20 100TL 4  509.8  2.49  1271  538.6  1.05   570  228.8  2.53  229.8  2.49  230.5  2.49  1841  1739 1.000  38.2   3860 A3F6
31.03.2025 11:42:32  *01n 20 100TL 4  519.4  2.35  1226  527.6  1.01   537  229.0  2.50  229.5  2.49  230.6  2.46  1763  1730 1.000  38.2   3869 0AB4
31.03.2025 11:42:52  *01n 20 100TL 4  509.1  2.26  1152  527.4  1.01   534  228.8  2.65  229.4  2.65  230.2  2.60  1686  1727 1.000  38.2   3879 5F4D
31.03.2025 11:43:12  *01n 20 100TL 4  519.1  2.33  1211  537.9  0.99   535  228.9  2.73  229.6  2.71  230.5  2.69  1747  1728 1.000  38.2   3889 0175
31.03.2025 11:43:33  *01n 20 100TL 4  510.3  2.51  1283  537.0  1.03   555  228.8  2.64  229.5  2.61  230.6  2.62  1838  1728 1.000  38.2   3898 0D49
31.03.2025 11:43:53  *01n 20 100TL 4  516.2  2.34  1210  536.9  0.99   535  228.8  2.57  229.5  2.55  230.5  2.53  1745  1722 1.000  38.3   3908 D01D
31.03.2025 11:44:13  *01n 20 100TL 4  509.7  2.23  1141  536.2  0.99   532  228.7  2.67  229.4  2.66  230.5  2.63  1673  1718 1.000  38.3   3917 4397
31.03.2025 11:44:33  *01n 20 100TL 4  516.4  2.39  1235  526.3  1.02   540  228.5  2.62  229.3  2.61  230.2  2.57  1776  1705 1.000  38.2   3927 4AAA
31.03.2025 11:44:53  *01n 20 100TL 4  519.7  2.19  1139  536.8  0.95   509  228.9  2.63  229.5  2.63  230.4  2.57  1649  1701 1.000  38.2   3936 CD63
31.03.2025 11:45:13  *01n 20 100TL 4  508.1  2.33  1187  536.3  1.01   546  228.7  2.52  229.4  2.51  230.4  2.49  1733  1701 1.000  38.3   3946 2221
31.03.2025 11:45:33  *01n 20 100TL 4  522.6  2.24  1176  541.2  0.98   535  228.6  2.59  229.2  2.57  230.3  2.55  1712  1698 1.000  38.2   3956 F5CB
31.03.2025 11:45:53  *01n 20 100TL 4  511.8  2.24  1149  538.6  0.91   494  228.7  2.62  229.1  2.60  230.3  2.56  1643  1705 1.000  38.2   3965 33C7
31.03.2025 11:46:13  *01n 20 100TL 4  521.9  2.29  1197  525.7  0.99   524  228.9  2.60  229.8  2.60  230.8  2.55  1722  1699 1.000  38.2   3974 C0DA
31.03.2025 11:46:33  *01n 20 100TL 4  512.1  2.26  1162  534.6  1.00   538  228.7  2.65  229.6  2.66  230.6  2.60  1701  1713 1.000  38.3   3984 DBFF
31.03.2025 11:46:53  *01n 20 100TL 4  518.8  2.26  1174  535.2  0.95   512  229.0  2.64  229.9  2.64  230.9  2.60  1687  1716 1.000  38.3   3993 472F
31.03.2025 11:47:13  *01n 20 100TL 4  515.4  2.33  1200  535.0  1.02   547  228.8  2.69  229.8  2.68  230.8  2.68  1748  1725 1.000  38.3   4003 2C5B
31.03.2025 11:47:33  *01n 20 100TL 4  516.6  2.33  1205  533.9  1.03   552  229.4  2.50  229.8  2.49  230.9  2.45  1757  1725 1.000  38.3   4013 D8A4
31.03.2025 11:47:53  *01n 20 100TL 4  510.5  2.28  1167  541.4  0.96   518  229.4  2.63  229.8  2.61  230.5  2.57  1686  1725 1.000  38.3   4022 4B94
31.03.2025 11:48:13  *01n 20 100TL 4  509.9  2.38  1214  535.5  0.98   527  229.5  2.62  230.1  2.60  231.0  2.60  1742  1736 1.000  38.3   4031 63C9
31.03.2025 11:48:33  *01n 20 100TL 4  520.1  2.24  1171  535.8  0.98   529  229.4  2.64  230.1  2.61  231.0  2.62  1701  1745 1.000  38.3   4041 16D8
31.03.2025 11:48:53  *01n 20 100TL 4  509.4  2.23  1138  534.6  0.99   534  229.2  2.60  229.9  2.58  230.9  2.57  1672  1745 1.000  38.3   4051 6A3C
31.03.2025 11:49:13  *01n 20 100TL 4  520.1  2.40  1251  534.0  1.04   560  228.7  2.55  229.6  2.53  230.5  2.51  1811  1757 1.000  38.3   4061 412F
31.03.2025 11:49:33  *01n 20 100TL 4  512.9  2.38  1225  542.4  1.02   558  229.0  2.57  229.7  2.56  230.8  2.53  1783  1766 1.000  38.3   4071 A92C
31.03.2025 11:49:54  *01n 20 100TL 4  515.5  2.51  1293  542.1  1.08   592  229.0  2.58  229.5  2.56  230.5  2.54  1886  1783 1.000  38.3   4081 A442
31.03.2025 11:50:14  *01n 20 100TL 4  518.7  2.44  1264  537.3  1.05   569  229.2  2.81  229.8  2.79  230.7  2.79  1834  1802 1.000  38.3   4090 C036
31.03.2025 11:50:34  *01n 20 100TL 4  508.4  2.55  1297  538.2  1.07   576  229.1  2.80  229.7  2.79  231.0  2.79  1873  1802 1.000  38.3   4101 F69B
31.03.2025 11:50:54  *01n 20 100TL 4  518.2  2.43  1263  534.0  1.07   579  229.2  2.76  229.7  2.76  230.8  2.71  1843  1823 1.000  38.3   4111 96D5
31.03.2025 11:51:14  *01n 20 100TL 4  518.1  2.45  1268  532.6  1.10   587  229.1  2.80  229.8  2.78  231.0  2.77  1855  1838 1.000  38.3   4121 729B
31.03.2025 11:51:34  *01n 20 100TL 4  519.0  2.60  1348  550.9  1.04   578  229.2  2.81  229.7  2.80  230.9  2.75  1927  1834 1.000  38.3   4131 7A59
31.03.2025 11:51:54  *01n 20 100TL 4  519.0  2.59  1345  542.5  1.12   611  229.1  2.79  229.7  2.78  230.6  2.76  1957  1855 1.000  38.3   4141 B46F
31.03.2025 11:52:14  *01n 20 100TL 4  516.4  2.49  1292  546.4  1.08   593  229.0  2.89  229.7  2.86  231.1  2.86  1886  1855 1.000  38.3   4152 0BC2
31.03.2025 11:52:34  *01n 20 100TL 4  516.8  2.43  1258  535.0  1.05   567  229.4  2.93  229.8  2.93  230.7  2.91  1826  1870 1.000  38.3   4162 9178
31.03.2025 11:52:54  *01n 20 100TL 4  516.1  2.53  1309  535.1  1.08   578  228.7  2.87  229.1  2.85  230.6  2.85  1887  1875 1.000  38.3   4172 C768
31.03.2025 11:53:14  *01n 20 100TL 4  515.9  2.57  1329  533.1  1.16   624  229.0  2.74  229.5  2.72  230.6  2.69  1953  1872 1.000  38.3   4183 8963
31.03.2025 11:53:34  *01n 20 100TL 4  515.6  2.42  1248  542.1  1.04   566  229.6  2.92  228.2  2.92  231.1  2.90  1814  1881 1.000  38.3   4193 9B64
31.03.2025 11:53:54  *01n 20 100TL 4  517.3  2.62  1356  530.1  1.12   595  229.3  2.92  229.6  2.90  231.0  2.89  1951  1887 1.000  38.3   4204 6270
31.03.2025 11:54:14  *01n 20 100TL 4  517.7  2.45  1272  540.4  1.08   588  229.3  2.85  230.1  2.82  231.0  2.83  1861  1899 1.000  38.3   4215 F7FF
31.03.2025 11:54:34  *01n 20 100TL 4  525.3  2.48  1303  533.6  1.15   619  229.7  2.73  230.3  2.72  231.5  2.69  1922  1892 1.000  38.3   4225 8A83
31.03.2025 11:54:54  *01n 20 100TL 4  514.4  2.57  1326  533.1  1.15   616  230.4  2.92  229.8  2.91  231.2  2.87  1942  1919 1.000  38.3   4235 0CEE
31.03.2025 11:55:14  *01n 20 100TL 4  514.6  2.54  1312  534.2  1.08   578  229.9  3.00  230.2  3.00  231.6  2.96  1890  1934 1.000  38.3   4246 AA00
31.03.2025 11:55:34  *01n 20 100TL 4  524.5  2.59  1361  534.5  1.20   643  229.6  2.91  230.1  2.91  231.4  2.86  2005  1933 1.000  38.3   4257 4478
31.03.2025 11:55:54  *01n 20 100TL 4  513.7  2.74  1412  539.0  1.18   637  229.3  2.96  229.5  2.92  231.0  2.93  2050  1960 1.000  38.3   4268 6C80
31.03.2025 11:56:14  *01n 20 100TL 4  511.1  2.57  1316  538.2  1.09   590  229.4  2.99  230.0  2.99  231.3  2.93  1907  1966 1.000  38.3   4279 8AC1
31.03.2025 11:56:35  *01n 20 100TL 4  520.5  2.74  1425  537.5  1.23   662  229.7  3.06  230.0  3.04  231.3  3.03  2087  1982 1.000  38.3   4290 7396
31.03.2025 11:56:55  *01n 20 100TL 4  512.8  2.73  1405  542.2  1.22   663  230.4  2.91  229.8  2.87  231.3  2.87  2069  1989 1.000  38.4   4300 4BBD
31.03.2025 11:57:15  *01n 20 100TL 4  523.0  2.58  1351  531.3  1.13   602  230.1  2.98  229.6  2.99  232.0  2.93  1954  1994 1.000  38.3   4312 0496
31.03.2025 11:57:35  *01n 20 100TL 4  522.6  2.69  1406  529.8  1.17   624  229.9  3.11  230.5  3.09  231.7  3.07  2030  2008 1.000  38.4   4323 46D5
31.03.2025 11:57:55  *01n 20 100TL 4  512.0  2.80  1434  537.8  1.26   679  229.9  2.91  230.1  2.90  231.6  2.87  2113  2017 1.000  38.4   4334 D523
31.03.2025 11:58:15  *01n 20 100TL 4  521.7  2.70  1411  533.9  1.20   642  230.1  3.05  230.0  3.04  231.9  3.01  2053  2024 1.000  38.4   4346 872B
31.03.2025 11:58:35  *01n 20 100TL 4  518.1  2.71  1405  534.4  1.17   628  231.2  3.16  229.7  3.15  231.0  3.14  2034  2040 1.000  38.4   4357 87E6
31.03.2025 11:58:55  *01n 20 100TL 4  514.5  2.60  1342  545.6  1.15   627  229.9  3.11  230.3  3.09  231.5  3.09  1969  2038 1.000  38.3   4369 5A23
31.03.2025 11:59:15  *01n 20 100TL 4  516.7  2.61  1351  529.7  1.20   639  229.9  3.13  230.1  3.12  231.8  3.10  1991  2041 1.000  38.4   4379 5995
31.03.2025 11:59:35  *01n 20 100TL 4  516.5  2.84  1469  531.6  1.23   657  230.0  3.06  230.4  3.05  231.8  3.00  2127  2035 1.000  38.4   4391 563B
31.03.2025 11:59:55  *01n 20 100TL 4  516.8  2.83  1463  543.8  1.21   662  230.2  3.07  230.4  3.05  232.0  3.01  2125  2030 1.000  38.4   4402 99FB
31.03.2025 12:00:15  *01n 20 100TL 4  516.3  2.77  1434  532.5  1.26   672  230.3  2.95  230.4  2.93  231.9  2.91  2107  2027 1.000  38.4   4413 F723
31.03.2025 12:00:35  *01n 20 100TL 4  522.2  2.59  1353  533.0  1.14   611  230.3  3.04  229.8  3.03  232.4  2.99  1965  2017 1.000  38.4   4425 02B3
31.03.2025 12:00:55  *01n 20 100TL 4  522.4  2.70  1411  544.0  1.14   622  231.0  3.08  230.1  3.08  232.4  3.08  2034  2014 1.000  38.4   4436 E36C
31.03.2025 12:01:15  *01n 20 100TL 4  512.5  2.58  1324  543.6  1.14   622  231.0  3.09  231.1  3.08  232.7  3.08  1947  2017 1.000  38.4   4448 6C31
31.03.2025 12:01:35  *01n 20 100TL 4  507.6  2.61  1326  530.2  1.18   628  231.2  3.12  231.3  3.10  232.8  3.08  1954  2006 1.000  38.4   4458 4AFA
31.03.2025 12:01:55  *01n 20 100TL 4  518.7  2.60  1353  533.9  1.13   607  230.7  3.11  231.1  3.10  232.4  3.09  1960  2023 1.000  38.4   4470 2479
31.03.2025 12:02:15  *01n 20 100TL 4  504.7  2.85  1445  523.1  1.21   636  230.4  3.00  230.7  2.97  232.2  2.96  2081  1997 1.000  38.4   4481 767B
31.03.2025 12:02:36  *01n 20 100TL 4  512.7  2.82  1446  532.4  1.27   679  230.4  3.12  230.9  3.13  232.3  3.11  2125  2024 1.000  38.4   4492 6161
31.03.2025 12:02:56  *01n 20 100TL 4  511.3  2.86  1466  531.1  1.23   654  230.1  3.03  230.5  3.00  231.8  3.01  2121  2017 1.000  38.4   4504 183E
31.03.2025 12:03:16  *01n 20 100TL 4  521.4  2.68  1399  542.2  1.18   643  230.3  3.03  230.5  3.03  232.0  2.97  2043  2017 1.000  38.4   4515 9959
31.03.2025 12:03:36  *01n 20 100TL 4  521.2  2.52  1318  531.4  1.17   622  230.5  3.05  230.8  3.05  232.1  2.99  1940  2017 1.000  38.4   4526 6269
31.03.2025 12:03:56  *01n 20 100TL 4  513.5  2.71  1393  532.0  1.24   662  230.4  2.89  231.0  2.87  232.1  2.84  2055  2020 1.000  38.4   4537 FBEA
31.03.2025 12:04:16  *01n 20 100TL 4  519.4  2.77  1440  531.5  1.22   646  230.5  3.10  230.7  3.08  232.1  3.07  2087  2020 1.000  38.4   4549 99FE
31.03.2025 12:04:36  *01n 20 100TL 4  510.7  2.63  1348  530.8  1.13   605  230.6  2.93  231.1  2.91  232.4  2.91  1954  2015 1.000  38.4   4560 3F4B
31.03.2025 12:04:56  *01n 20 100TL 4  520.0  2.67  1391  540.9  1.22   659  231.0  2.94  230.2  2.92  232.1  2.92  2050  2020 1.000  38.4   4571 CBDA
31.03.2025 12:05:16  *01n 20 100TL 4  509.7  2.66  1356  529.8  1.14   607  230.6  3.10  230.8  3.08  232.3  3.07  1963  2024 1.000  38.4   4582 4BA5
31.03.2025 12:05:36  *01n 20 100TL 4  517.2  2.70  1400  529.6  1.21   645  230.5  2.91  230.6  2.89  232.0  2.86  2046  2035 1.000  38.4   4594 2DD3
31.03.2025 12:05:56  *01n 20 100TL 4  514.4  2.85  1466  539.8  1.26   680  230.3  3.07  230.5  3.04  231.9  3.04  2136  2050 1.000  38.4   4606 2D00
31.03.2025 12:06:16  *01n 20 100TL 4  514.6  2.67  1379  539.5  1.18   640  230.4  2.99  230.6  2.99  232.1  2.95  2020  2055 1.000  38.4   4616 ED2B
31.03.2025 12:06:36  *01n 20 100TL 4  515.1  2.70  1393  539.3  1.15   625  230.5  3.12  230.8  3.10  232.2  3.09  2018  2072 1.000  38.4   4628 4B60
31.03.2025 12:06:56  *01n 20 100TL 4  514.8  2.70  1390  528.4  1.19   630  230.4  3.03  230.4  3.01  231.9  3.01  2020  2078 1.000  38.5   4639 16E6
31.03.2025 12:07:16  *01n 20 100TL 4  514.8  2.87  1481  528.3  1.32   698  230.5  3.14  230.8  3.15  232.0  3.08  2180  2090 1.000  38.5   4652 A17B
31.03.2025 12:07:36  *01n 20 100TL 4  509.6  2.87  1466  527.9  1.25   665  230.5  3.14  230.4  3.15  232.3  3.10  2131  2101 1.000  38.5   4663 9D37
31.03.2025 12:07:56  *01n 20 100TL 4  514.2  2.91  1499  527.6  1.26   665  230.3  3.22  230.7  3.21  231.8  3.19  2165  2131 1.000  38.5   4675 D27B
31.03.2025 12:08:16  *01n 20 100TL 4  511.7  2.82  1443  539.3  1.26   679  230.5  3.22  230.9  3.21  232.2  3.17  2122  2149 1.000  38.5   4686 3D9F
31.03.2025 12:08:36  *01n 20 100TL 4  512.1  2.99  1533  538.9  1.34   723  230.4  3.14  230.8  3.12  232.1  3.11  2256  2171 1.000  38.5   4698 45B5
31.03.2025 12:08:57  *01n 20 100TL 4  517.2  3.07  1586  538.2  1.32   711  230.6  3.37  231.0  3.37  232.1  3.35  2298  2200 1.000  38.5   4711 A817
31.03.2025 12:09:17  *01n 20 100TL 4  516.0  3.07  1586  536.8  1.36   735  230.7  3.36  230.8  3.34  232.3  3.35  2322  2220 1.000  38.5   4723 B5C8
31.03.2025 12:09:37  *01n 20 100TL 4  512.0  3.03  1553  537.8  1.38   746  230.5  3.33  231.0  3.32  232.4  3.28  2299  2238 1.000  38.5   4736 BDD4
31.03.2025 12:09:57  *01n 20 100TL 4  512.6  2.97  1524  537.4  1.29   698  230.3  3.46  230.9  3.44  232.2  3.43  2223  2272 1.000  38.5   4748 7776
31.03.2025 12:10:17  *01n 20 100TL 4  518.0  3.12  1620  537.1  1.38   743  230.3  3.37  230.7  3.35  232.0  3.34  2363  2307 1.000  38.5   4761 F1F7
31.03.2025 12:10:37  *01n 20 100TL 4  521.5  3.06  1597  541.1  1.39   755  230.1  3.45  230.6  3.43  232.0  3.44  2352  2323 1.000  38.5   4774 816D
31.03.2025 12:10:57  *01n 20 100TL 4  516.2  3.18  1643  530.3  1.47   781  230.2  3.49  230.7  3.50  232.0  3.45  2424  2343 1.000  38.5   4787 1461
31.03.2025 12:11:17  *01n 20 100TL 4  516.2  3.08  1593  530.3  1.36   721  230.2  3.53  230.7  3.56  232.1  3.50  2314  2368 1.000  38.5   4800 A562
31.03.2025 12:11:37  *01n 20 100TL 4  516.2  3.30  1704  540.3  1.47   796  230.7  3.49  230.1  3.47  231.3  3.47  2500  2404 0.999c  38.5   4813 13E0
31.03.2025 12:11:57  *01n 20 100TL 4  521.1  3.25  1698  540.3  1.48   804  230.3  3.50  230.7  3.49  231.6  3.46  2502  2433 1.000  38.5   4826 3ABC
31.03.2025 12:12:17  *01n 20 100TL 4  516.0  3.41  1760  530.0  1.53   813  230.2  3.66  230.7  3.64  231.6  3.63  2574  2482 1.000  38.5   4841 FA40
31.03.2025 12:12:37  *01n 20 100TL 4  510.7  3.41  1744  537.6  1.51   816  230.3  3.75  230.6  3.72  231.6  3.72  2560  2528 1.000  38.5   4855 9070
31.03.2025 12:12:57  *01n 20 100TL 4  515.6  3.36  1736  539.0  1.50   810  230.2  3.96  230.8  3.96  231.5  3.93  2546  2594 1.000  38.5   4868 F947
31.03.2025 12:13:17  *01n 20 100TL 4  515.6  3.42  1766  539.0  1.58   851  230.2  4.01  230.6  3.99  231.5  3.98  2618  2647 1.000  38.5   4883 1CF6
31.03.2025 12:13:37  *01n 20 100TL 4  520.7  3.63  1893  538.9  1.66   895  230.5  4.05  229.4  4.04  231.6  4.04  2789  2682 1.000  38.5   4898 A356
31.03.2025 12:13:57  *01n 20 100TL 4  520.6  3.47  1808  538.6  1.60   863  229.9  4.00  230.4  4.00  231.2  3.96  2671  2708 1.000  38.5   4913 23A9
31.03.2025 12:14:17  *01n 20 100TL 4  520.4  3.54  1846  538.3  1.66   895  230.3  4.09  230.6  4.08  231.7  4.06  2742  2708 1.000  38.5   4928 C03D
31.03.2025 12:14:37  *01n 20 100TL 4  515.4  3.52  1817  537.8  1.55   839  230.3  3.97  230.4  3.97  232.0  3.94  2656  2696 1.000  38.5   4943 FF33
31.03.2025 12:14:58  *01n 20 100TL 4  515.3  3.70  1910  537.6  1.63   878  230.4  3.81  231.1  3.81  231.9  3.77  2789  2677 1.000  38.6   4958 6AE3
31.03.2025 12:15:18  *01n 20 100TL 4  514.6  3.50  1803  536.8  1.55   836  230.6  3.83  231.2  3.81  232.2  3.79  2639  2662 1.000  38.6   4972 7840
31.03.2025 12:15:38  *01n 20 100TL 4  520.0  3.50  1823  537.3  1.65   886  230.8  3.99  231.2  3.99  232.4  3.94  2710  2687 1.000  38.6   4988 B0C9
31.03.2025 12:15:58  *01n 20 100TL 4  521.3  3.97  2072  537.4  1.87  1005  231.1  4.45  231.4  4.44  232.4  4.40  3077  3006 1.000  38.6   5003 3CD7
31.03.2025 12:16:18  *01n 20 100TL 4  514.5  4.32  2226  546.4  1.96  1074  231.2  4.65  231.5  4.67  232.7  4.62  3300  3207 1.000  38.6   5021 1887
31.03.2025 12:16:38  *01n 20 100TL 4  509.8  3.71  1895  547.2  1.66   910  231.2  4.08  231.5  4.05  232.6  4.05  2806  2842 1.000  38.6   5039 7551
31.03.2025 12:16:58  *01n 20 100TL 4  509.8  3.88  1982  535.8  1.75   939  230.9  4.43  231.3  4.42  232.2  4.40  2922  2931 1.000  38.6   5055 8B6A
31.03.2025 12:17:18  *01n 20 100TL 4  514.1  4.33  2232  535.9  1.98  1062  230.9  4.65  231.2  4.63  232.4  4.61  3294  3257 1.000  38.6   5073 423B
31.03.2025 12:17:38  *01n 20 100TL 4  518.0  3.93  2041  535.3  1.81   973  230.9  4.38  231.0  4.36  232.0  4.33  3015  2984 1.000  38.6   5090 8252
31.03.2025 12:17:58  *01n 20 100TL 4  518.8  3.53  1831  535.3  1.67   897  230.7  3.93  230.9  3.92  232.1  3.88  2728  2659 1.000  38.6   5105 344C
31.03.2025 12:18:18  *01n 20 100TL 4  515.0  3.25  1683  525.1  1.47   776  230.8  3.61  230.8  3.58  232.0  3.60  2459  2446 1.000  38.6   5119 BD0E
31.03.2025 12:18:38  *01n 20 100TL 4  519.8  3.04  1585  533.8  1.40   747  230.9  3.58  231.1  3.59  232.1  3.53  2333  2383 1.000  38.6   5132 AD74
31.03.2025 12:18:58  *01n 20 100TL 4  523.5  2.96  1550  544.3  1.41   770  230.9  3.55  231.4  3.55  232.3  3.50  2320  2394 1.000  38.7   5147 69DA
31.03.2025 12:19:18  *01n 20 100TL 4  524.6  2.79  1467  534.1  1.29   691  230.8  3.21  231.0  3.20  232.3  3.15  2159  2134 1.000  38.7   5159 835B
31.03.2025 12:19:38  *01n 20 100TL 4  520.1  3.01  1570  513.1  1.34   689  230.8  3.35  231.2  3.33  232.5  3.29  2259  2238 1.000  38.7   5171 90E1
31.03.2025 12:19:58  *01n 20 100TL 4  513.1  3.28  1689  522.3  1.47   772  231.4  3.59  230.9  3.57  232.2  3.55  2461  2430 1.000  38.7   5184 3D67
31.03.2025 12:20:18  *01n 20 100TL 4  513.8  2.60  1338  522.0  1.20   630  231.0  3.11  231.5  3.10  232.4  3.09  1968  2037 1.000  38.7   5196 B5C2
31.03.2025 12:20:38  *01n 20 100TL 4  501.9  2.66  1339  501.6  1.13   570  231.0  2.69  231.1  2.67  232.1  2.67  1910  1841 1.000  38.7   5208 C9FF
31.03.2025 12:20:58  *01n 20 100TL 4  501.4  2.34  1177  501.8  1.01   508  230.7  2.46  231.1  2.44  231.9  2.42  1686  1701 1.000  38.7   5218 B1D8
31.03.2025 12:21:19  *01n 20 100TL 4  501.9  2.27  1141  521.9  1.01   527  230.6  2.52  230.9  2.49  231.8  2.49  1669  1669 1.000  38.7   5228 403E
31.03.2025 12:21:39  *01n 20 100TL 4  501.8  2.12  1065  522.3  0.92   485  230.5  2.55  230.9  2.55  231.8  2.53  1550  1626 1.000  38.7   5237 7623
31.03.2025 12:21:59  *01n 20 100TL 4  510.8  2.20  1124  522.4  0.91   479  230.2  2.43  230.8  2.42  231.6  2.37  1603  1579 1.000  38.7   5246 5365
31.03.2025 12:22:19  *01n 20 100TL 4  504.0  2.25  1138  519.9  0.93   485  230.2  2.51  230.6  2.49  231.5  2.46  1623  1548 1.000  38.7   5254 D636
31.03.2025 12:22:39  *01n 20 100TL 4  503.7  2.00  1008  520.1  0.87   456  229.6  2.24  230.1  2.23  231.2  2.22  1464  1506 1.000  38.7   5263 21DF
31.03.2025 12:22:59  *01n 20 100TL 4  508.0  2.15  1095  523.1  0.90   474  229.3  2.27  230.0  2.27  231.1  2.22  1570  1475 1.000  38.7   5271 EA8A
31.03.2025 12:23:19  *01n 20 100TL 4  507.8  1.94   987  529.7  0.76   405  229.6  2.20  230.1  2.19  231.2  2.16  1393  1448 1.000  38.7   5279 A5DC
31.03.2025 12:23:39  *01n 20 100TL 4  497.8  1.93   964  521.7  0.83   434  230.0  2.09  230.3  2.06  231.4  2.05  1399  1409 1.000  38.7   5287 7DBD
31.03.2025 12:23:59  *01n 20 100TL 4  501.7  1.95   984  521.3  0.82   431  229.6  2.20  230.0  2.18  231.2  2.14  1416  1393 1.000  38.7   5295 47CB
31.03.2025 12:24:19  *01n 20 100TL 4  504.7  1.94   981  525.7  0.78   413  229.7  2.12  230.1  2.11  231.2  2.07  1394  1371 1.000  38.8   5303 4502
31.03.2025 12:24:39  *01n 20 100TL 4  504.3  1.93   978  515.2  0.78   404  230.1  2.01  230.6  1.98  231.6  1.97  1382  1344 1.000  38.8   5310 87F8
31.03.2025 12:24:59  *01n 20 100TL 4  504.1  1.87   946  525.2  0.79   419  229.9  1.97  230.2  1.95  231.3  1.93  1365  1322 1.000  38.8   5318 4CA1
31.03.2025 12:25:19  *01n 20 100TL 4  504.1  1.84   927  514.8  0.73   379  229.5  2.07  229.7  2.06  231.2  2.04  1307  1300 1.000  38.8   5325 25D9
31.03.2025 12:25:39  *01n 20 100TL 4  503.8  1.83   923  524.6  0.70   370  229.8  1.95  229.8  1.91  231.1  1.90  1293  1272 1.000  38.8   5332 29A0
31.03.2025 12:25:59  *01n 20 100TL 4  503.6  1.63   822  524.1  0.68   357  229.8  2.07  229.8  2.05  231.1  2.03  1179  1246 1.000  38.8   5339 3442
31.03.2025 12:26:19  *01n 20 100TL 4  503.3  1.61   811  524.1  0.64   335  229.5  2.01  229.7  2.00  231.1  1.99  1147  1216 1.000  38.8   5346 B4E4
31.03.2025 12:26:40  *01n 20 100TL 4  503.2  1.59   804  512.8  0.61   317  229.3  1.87  229.5  1.87  230.7  1.82  1121  1179 1.000  38.8   5353 B00F
31.03.2025 12:27:00  *01n 20 100TL 4  503.2  1.66   840  523.8  0.66   346  229.2  1.75  229.3  1.73  230.5  1.71  1187  1155 1.000  38.8   5359 57ED
31.03.2025 12:27:20  *01n 20 100TL 4  503.1  1.68   846  523.6  0.64   338  229.1  1.85  229.2  1.84  230.5  1.82  1185  1135 1.000  38.8   5366 4243
31.03.2025 12:27:40  *01n 20 100TL 4  502.2  1.59   802  513.0  0.64   329  229.2  1.76  229.4  1.76  230.1  1.72  1132  1104 1.000  38.8   5372 9131
31.03.2025 12:28:00  *01n 20 100TL 4  501.9  1.51   758  512.9  0.57   291  229.3  1.85  229.3  1.85  230.5  1.82  1049  1086 1.000  38.8   5378 99EC
31.03.2025 12:28:20  *01n 20 100TL 4  502.6  1.62   814  522.9  0.65   343  229.2  1.75  229.4  1.73  230.8  1.74  1158  1068 1.000  38.8   5384 8BE8
31.03.2025 12:28:40  *01n 20 100TL 4  501.4  1.58   796  512.5  0.61   315  229.2  1.71  229.2  1.69  230.3  1.65  1112  1039 1.000  38.8   5390 A96E
31.03.2025 12:29:00  *01n 20 100TL 4  501.5  1.50   756  522.7  0.55   291  229.3  1.75  229.4  1.73  230.5  1.73  1048  1020 1.000  38.8   5396 A7B9
31.03.2025 12:29:20  *01n 20 100TL 4  503.9  1.52   770  513.7  0.56   291  229.2  1.60  229.3  1.57  230.5  1.56  1062   996 1.000  38.8   5401 3CC3
31.03.2025 12:29:40  *01n 20 100TL 4  499.2  1.40   700  520.2  0.54   285  229.1  1.67  229.4  1.68  230.6  1.66   985   981 1.000  38.8   5407 2BD7
31.03.2025 12:30:00  *01n 20 100TL 4  498.6  1.38   689  512.8  0.52   268  229.1  1.71  229.4  1.68  230.5  1.66   958   962 1.000  38.8   5412 7589
31.03.2025 12:30:20  *01n 20 100TL 4  502.8  1.44   726  511.8  0.51   263  229.1  1.53  229.3  1.52  230.5  1.49   990   947 1.000  38.7   5417 668A
31.03.2025 12:30:40  *01n 20 100TL 4  508.8  1.37   698  520.9  0.52   271  229.1  1.55  229.5  1.53  230.6  1.48   970   935 1.000  38.7   5423 63CD
31.03.2025 12:31:00  *01n 20 100TL 4  499.0  1.40   703  510.7  0.54   279  229.4  1.53  229.7  1.52  231.0  1.48   982   923 1.000  38.8   5428 73E5
31.03.2025 12:31:20  *01n 20 100TL 4  500.5  1.45   726  520.7  0.50   265  229.2  1.45  229.2  1.43  231.0  1.41   991   920 1.000  38.8   5433 A179
31.03.2025 12:31:40  *01n 20 100TL 4  494.6  1.30   643  517.1  0.45   234  229.0  1.61  229.1  1.58  230.6  1.57   878   909 1.000  38.7   5438 10B5
31.03.2025 12:32:00  *01n 20 100TL 4  504.0  1.27   642  522.6  0.48   254  228.9  1.50  229.1  1.47  230.4  1.46   897   906 1.000  38.7   5443 397F
31.03.2025 12:32:21  *01n 20 100TL 4  506.6  1.27   646  521.5  0.46   244  229.1  1.59  228.4  1.61  229.7  1.56   891   898 1.000  38.7   5448 BFC8
31.03.2025 12:32:41  *01n 20 100TL 4  506.3  1.27   645  519.0  0.44   234  228.7  1.48  228.9  1.46  230.2  1.44   880   891 1.000  38.7   5453 CF3A
31.03.2025 12:33:01  *01n 20 100TL 4  501.5  1.23   621  520.2  0.42   222  228.5  1.42  229.0  1.38  230.0  1.37   843   880 1.000  38.7   5458 44E2
31.03.2025 12:33:21  *01n 20 100TL 4  507.9  1.24   631  519.5  0.47   248  228.7  1.53  229.1  1.53  230.2  1.51   880   877 1.000  38.7   5463 72AE
31.03.2025 12:33:41  *01n 20 100TL 4  507.7  1.33   677  529.5  0.45   242  228.6  1.48  229.0  1.46  230.2  1.44   920   863 1.000  38.7   5468 C18F
31.03.2025 12:34:01  *01n 20 100TL 4  503.3  1.35   682  521.9  0.46   245  228.9  1.49  229.2  1.48  230.2  1.45   927   863 1.000  38.7   5473 9361
31.03.2025 12:34:21  *01n 20 100TL 4  504.4  1.18   596  520.0  0.44   233  229.0  1.44  229.4  1.41  229.8  1.38   830   849 1.000  38.7   5477 7EAC
31.03.2025 12:34:41  *01n 20 100TL 4  499.5  1.17   585  519.0  0.43   225  228.7  1.39  228.9  1.37  230.3  1.37   811   843 1.000  38.7   5482 A558
31.03.2025 12:35:01  *01n 20 100TL 4  506.6  1.15   585  518.2  0.39   205  228.8  1.42  229.2  1.41  230.4  1.37   791   837 1.000  38.7   5487 790B
31.03.2025 12:35:21  *01n 20 100TL 4  508.0  1.19   604  528.3  0.41   219  228.5  1.48  229.0  1.46  230.3  1.45   823   836 1.000  38.7   5491 1C4E
31.03.2025 12:35:41  *01n 20 100TL 4  507.2  1.26   640  517.4  0.46   242  228.9  1.39  229.3  1.37  230.5  1.33   883   827 1.000  38.7   5496 BACC
31.03.2025 12:36:01  *01n 20 100TL 4  511.8  1.20   616  519.5  0.44   231  228.8  1.42  229.2  1.41  230.4  1.37   848   817 1.000  38.7   5501 5B0D
31.03.2025 12:36:21  *01n 20 100TL 4  499.7  1.13   566  518.4  0.38   199  229.7  1.45  229.0  1.43  230.4  1.38   766   813 1.000  38.7   5505 648A
31.03.2025 12:36:41  *01n 20 100TL 4  503.0  1.10   553  526.3  0.39   204  229.1  1.36  229.5  1.35  230.6  1.33   758   808 1.000  38.7   5510 1F34
31.03.2025 12:37:01  *01n 20 100TL 4  508.0  1.20   608  527.9  0.42   225  229.1  1.38  229.3  1.36  230.4  1.36   834   807 1.000  38.7   5514 89D5
31.03.2025 12:37:21  *01n 20 100TL 4  507.9  1.25   636  516.8  0.42   219  228.8  1.41  229.2  1.39  230.3  1.39   856   807 1.000  38.7   5519 251B
31.03.2025 12:37:41  *01n 20 100TL 4  506.6  1.15   584  526.0  0.39   209  228.7  1.37  229.1  1.35  230.2  1.33   793   802 1.000  38.6   5523 E723
31.03.2025 12:38:01  *01n 20 100TL 4  504.1  1.20   608  516.6  0.44   230  228.7  1.36  229.1  1.37  229.9  1.32   839   799 1.000  38.6   5528 F73A
31.03.2025 12:38:21  *01n 20 100TL 4  509.9  1.08   550  520.8  0.39   204  228.6  1.46  229.0  1.43  230.3  1.42   755   801 1.000  38.6   5532 F272
31.03.2025 12:38:42  *01n 20 100TL 4  509.6  1.24   634  530.8  0.42   225  228.6  1.43  229.2  1.41  230.1  1.40   860   802 1.000  38.6   5537 5066
31.03.2025 12:39:02  *01n 20 100TL 4  499.2  1.19   596  530.7  0.41   222  228.6  1.37  229.4  1.32  230.2  1.28   819   799 1.000  38.6   5541 4EE8
31.03.2025 12:39:22  *01n 20 100TL 4  499.0  1.14   569  530.5  0.40   216  228.6  1.44  229.3  1.43  230.0  1.40   785   802 1.000  38.6   5546 1A82
31.03.2025 12:39:42  *01n 20 100TL 4  498.8  1.27   637  519.5  0.42   222  228.5  1.41  229.1  1.41  229.9  1.38   860   807 1.000  38.6   5550 27F5
31.03.2025 12:40:02  *01n 20 100TL 4  498.6  1.25   627  530.0  0.42   227  228.4  1.47  228.8  1.45  229.8  1.43   854   807 1.000  38.6   5555 D0E4
31.03.2025 12:40:22  *01n 20 100TL 4  508.5  1.20   614  529.5  0.44   234  228.3  1.48  228.6  1.47  229.8  1.42   849   814 1.000  38.6   5559 56E6
31.03.2025 12:40:42  *01n 20 100TL 4  507.7  1.23   627  529.3  0.44   236  228.2  1.48  228.8  1.47  229.5  1.45   863   816 1.000  38.6   5564 A042
31.03.2025 12:41:02  *01n 20 100TL 4  498.1  1.19   593  529.2  0.39   210  228.2  1.47  228.8  1.47  229.7  1.46   804   808 1.000  38.6   5568 9DD7
31.03.2025 12:41:22  *01n 20 100TL 4  507.6  1.16   593  518.4  0.39   205  228.3  1.47  228.8  1.45  230.0  1.44   799   810 1.000  38.6   5573 FA76
31.03.2025 12:41:42  *01n 20 100TL 4  517.2  1.15   596  528.6  0.43   231  228.2  1.38  228.6  1.37  229.7  1.33   828   799 1.000  38.5   5577 2327
31.03.2025 12:42:02  *01n 20 100TL 4  507.0  1.26   642  528.1  0.43   227  228.1  1.45  228.3  1.44  229.7  1.43   869   808 1.000  38.5   5582 7001
31.03.2025 12:42:22  *01n 20 100TL 4  506.8  1.14   578  528.0  0.39   209  228.0  1.37  228.5  1.36  229.7  1.34   787   799 1.000  38.5   5586 FBC7
31.03.2025 12:42:42  *01n 20 100TL 4  506.5  1.08   552  527.7  0.38   202  228.0  1.43  228.7  1.42  229.9  1.41   755   798 1.000  38.5   5591 04F1
31.03.2025 12:43:02  *01n 20 100TL 4  514.9  1.08   561  527.3  0.39   207  228.0  1.38  228.2  1.37  229.4  1.35   769   791 1.000  38.5   5595 E6D7
31.03.2025 12:43:22  *01n 20 100TL 4  505.5  1.12   570  527.9  0.39   207  228.2  1.43  228.4  1.40  229.7  1.39   778   794 1.000  38.5   5599 FFD3
31.03.2025 12:43:42  *01n 20 100TL 4  505.9  1.15   581  526.8  0.38   201  228.0  1.37  228.4  1.34  229.3  1.33   782   790 1.000  38.5   5604 FB5B
31.03.2025 12:44:02  *01n 20 100TL 4  505.5  1.16   592  537.0  0.41   221  228.0  1.37  228.2  1.36  229.3  1.32   813   787 1.000  38.5   5608 B85B
31.03.2025 12:44:22  *01n 20 100TL 4  505.1  1.10   558  526.5  0.39   207  228.3  1.36  228.7  1.35  229.8  1.33   766   787 1.000  38.5   5613 3221
31.03.2025 12:44:43  *01n 20 100TL 4  505.1  1.15   585  526.3  0.38   202  228.7  1.41  229.0  1.39  230.0  1.39   788   790 1.000  38.5   5617 6E7C
31.03.2025 12:45:03  *01n 20 100TL 4  514.7  1.14   587  525.9  0.42   221  228.6  1.40  228.4  1.39  230.2  1.35   808   784 1.000  38.5   5621 D424
31.03.2025 12:45:23  *01n 20 100TL 4  506.7  1.11   564  527.0  0.39   209  228.5  1.39  228.7  1.39  230.0  1.35   773   785 1.000  38.5   5626 F2E5
31.03.2025 12:45:43  *01n 20 100TL 4  512.7  1.17   602  524.6  0.39   207  228.7  1.44  229.1  1.43  230.2  1.42   810   784 1.000  38.5   5630 AF29
31.03.2025 12:46:03  *01n 20 100TL 4  512.3  1.20   617  534.6  0.39   210  228.5  1.36  229.0  1.35  230.1  1.32   828   781 1.000  38.5   5635 43CE
31.03.2025 12:46:23  *01n 20 100TL 4  504.1  1.13   570  523.9  0.40   213  228.6  1.40  229.1  1.39  229.9  1.37   784   775 1.000  38.5   5639 C4E8
31.03.2025 12:46:43  *01n 20 100TL 4  504.0  1.14   575  534.3  0.39   213  228.6  1.43  229.0  1.44  230.1  1.40   788   770 1.000  38.4   5643 1E38
31.03.2025 12:47:03  *01n 20 100TL 4  514.6  1.19   611  524.7  0.39   205  228.5  1.37  228.9  1.35  229.9  1.32   817   766 1.000  38.4   5647 F090
31.03.2025 12:47:23  *01n 20 100TL 4  503.1  1.06   537  534.4  0.37   199  228.1  1.37  228.3  1.36  229.4  1.35   737   755 1.000  38.4   5652 92D3
31.03.2025 12:47:43  *01n 20 100TL 4  507.6  1.01   515  529.0  0.36   193  228.0  1.34  228.2  1.31  229.4  1.31   709   752 1.000  38.4   5656 E3C2
31.03.2025 12:48:03  *01n 20 100TL 4  507.5  1.12   573  528.8  0.37   201  228.0  1.41  228.4  1.41  229.2  1.37   775   752 1.000  38.4   5660 51DA
31.03.2025 12:48:23  *01n 20 100TL 4  507.3  1.08   550  526.8  0.34   181  227.9  1.40  228.7  1.41  229.6  1.36   732   746 1.000  38.4   5664 3AED
31.03.2025 12:48:43  *01n 20 100TL 4  506.8  1.03   523  506.8  0.37   187  228.0  1.35  228.6  1.35  229.5  1.33   711   733 1.000  38.4   5668 DE1A
31.03.2025 12:49:03  *01n 20 100TL 4  506.3  1.01   515  486.9  0.34   167  228.0  1.35  228.5  1.34  229.2  1.32   683   720 1.000  38.4   5672 4058
31.03.2025 12:49:23  *01n 20 100TL 4  507.1  1.10   560  466.8  0.36   169  227.4  1.21  228.3  1.22  229.1  1.20   729   706 1.000  38.4   5676 6C22
31.03.2025 12:49:43  *01n 20 100TL 4  506.2  0.98   500  447.8  0.35   155  227.6  1.25  228.2  1.24  229.1  1.24   656   694 1.000  38.4   5680 A72F
31.03.2025 12:50:03  *01n 20 100TL 4  505.7  1.06   538  428.0  0.39   166  227.4  1.24  228.2  1.23  229.1  1.22   704   680 1.000  38.4   5684 F72A
31.03.2025 12:50:23  *01n 20 100TL 4  505.8  1.01   511  407.8  0.34   140  228.0  1.26  227.7  1.22  229.2  1.22   651   666 1.000  38.4   5688 D6E1
31.03.2025 12:50:43  *01n 20 100TL 4  505.3  1.01   511  387.8  0.33   131  227.8  1.23  228.3  1.22  229.3  1.20   642   651 1.000  38.4   5691 73D9
31.03.2025 12:51:03  *01n 20 100TL 4  505.0  1.08   549  367.9  0.40   146  227.7  1.13  228.1  1.13  228.8  1.11   695   639 1.000  38.4   5695 DEDA
31.03.2025 12:51:24  *01n 20 100TL 4  515.0  0.92   477  347.8  0.34   120  227.7  1.24  228.3  1.22  229.1  1.22   598   624 1.000  38.4   5699 D8E8
31.03.2025 12:51:44  *01n 20 100TL 4  504.6  0.99   503  327.9  0.35   114  227.9  1.21  227.5  1.19  228.8  1.19   617   614 1.000  38.4   5702 ADDC
31.03.2025 12:52:04  *01n 20 100TL 4  506.8  1.06   538  308.7  0.36   111  227.2  1.24  227.9  1.20  228.9  1.20   650   601 1.000  38.3   5705 0435
31.03.2025 12:52:24  *01n 20 100TL 4  506.6  0.92   465  288.7  0.35   100  227.4  1.21  227.8  1.20  228.8  1.20   566   588 1.000  38.3   5709 4584
31.03.2025 12:52:44  *01n 20 100TL 4  506.1  0.95   482  268.6  0.34    91  227.4  1.17  227.8  1.15  228.8  1.16   573   575 1.000  38.3   5712 4A06
31.03.2025 12:53:04  *01n 20 100TL 4  505.5  0.99   503  248.7  0.35    86  227.4  1.05  227.9  1.05  228.6  1.04   590   561 1.000  38.3   5715 AD53
31.03.2025 12:53:24  *01n 20 100TL 4  505.3  1.00   508  228.6  0.38    85  227.0  1.10  227.6  1.09  228.2  1.10   593   549 1.000  38.3   5718 24AB
31.03.2025 12:53:44  *01n 20 100TL 4  511.1  0.98   502  216.8  0.36    77  229.8  1.17  230.4  1.17  231.1  1.15   579   546 1.000  38.3   5721 9921
31.03.2025 12:54:04  *01n 20 100TL 4  510.9  0.93   473  217.0  0.32    68  230.1  1.08  230.6  1.07  231.1  1.04   541   543 1.000  38.3   5724 59C1
31.03.2025 12:54:24  *01n 20 100TL 4  507.6  0.88   447  216.7  0.30    65  230.1  1.17  230.6  1.15  231.1  1.14   512   546 1.000  38.3   5727 D6C4
31.03.2025 12:54:44  *01n 20 100TL 4  517.4  0.98   509  216.8  0.39    82  230.3  1.03  230.8  1.04  231.5  1.02   592   541 1.000  38.3   5730 1CCB
31.03.2025 12:55:04  *01n 20 100TL 4  507.0  0.93   476  216.7  0.33    71  230.7  1.15  231.0  1.12  231.7  1.13   547   546 0.999i  38.3   5733 09DD
31.03.2025 12:55:24  *01n 20 100TL 4  506.7  0.84   425  216.7  0.30    64  230.6  1.10  231.4  1.09  231.8  1.06   489   543 1.000  38.3   5736 17A1
31.03.2025 12:55:44  *01n 20 100TL 4  506.6  1.01   511  216.7  0.39    83  230.4  1.10  230.7  1.06  231.5  1.03   595   547 1.000  38.3   5739 C2B0
31.03.2025 12:56:04  *01n 20 100TL 4  516.3  1.01   521  216.8  0.39    83  230.9  1.08  230.5  1.08  231.3  1.05   605   547 1.000  38.3   5743 51C6
31.03.2025 12:56:24  *01n 20 100TL 4  514.8  0.99   514  216.8  0.35    76  230.4  1.06  231.1  1.04  231.5  1.02   590   552 1.000  38.3   5746 944E
31.03.2025 12:56:44  *01n 20 100TL 4  514.5  0.89   462  216.9  0.32    70  230.0  1.07  230.7  1.06  231.3  1.04   532   553 1.000  38.3   5749 9F8A
31.03.2025 12:57:04  *01n 20 100TL 4  504.2  1.03   521  217.0  0.40    85  230.3  1.14  230.6  1.14  231.3  1.13   607   556 1.000  38.3   5752 3FE2
31.03.2025 12:57:24  *01n 20 100TL 4  503.7  0.94   476  216.9  0.36    77  230.2  1.13  230.9  1.11  231.7  1.05   553   558 1.000  38.3   5755 0D9C
31.03.2025 12:57:44  *01n 20 100TL 4  506.1  0.90   460  216.6  0.32    70  230.0  1.20  230.8  1.19  231.5  1.15   531   566 1.000  38.3   5758 CB6C
31.03.2025 12:58:05  *01n 20 100TL 4  503.7  1.04   529  216.9  0.40    85  230.7  1.11  230.7  1.08  232.0  1.08   614   563 1.000  38.3   5761 986E
31.03.2025 12:58:25  *01n 20 100TL 4  505.2  0.95   483  216.5  0.35    76  230.4  1.17  231.3  1.16  232.3  1.14   560   569 1.000  38.3   5764 ADFA
31.03.2025 12:58:45  *01n 20 100TL 4  499.1  1.07   534  216.7  0.38    82  230.3  1.09  231.1  1.08  232.1  1.09   616   570 1.000  38.2   5767 EEFF
31.03.2025 12:59:05  *01n 20 100TL 4  508.8  1.00   509  216.7  0.35    76  230.2  1.19  231.1  1.19  231.8  1.17   585   576 1.000  38.2   5771 9866
31.03.2025 12:59:25  *01n 20 100TL 4  508.6  1.02   521  216.6  0.40    85  230.5  1.07  231.5  1.06  232.3  1.04   607   576 1.000  38.2   5774 3560
31.03.2025 12:59:45  *01n 20 100TL 4  508.3  1.08   550  216.7  0.41    90  230.8  1.04  231.3  1.02  232.2  1.02   640   579 1.000  38.2   5777 35B7
31.03.2025 13:00:05  *01n 20 100TL 4  507.9  0.90   462  216.7  0.32    68  230.6  1.19  231.2  1.18  232.0  1.19   531   584 1.000  38.2   5780 FFB8
31.03.2025 13:00:25  *01n 20 100TL 4  507.7  0.93   473  216.8  0.36    79  230.6  1.20  231.2  1.17  232.3  1.17   552   584 1.000  38.2   5784 8290
31.03.2025 13:00:45  *01n 20 100TL 4  507.5  1.05   537  216.7  0.38    83  230.8  1.19  231.2  1.15  232.1  1.16   621   588 1.000  38.2   5787 B666
31.03.2025 13:01:05  *01n 20 100TL 4  506.9  1.05   535  216.7  0.38    82  230.7  1.09  231.1  1.08  231.9  1.09   617   584 1.000  38.2   5790 8701
31.03.2025 13:01:25  *01n 20 100TL 4  507.0  1.07   547  216.7  0.39    83  230.5  1.24  231.1  1.22  231.8  1.22   631   587 1.000  38.2   5793 607A
31.03.2025 13:01:45  *01n 20 100TL 4  506.9  0.92   466  216.8  0.36    77  230.2  1.21  230.7  1.21  231.7  1.19   544   590 1.000  38.2   5797 3D5B
31.03.2025 13:02:05  *01n 20 100TL 4  506.4  1.08   546  216.7  0.39    85  230.4  1.14  231.0  1.11  231.6  1.11   631   590 1.000  38.2   5800 B83E
31.03.2025 13:02:25  *01n 20 100TL 4  506.3  1.10   560  216.7  0.41    88  230.5  1.18  230.9  1.17  231.7  1.17   648   595 1.000  38.2   5803 3D32
31.03.2025 13:02:45  *01n 20 100TL 4  516.0  1.07   555  216.8  0.43    91  230.7  1.20  230.6  1.20  232.0  1.19   646   598 1.000  38.2   5807 AD30
31.03.2025 13:03:05  *01n 20 100TL 4  515.8  0.96   495  216.7  0.38    82  230.5  1.10  231.2  1.09  231.7  1.07   578   598 1.000  38.2   5810 4D7B
31.03.2025 13:03:25  *01n 20 100TL 4  515.8  1.06   550  216.8  0.39    85  230.5  1.11  231.2  1.09  231.7  1.08   636   599 1.000  38.2   5813 1BFA
31.03.2025 13:03:45  *01n 20 100TL 4  515.3  1.00   518  216.6  0.38    82  230.5  1.22  230.3  1.19  231.5  1.18   601   604 1.000  38.2   5816 CE72
31.03.2025 13:04:05  *01n 20 100TL 4  514.8  1.11   576  216.8  0.44    94  230.3  1.22  230.9  1.22  231.5  1.22   671   607 1.000  38.2   5820 4186
31.03.2025 13:04:25  *01n 20 100TL 4  514.6  1.13   585  216.7  0.41    88  230.2  1.22  230.7  1.21  231.7  1.21   674   608 1.000  38.2   5823 7341
31.03.2025 13:04:46  *01n 20 100TL 4  514.3  1.04   538  216.7  0.37    80  229.8  1.22  230.3  1.21  231.2  1.19   619   607 1.000  38.2   5827 BB4B
31.03.2025 13:05:06  *01n 20 100TL 4  504.1  1.04   529  216.7  0.42    91  229.9  1.09  230.7  1.08  231.2  1.08   621   604 1.000  38.2   5830 418A
31.03.2025 13:05:26  *01n 20 100TL 4  514.5  1.08   556  216.6  0.43    94  230.1  1.16  230.7  1.15  231.4  1.12   651   608 1.000  38.2   5833 07D7
31.03.2025 13:05:46  *01n 20 100TL 4  513.4  0.93   482  216.7  0.35    74  230.0  1.25  230.4  1.23  231.4  1.23   556   614 1.000  38.1   5837 20A8
31.03.2025 13:06:06  *01n 20 100TL 4  513.6  1.08   558  216.7  0.39    85  230.2  1.16  230.3  1.15  231.4  1.15   643   611 1.000  38.2   5840 068C
31.03.2025 13:06:26  *01n 20 100TL 4  513.1  1.11   573  216.7  0.45    97  230.2  1.20  230.4  1.20  231.6  1.19   671   617 1.000  38.2   5844 BFB3
31.03.2025 13:06:46  *01n 20 100TL 4  512.9  1.11   569  216.6  0.41    90  230.2  1.18  229.8  1.17  231.4  1.13   659   616 1.000  38.1   5847 E719
31.03.2025 13:07:06  *01n 20 100TL 4  512.5  1.09   561  216.8  0.39    85  229.8  1.15  230.3  1.13  231.2  1.11   646   616 1.000  38.1   5850 5CA4
31.03.2025 13:07:26  *01n 20 100TL 4  512.3  1.07   550  216.7  0.43    93  229.9  1.14  230.5  1.14  231.3  1.11   643   619 1.000  38.1   5854 2C02
31.03.2025 13:07:46  *01n 20 100TL 4  511.7  1.01   520  216.8  0.40    86  230.0  1.26  230.6  1.24  231.3  1.22   607   624 1.000  38.1   5857 82F5
31.03.2025 13:08:06  *01n 20 100TL 4  521.7  1.01   532  216.6  0.38    82  229.9  1.25  230.7  1.22  231.4  1.19   614   619 1.000  38.1   5861 61BF
31.03.2025 13:08:26  *01n 20 100TL 4  511.5  1.12   573  216.7  0.42    91  230.3  1.20  230.9  1.19  231.4  1.15   665   625 1.000  38.1   5864 8E74
31.03.2025 13:08:46  *01n 20 100TL 4  511.3  1.01   517  216.7  0.39    83  230.2  1.26  231.0  1.24  231.6  1.23   601   628 1.000  38.1   5868 B951
31.03.2025 13:09:06  *01n 20 100TL 4  521.1  1.07   563  216.8  0.42    91  230.5  1.26  231.3  1.24  231.7  1.22   654   627 1.000  38.1   5871 3274
31.03.2025 13:09:26  *01n 20 100TL 4  510.5  1.07   549  216.7  0.39    83  230.5  1.17  231.0  1.14  231.8  1.13   633   630 1.000  38.1   5875 2218
31.03.2025 13:09:46  *01n 20 100TL 4  510.3  1.00   515  216.7  0.40    86  229.8  1.23  230.9  1.22  231.4  1.23   602   636 1.000  38.1   5878 1034
31.03.2025 13:10:06  *01n 20 100TL 4  520.0  1.01   531  216.7  0.42    90  229.8  1.25  230.7  1.25  231.3  1.24   621   636 1.000  38.1   5882 EF5D
31.03.2025 13:10:26  *01n 20 100TL 4  510.1  1.04   534  216.7  0.41    88  230.1  1.27  230.9  1.25  231.5  1.26   622   637 1.000  38.1   5885 3B5F
31.03.2025 13:10:46  *01n 20 100TL 4  519.7  1.06   553  216.7  0.41    86  229.8  1.25  230.9  1.23  231.0  1.22   640   637 1.000  38.1   5889 C8F1
31.03.2025 13:11:06  *01n 20 100TL 4  519.5  1.08   566  216.7  0.45    96  229.9  1.12  230.8  1.11  231.5  1.10   662   640 1.000  38.1   5893 4613
31.03.2025 13:11:27  *01n 20 100TL 4  509.1  1.15   587  216.7  0.42    91  230.0  1.20  230.9  1.19  231.7  1.17   679   642 1.000  38.1   5896 9FA7
31.03.2025 13:11:47  *01n 20 100TL 4  508.7  1.09   556  216.8  0.42    88  229.9  1.21  230.6  1.20  231.6  1.17   645   643 1.000  38.1   5900 9D0C
31.03.2025 13:12:07  *01n 20 100TL 4  518.8  1.08   563  216.6  0.44    96  230.1  1.26  230.2  1.26  231.7  1.25   659   651 1.000  38.1   5903 3BE7
31.03.2025 13:12:27  *01n 20 100TL 4  508.3  1.09   555  216.6  0.43    93  229.8  1.20  230.2  1.18  231.8  1.17   648   648 1.000  38.1   5907 E881
31.03.2025 13:12:47  *01n 20 100TL 4  517.9  1.11   576  216.7  0.42    91  229.7  1.12  230.4  1.11  231.4  1.10   668   651 1.000  38.1   5911 0410
31.03.2025 13:13:07  *01n 20 100TL 4  517.7  1.05   546  216.6  0.43    94  229.7  1.20  230.0  1.20  231.5  1.19   640   653 1.000  38.1   5914 08F7
31.03.2025 13:13:27  *01n 20 100TL 4  507.5  1.07   546  216.7  0.43    94  230.0  1.28  230.7  1.27  231.4  1.23   640   654 1.000  38.1   5918 AC7A
31.03.2025 13:13:47  *01n 20 100TL 4  517.2  1.09   566  216.7  0.42    90  229.8  1.18  230.6  1.18  231.4  1.19   656   656 1.000  38.0   5921 B25E
31.03.2025 13:14:07  *01n 20 100TL 4  517.0  1.15   596  216.8  0.43    93  229.9  1.25  230.5  1.26  231.4  1.25   689   660 1.000  38.0   5925 0538
31.03.2025 13:14:27  *01n 20 100TL 4  514.8  1.10   570  216.9  0.42    90  229.8  1.29  230.4  1.30  231.5  1.29   660   662 1.000  38.0   5929 CA8C
31.03.2025 13:14:47  *01n 20 100TL 4  514.9  1.09   564  217.0  0.45    97  229.7  1.28  230.8  1.26  231.5  1.26   662   666 1.000  38.0   5932 3D01
31.03.2025 13:15:07  *01n 20 100TL 4  507.5  1.09   555  216.6  0.41    86  230.0  1.22  230.8  1.20  231.4  1.19   642   663 1.000  38.0   5936 8E58
31.03.2025 13:15:27  *01n 20 100TL 4  514.3  1.16   601  216.9  0.46   100  229.5  1.21  230.5  1.20  231.3  1.18   701   668 1.000  38.0   5940 CE52
31.03.2025 13:15:47  *01n 20 100TL 4  506.7  1.09   553  216.6  0.44    96  229.6  1.27  230.6  1.25  231.3  1.25   650   668 1.000  38.0   5944 7F7A
31.03.2025 13:16:07  *01n 20 100TL 4  506.7  1.13   573  216.7  0.43    91  229.8  1.21  230.8  1.21  231.5  1.18   665   669 1.000  38.0   5947 9446
31.03.2025 13:16:27  *01n 20 100TL 4  516.5  1.13   585  216.8  0.43    94  229.9  1.19  230.6  1.18  231.5  1.17   680   675 1.000  38.0   5951 471B
31.03.2025 13:16:47  *01n 20 100TL 4  510.0  1.05   537  216.6  0.44    94  230.1  1.22  230.0  1.20  231.4  1.17   631   677 1.000  38.0   5955 8586
31.03.2025 13:17:07  *01n 20 100TL 4  520.1  1.16   605  216.8  0.49   106  230.2  1.26  231.1  1.26  231.7  1.23   712   682 1.000  38.0   5959 3D62
31.03.2025 13:17:27  *01n 20 100TL 4  519.5  1.19   621  216.7  0.46   100  230.0  1.25  231.0  1.24  231.8  1.20   721   686 1.000  38.0   5962 4411
31.03.2025 13:17:47  *01n 20 100TL 4  517.3  1.18   613  216.8  0.48   105  229.7  1.31  230.7  1.32  231.5  1.29   718   692 1.000  38.0   5966 FC29
31.03.2025 13:18:08  *01n 20 100TL 4  515.9  1.12   581  216.8  0.47   103  230.6  1.35  230.2  1.33  231.3  1.30   685   701 1.000  38.0   5970 1253
31.03.2025 13:18:28  *01n 20 100TL 4  515.0  1.18   608  216.7  0.46   100  229.8  1.33  230.8  1.32  231.6  1.31   709   706 1.000  38.0   5974 11A5
31.03.2025 13:18:48  *01n 20 100TL 4  514.4  1.19   616  216.7  0.48   105  229.7  1.28  230.7  1.27  231.4  1.25   721   708 1.000  38.0   5978 DC4B
31.03.2025 13:19:08  *01n 20 100TL 4  518.4  1.11   579  216.6  0.47   102  230.1  1.35  229.9  1.32  231.3  1.33   682   717 1.000  38.0   5982 970D
31.03.2025 13:19:28  *01n 20 100TL 4  519.8  1.23   640  216.8  0.51   111  229.7  1.26  230.4  1.25  231.4  1.23   752   720 1.000  38.0   5986 D11C
31.03.2025 13:19:48  *01n 20 100TL 4  519.6  1.24   645  216.7  0.49   105  229.9  1.26  230.4  1.24  231.2  1.22   750   730 1.000  38.0   5990 887A
31.03.2025 13:20:08  *01n 20 100TL 4  510.4  1.29   662  216.6  0.55   120  230.6  1.36  230.2  1.33  231.4  1.33   782   738 1.000  38.0   5994 EBD8
31.03.2025 13:20:28  *01n 20 100TL 4  513.5  1.26   646  216.7  0.53   114  230.0  1.37  230.6  1.35  231.7  1.33   761   744 1.000  38.0   5998 40E1
31.03.2025 13:20:48  *01n 20 100TL 4  512.4  1.23   634  216.7  0.49   105  230.1  1.39  230.7  1.37  231.7  1.36   740   755 1.000  38.0   6002 CA7B
31.03.2025 13:21:08  *01n 20 100TL 4  516.7  1.33   688  216.7  0.53   112  229.8  1.34  230.6  1.31  231.5  1.30   801   761 1.000  38.0   6007 30D6
31.03.2025 13:21:28  *01n 20 100TL 4  516.4  1.24   640  216.5  0.54   117  230.7  1.32  230.3  1.30  231.5  1.28   758   770 1.000  38.0   6011 B4B0
31.03.2025 13:21:48  *01n 20 100TL 4  526.5  1.19   631  216.6  0.54   115  229.9  1.35  230.4  1.31  231.4  1.29   747   770 1.000  38.0   6015 ADDD
31.03.2025 13:22:08  *01n 20 100TL 4  517.7  1.27   662  216.7  0.51   111  230.2  1.45  230.9  1.43  231.8  1.42   773   788 1.000  38.0   6019 6AD3
31.03.2025 13:22:28  *01n 20 100TL 4  511.9  1.27   653  216.3  0.55   119  230.2  1.41  231.0  1.40  231.6  1.37   772   798 1.000  38.0   6024 1DB9
31.03.2025 13:22:48  *01n 20 100TL 4  521.7  1.40   732  216.6  0.59   128  230.4  1.40  231.3  1.40  231.8  1.37   860   810 1.000  38.0   6029 0DFA
31.03.2025 13:23:08  *01n 20 100TL 4  519.4  1.47   764  216.6  0.59   128  230.4  1.44  231.4  1.43  231.9  1.42   892   823 1.000  38.0   6033 F5C7
31.03.2025 13:23:28  *01n 20 100TL 4  514.6  1.34   694  216.7  0.54   115  230.2  1.42  231.0  1.46  231.9  1.45   839   831 1.000  38.0   6038 7427
31.03.2025 13:23:48  *01n 20 100TL 4  514.4  1.42   733  216.7  0.64   137  229.8  1.51  231.0  1.51  231.5  1.48   871   843 1.000  38.0   6042 8397
31.03.2025 13:24:09  *01n 20 100TL 4  503.9  1.49   753  216.8  0.63   137  230.1  1.39  231.1  1.37  231.7  1.34   891   840 1.000  38.0   6047 80F0
31.03.2025 13:24:29  *01n 20 100TL 4  523.9  1.37   721  216.6  0.57   125  230.3  1.52  231.0  1.51  231.9  1.51   846   860 1.000  38.0   6052 CB7A
31.03.2025 13:24:49  *01n 20 100TL 4  515.3  1.40   726  216.7  0.64   137  230.6  1.45  230.4  1.44  231.6  1.41   863   869 1.000  38.0   6057 C100
31.03.2025 13:25:09  *01n 20 100TL 4  515.6  1.42   733  216.8  0.60   129  229.8  1.58  230.9  1.58  231.5  1.55   863   883 1.000  38.0   6061 9705
31.03.2025 13:25:29  *01n 20 100TL 4  520.1  1.59   828  216.6  0.66   143  229.8  1.58  230.8  1.56  231.6  1.56   971   894 1.000  38.0   6066 B005
31.03.2025 13:25:49  *01n 20 100TL 4  512.8  1.55   796  216.8  0.66   143  229.8  1.54  230.7  1.53  231.4  1.49   939   895 1.000  38.0   6071 2D9C
31.03.2025 13:26:09  *01n 20 100TL 4  512.5  1.59   816  216.8  0.72   155  229.7  1.50  230.8  1.47  231.5  1.46   971   906 1.000  38.0   6076 8A36
31.03.2025 13:26:29  *01n 20 100TL 4  512.2  1.50   772  216.7  0.64   137  229.6  1.61  230.8  1.61  231.6  1.57   909   918 1.000  38.0   6081 0AF1
31.03.2025 13:26:49  *01n 20 100TL 4  511.9  1.51   773  216.7  0.65   140  229.8  1.52  230.8  1.49  231.5  1.48   914   926 1.000  38.0   6087 B28D
31.03.2025 13:27:09  *01n 20 100TL 4  522.1  1.50   785  216.7  0.68   149  230.0  1.48  231.1  1.48  231.7  1.46   935   939 1.000  38.0   6092 4850
31.03.2025 13:27:29  *01n 20 100TL 4  521.7  1.69   885  216.8  0.76   164  230.0  1.63  231.1  1.60  232.0  1.61  1049   953 1.000  38.0   6097 0720
31.03.2025 13:27:49  *01n 20 100TL 4  511.0  1.70   871  216.6  0.71   152  230.2  1.50  231.1  1.48  231.7  1.46  1023   955 1.000  38.0   6103 D02E
31.03.2025 13:28:09  *01n 20 100TL 4  522.2  1.66   868  216.8  0.71   154  229.5  1.51  230.6  1.50  231.3  1.48  1022   970 1.000  38.0   6108 30C1
31.03.2025 13:28:29  *01n 20 100TL 4  521.7  1.51   791  216.7  0.70   151  229.5  1.62  230.3  1.60  231.4  1.57   943   981 1.000  38.0   6113 E889
31.03.2025 13:28:49  *01n 20 100TL 4  521.6  1.60   834  216.9  0.69   149  229.5  1.55  230.5  1.52  231.4  1.51   984   993 1.000  38.0   6119 C2C1
31.03.2025 13:29:09  *01n 20 100TL 4  521.4  1.62   848  216.7  0.69   149  229.7  1.76  230.7  1.73  231.6  1.71   997  1010 1.000  38.0   6124 CD7A
31.03.2025 13:29:29  *01n 20 100TL 4  519.3  1.60   834  216.7  0.74   160  229.9  1.74  230.7  1.73  231.8  1.72   994  1023 1.000  38.0   6130 B0B3
31.03.2025 13:29:49  *01n 20 100TL 4  518.7  1.72   892  216.7  0.75   161  229.3  1.78  230.3  1.77  231.3  1.76  1054  1036 1.000  38.0   6136 0F68
31.03.2025 13:30:09  *01n 20 100TL 4  524.4  1.80   946  216.8  0.78   170  229.7  1.66  230.6  1.62  231.5  1.62  1116  1043 1.000  38.0   6141 1AFD
31.03.2025 13:30:29  *01n 20 100TL 4  514.0  1.69   874  216.7  0.77   166  229.8  1.61  230.6  1.59  231.7  1.56  1040  1052 1.000  38.0   6147 0FFC
31.03.2025 13:30:50  *01n 20 100TL 4  523.9  1.76   924  216.7  0.83   180  230.4  1.81  230.6  1.80  232.0  1.78  1104  1074 1.000  38.0   6153 4280
31.03.2025 13:31:10  *01n 20 100TL 4  523.6  1.74   912  216.7  0.75   164  230.2  1.76  231.1  1.75  232.0  1.71  1077  1083 1.000  38.0   6159 B580
31.03.2025 13:31:30  *01n 20 100TL 4  523.4  1.75   918  216.7  0.79   169  230.3  1.79  231.0  1.77  232.2  1.73  1087  1098 1.000  38.0   6165 3A7D
31.03.2025 13:31:50  *01n 20 100TL 4  523.1  1.77   929  216.8  0.83   180  229.7  1.77  230.5  1.74  231.6  1.72  1109  1113 1.000  38.0   6171 D6B2
31.03.2025 13:32:10  *01n 20 100TL 4  512.5  1.96  1005  216.8  0.85   183  230.2  1.75  231.0  1.73  231.9  1.72  1188  1120 1.000  38.0   6178 328C
31.03.2025 13:32:30  *01n 20 100TL 4  523.2  1.85   970  217.0  0.81   175  230.3  1.90  231.1  1.89  232.2  1.87  1145  1142 1.000  38.0   6184 4C14
31.03.2025 13:32:50  *01n 20 100TL 4  522.9  1.88   984  216.8  0.89   193  230.0  1.92  231.2  1.90  232.1  1.89  1177  1159 1.000  38.0   6190 9AFE
31.03.2025 13:33:10  *01n 20 100TL 4  511.7  1.91   982  216.6  0.89   193  230.2  1.94  230.9  1.95  231.3  1.91  1176  1164 1.000  38.0   6197 76A9
31.03.2025 13:33:30  *01n 20 100TL 4  522.3  2.05  1074  216.7  0.92   201  230.1  1.93  230.7  1.91  232.0  1.89  1275  1188 1.000  38.0   6203 C636
31.03.2025 13:33:50  *01n 20 100TL 4  522.0  1.96  1026  216.7  0.88   190  230.3  1.83  230.3  1.80  231.8  1.77  1217  1205 1.000  38.0   6210 AF7E
31.03.2025 13:34:10  *01n 20 100TL 4  511.0  2.09  1071  216.9  0.99   216  230.3  1.92  231.1  1.92  232.0  1.86  1287  1210 1.000  38.0   6217 525C
31.03.2025 13:34:30  *01n 20 100TL 4  521.2  1.93  1010  216.7  0.86   187  230.2  1.96  231.3  1.96  232.3  1.90  1197  1242 1.000  38.0   6224 A2D7
31.03.2025 13:34:50  *01n 20 100TL 4  533.6  2.09  1115  216.9  1.01   219  230.4  1.97  231.3  1.96  232.2  1.96  1335  1245 1.000  38.0   6230 9DE1
31.03.2025 13:35:10  *01n 20 100TL 4  522.2  2.02  1060  216.8  0.96   209  230.7  2.01  231.4  2.02  232.2  1.97  1269  1281 1.000  38.0   6238 4550
31.03.2025 13:35:30  *01n 20 100TL 4  529.4  2.04  1084  216.8  0.99   215  230.5  2.12  231.4  2.11  232.1  2.09  1300  1298 1.000  38.0   6245 1BB9
31.03.2025 13:35:50  *01n 20 100TL 4  518.9  2.26  1176  216.7  1.01   218  231.0  2.16  231.4  2.13  231.9  2.11  1394  1326 1.000  38.0   6252 2A76
31.03.2025 13:36:10  *01n 20 100TL 4  519.3  2.15  1116  232.2  0.99   231  230.8  2.14  231.0  2.11  232.4  2.11  1348  1367 1.000  38.0   6260 D22E
31.03.2025 13:36:30  *01n 20 100TL 4  529.2  2.20  1164  246.5  1.07   265  231.0  2.17  231.6  2.17  232.4  2.12  1429  1396 1.000  38.0   6267 35E6
31.03.2025 13:36:50  *01n 20 100TL 4  518.9  2.30  1191  261.7  1.04   273  231.0  2.28  231.8  2.26  232.7  2.24  1464  1448 1.000  38.0   6275 3FD5
31.03.2025 13:37:11  *01n 20 100TL 4  520.5  2.41  1257  283.2  1.08   308  231.2  2.30  232.0  2.30  232.5  2.25  1565  1496 1.000  38.0   6283 275F
31.03.2025 13:37:30  *01n 20 100TL 4  526.2  2.31  1219  300.6  1.13   340  231.1  2.38  232.1  2.37  233.0  2.32  1559  1541 1.000  38.0   6292 D27B
31.03.2025 13:37:51  *01n 20 100TL 4  517.1  2.32  1203  319.3  1.09   346  231.2  2.52  231.7  2.50  232.5  2.49  1550  1591 1.000  38.0   6301 5B86
31.03.2025 13:38:11  *01n 20 100TL 4  529.5  2.41  1278  345.5  1.11   383  231.4  2.49  231.9  2.47  233.0  2.47  1661  1641 1.000  38.0   6310 67B3
31.03.2025 13:38:31  *01n 20 100TL 4  516.2  2.52  1304  366.7  1.16   427  231.4  2.46  231.9  2.45  232.8  2.42  1731  1695 1.000  38.0   6319 11B3
31.03.2025 13:38:51  *01n 20 100TL 4  517.6  2.59  1344  389.1  1.23   479  231.2  2.63  232.0  2.61  232.9  2.61  1823  1762 1.000  38.0   6329 C34B
31.03.2025 13:39:11  *01n 20 100TL 4  523.2  2.70  1416  420.8  1.22   518  231.5  2.61  232.1  2.59  233.2  2.56  1934  1823 1.000  38.0   6338 D08B
31.03.2025 13:39:31  *01n 20 100TL 4  524.8  2.68  1406  447.0  1.18   529  231.8  2.83  232.3  2.82  233.2  2.78  1936  1879 1.000  38.1   6349 F46B
31.03.2025 13:39:51  *01n 20 100TL 4  516.7  2.65  1373  474.7  1.23   585  231.5  2.78  232.4  2.76  233.0  2.74  1959  1939 1.000  38.0   6359 E5FC
31.03.2025 13:40:11  *01n 20 100TL 4  518.7  2.83  1469  493.3  1.27   628  232.2  3.00  232.2  2.98  232.3  2.98  2098  1997 1.000  38.0   6370 8AD2
31.03.2025 13:40:31  *01n 20 100TL 4  518.3  2.72  1411  534.2  1.18   636  231.5  3.21  232.3  3.20  233.0  3.18  2047  2076 1.000  38.1   6382 56C4
31.03.2025 13:40:51  *01n 20 100TL 4  523.2  2.84  1490  545.0  1.29   708  231.9  3.03  232.6  3.02  232.9  3.00  2198  2113 1.000  38.0   6393 5395
31.03.2025 13:41:11  *01n 20 100TL 4  522.9  2.70  1416  544.6  1.22   669  232.0  3.09  232.9  3.06  233.6  3.05  2085  2149 1.000  38.1   6406 B14C
31.03.2025 13:41:31  *01n 20 100TL 4  525.8  2.87  1510  543.9  1.30   708  232.1  3.25  232.9  3.23  233.4  3.21  2218  2183 1.000  38.0   6417 64BE
31.03.2025 13:41:51  *01n 20 100TL 4  519.4  2.95  1536  533.2  1.30   694  232.0  3.35  232.6  3.35  233.3  3.32  2230  2207 1.000  38.1   6429 173A
31.03.2025 13:42:11  *01n 20 100TL 4  527.0  2.83  1493  544.4  1.31   714  232.1  3.42  232.8  3.40  233.3  3.38  2207  2241 1.000  38.1   6442 F15A
31.03.2025 13:42:31  *01n 20 100TL 4  527.2  3.03  1602  543.2  1.37   746  232.6  3.25  233.3  3.24  233.8  3.22  2348  2267 1.000  38.1   6454 0A58
31.03.2025 13:42:51  *01n 20 100TL 4  518.5  3.10  1612  532.4  1.37   730  232.7  3.41  233.5  3.43  233.9  3.37  2343  2299 1.000  38.1   6467 EAC8
31.03.2025 13:43:11  *01n 20 100TL 4  516.6  3.01  1554  543.6  1.36   738  233.1  3.36  233.8  3.35  234.6  3.32  2293  2345 1.000  38.1   6480 8650
31.03.2025 13:43:31  *01n 20 100TL 4  516.9  3.11  1611  532.3  1.42   758  233.1  3.52  233.6  3.48  234.1  3.50  2369  2403 1.000  38.1   6494 7BBD
31.03.2025 13:43:52  *01n 20 100TL 4  515.0  3.32  1712  547.6  1.48   816  232.9  3.71  233.8  3.71  234.4  3.69  2528  2479 1.000  38.1   6506 60A0
31.03.2025 13:44:11  *01n 20 100TL 4  520.1  3.44  1794  536.3  1.52   820  233.2  3.79  233.7  3.78  234.3  3.74  2615  2594 1.000  38.1   6521 7958
31.03.2025 13:44:32  *01n 20 100TL 4  514.8  3.49  1800  536.3  1.61   865  232.6  3.94  233.6  3.93  234.3  3.91  2665  2710 1.000  38.1   6536 C432
31.03.2025 13:44:52  *01n 20 100TL 4  514.9  3.83  1974  547.9  1.71   941  232.5  4.26  233.4  4.26  234.0  4.25  2915  2887 1.000  38.1   6552 A81F
31.03.2025 13:45:12  *01n 20 100TL 4  519.8  3.96  2059  548.7  1.77   971  232.9  4.57  233.6  4.56  233.6  4.56  3031  3085 1.000  38.1   6568 CC00
31.03.2025 13:45:32  *01n 20 100TL 4  520.0  4.84  2517  549.8  2.20  1213  233.1  5.42  233.7  5.41  234.1  5.39  3730  3686 1.000  38.2   6586 1521
31.03.2025 13:45:52  *01n 20 100TL 4  519.7  4.59  2386  545.9  2.16  1181  233.1  5.06  233.6  5.04  234.1  5.03  3596  3538 1.000  38.2   6606 F266
31.03.2025 13:46:12  *01n 20 100TL 4  524.7  4.34  2282  534.9  2.06  1104  233.1  4.94  233.6  4.90  234.4  4.91  3387  3349 1.000  38.2   6625 C8AE
31.03.2025 13:46:32  *01n 20 100TL 4  520.5  5.37  2800  534.7  2.41  1292  233.1  5.75  233.8  5.74  234.5  5.70  4092  4074 1.000  38.2   6645 5945
31.03.2025 13:46:52  *01n 20 100TL 4  519.7  5.70  2963  541.6  2.72  1475  233.1  6.34  233.9  6.34  234.4  6.33  4438  4348 1.000  38.2   6669 8DD3
31.03.2025 13:47:12  *01n 20 100TL 4  530.9  5.61  2984  535.2  2.82  1509  233.1  6.41  233.9  6.43  234.2  6.37  4493  4432 1.000  38.2   6693 9FDC
31.03.2025 13:47:32  *01n 20 100TL 4  531.3  7.36  3912  535.4  3.60  1931  233.5  8.16  234.4  8.18  235.0  8.12  5844  5665 1.000  38.2   6721 7E6D
31.03.2025 13:47:52  *01n 20 100TL 4  523.2  6.17  3228  533.0  3.11  1661  233.8  6.92  234.4  6.91  234.8  6.89  4890  4905 1.000  38.2   6753 8939
31.03.2025 13:48:12  *01n 20 100TL 4  532.7  7.08  3778  532.4  3.65  1945  234.0  7.99  234.0  7.97  235.5  7.95  5723  5622 1.000  38.2   6782 02D6
31.03.2025 13:48:32  *01n 20 100TL 4  535.5  8.33  4464  527.0  4.44  2345  234.0  9.77  234.5  9.76  235.2  9.76  6810  6770 1.000  38.3   6815 FC4A
31.03.2025 13:48:52  *01n 20 100TL 4  514.4  9.18  4728  525.3  4.46  2348  234.4 10.09  234.7 10.10  235.5 10.09  7077  7046 1.000  38.3   6854 9252
31.03.2025 13:49:12  *01n 20 100TL 4  514.4  9.04  4655  531.3  4.43  2355  234.3  9.94  234.7  9.96  235.5  9.92  7011  6956 1.000  38.3   6893 F287
31.03.2025 13:49:32  *01n 20 100TL 4  507.6  9.27  4707  525.5  4.46  2346  233.8 10.10  234.1 10.09  235.2 10.09  7054  7016 1.000  38.3   6934 C270
31.03.2025 13:49:52  *01n 20 100TL 4  518.5  9.14  4742  517.9  4.62  2392  233.9 10.14  234.4 10.15  235.2 10.14  7135  7035 1.000  38.3   6973 0AD9
31.03.2025 13:50:12  *01n 20 100TL 4  482.4  7.20  3476  516.2  3.41  1760  233.5  7.26  234.2  7.28  234.8  7.23  5236  5275 1.000  38.4   7012 04FF
31.03.2025 13:50:33  *01n 20 100TL 4  511.7  7.97  4080  525.0  4.01  2108  233.8  8.82  234.4  8.82  235.2  8.81  6189  6109 1.000  38.4   7042 B296
31.03.2025 13:50:53  *01n 20 100TL 4  515.0  9.01  4644  521.0  4.61  2404  234.0  9.98  234.9 10.01  235.4 10.00  7049  6955 1.000  38.4   7075 8273
31.03.2025 13:51:13  *01n 20 100TL 4  514.3  8.95  4603  519.3  4.51  2345  234.1  9.95  234.6  9.96  235.6  9.94  6948  6915 1.000  38.5   7115 6D61
31.03.2025 13:51:33  *01n 20 100TL 4  520.3  7.77  4045  514.2  4.04  2081  233.6  8.78  234.1  8.79  235.4  8.79  6126  6124 1.000  38.5   7153 63EB
31.03.2025 13:51:53  *01n 20 100TL 4  527.8  7.48  3952  522.0  4.18  2183  233.4  8.63  234.1  8.64  235.0  8.60  6135  6065 1.000  38.5   7187 830D
31.03.2025 13:52:13  *01n 20 100TL 4  531.3  4.22  2246  529.0  2.22  1177  233.0  4.99  233.6  4.99  234.6  4.95  3424  3416 1.000  38.6   7210 C2F4
31.03.2025 13:52:33  *01n 20 100TL 4  526.2  4.73  2494  509.8  2.66  1356  233.0  5.59  233.7  5.60  234.8  5.55  3851  3866 1.000  38.6   7230 4446
31.03.2025 13:52:53  *01n 20 100TL 4  523.5  3.68  1928  505.4  2.03  1026  232.7  4.50  233.4  4.49  234.2  4.47  2955  3009 1.000  38.7   7249 8551
31.03.2025 13:53:13  *01n 20 100TL 4  513.4  4.04  2076  516.5  1.99  1033  233.2  4.50  234.2  4.50  234.9  4.48  3109  3028 1.000  38.7   7265 5516
31.03.2025 13:53:33  *01n 20 100TL 4  513.8  4.33  2227  531.9  2.01  1069  233.3  4.56  234.0  4.54  234.7  4.53  3297  3186 1.000  38.7   7282 4F8A
31.03.2025 13:53:53  *01n 20 100TL 4  507.6  9.03  4582  513.4  4.55  2340  233.8  9.62  234.5  9.63  235.5  9.61  6923  6822 1.000  38.8   7315 0975
31.03.2025 13:54:13  *01n 20 100TL 4  496.7  9.25  4600  513.1  4.46  2294  233.6  9.82  234.1  9.83  235.3  9.79  6895  6845 1.000  38.8   7352 1A6D
31.03.2025 13:54:33  *01n 20 100TL 4  500.0  7.00  3506  517.9  3.53  1828  233.1  7.40  233.8  7.40  234.9  7.39  5334  5279 1.000  38.9   7386 5409
31.03.2025 13:54:53  *01n 20 100TL 4  506.1  8.75  4429  520.1  4.23  2203  233.5  9.25  234.0  9.24  235.2  9.22  6633  6538 1.000  38.9   7418 8D67
31.03.2025 13:55:13  *01n 20 100TL 4  510.2  4.97  2539  515.1  2.49  1287  232.9  5.69  233.7  5.69  234.7  5.66  3826  3823 1.000  38.9   7448 58BC
31.03.2025 13:55:33  *01n 20 100TL 4  525.3  6.14  3225  520.9  3.32  1733  233.4  7.32  233.8  7.31  234.7  7.29  4959  4748 1.000  39.0   7474 7ABC
31.03.2025 13:55:53  *01n 20 100TL 4  510.1  5.56  2841  511.5  2.75  1409  233.2  5.91  233.7  5.89  234.6  5.88  4251  4153 1.000  39.0   7502 219A
31.03.2025 13:56:13  *01n 20 100TL 4  520.1  5.27  2746  530.2  2.59  1374  232.9  5.81  233.7  5.80  234.5  5.78  4121  4045 1.000  39.1   7523 025A
31.03.2025 13:56:33  *01n 20 100TL 4  513.8  6.47  3329  534.5  3.08  1647  233.3  7.29  233.8  7.29  234.6  7.27  4977  4985 1.000  39.1   7546 CFC4
31.03.2025 13:56:54  *01n 20 100TL 4  505.5  6.15  3112  528.6  2.78  1469  233.3  6.62  234.0  6.62  234.9  6.60  4582  4538 1.000  39.2   7572 9A9C
31.03.2025 13:57:14  *01n 20 100TL 4  507.4  6.05  3073  527.3  2.83  1496  233.4  6.44  233.9  6.45  234.6  6.40  4570  4467 1.000  39.2   7596 5B2F
31.03.2025 13:57:34  *01n 20 100TL 4  523.4  6.77  3547  529.2  3.47  1838  233.1  7.76  233.7  7.78  234.9  7.72  5386  5383 1.000  39.2   7623 A938
31.03.2025 13:57:54  *01n 20 100TL 4  533.5  6.07  3239  542.9  3.07  1666  233.0  6.88  233.6  6.86  234.5  6.86  4905  4737 1.000  39.3   7649 DE3D
31.03.2025 13:58:14  *01n 20 100TL 4  548.0  5.99  3285  549.0  3.49  1918  233.0  7.40  233.6  7.42  234.7  7.37  5203  5053 1.000  39.3   7674 3792
31.03.2025 13:58:34  *01n 20 100TL 4  543.2  3.87  2105  541.8  2.17  1177  233.6  4.81  233.5  4.77  233.7  4.78  3283  3314 1.000  39.4   7700 6105
31.03.2025 13:58:54  *01n 20 100TL 4  540.9  2.51  1361  541.6  1.48   805  232.8  3.39  233.4  3.39  234.3  3.35  2166  2200 1.000  39.4   7715 B9EA
31.03.2025 13:59:14  *01n 20 100TL 4  523.3  2.93  1538  530.3  1.44   767  232.6  3.44  233.4  3.44  234.3  3.41  2305  2258 1.000  39.4   7728 E222
31.03.2025 13:59:34  *01n 20 100TL 4  514.7  2.88  1484  516.2  1.37   709  232.8  3.14  233.2  3.14  234.1  3.07  2194  2117 1.000  39.5   7740 E5DF
31.03.2025 13:59:54  *01n 20 100TL 4  499.3  2.81  1406  510.5  1.25   639  232.4  2.91  232.9  2.89  233.8  2.87  2046  2011 1.000  39.5   7751 8476
31.03.2025 14:00:14  *01n 20 100TL 4  498.8  2.48  1237  510.0  1.15   587  232.4  2.81  232.7  2.81  233.6  2.76  1824  1844 1.000  39.5   7762 CD25
31.03.2025 14:00:34  *01n 20 100TL 4  498.8  2.42  1208  509.9  1.05   537  232.0  2.67  232.6  2.67  233.3  2.65  1745  1719 1.000  39.6   7772 9211
31.03.2025 14:00:54  *01n 20 100TL 4  496.8  2.30  1144  508.3  0.98   502  231.8  2.56  232.2  2.55  233.0  2.54  1646  1617 1.000  39.6   7781 4561
31.03.2025 14:01:14  *01n 20 100TL 4  495.4  2.04  1014  507.9  0.91   462  231.7  2.28  232.4  2.26  233.2  2.25  1477  1539 1.000  39.6   7791 FF24
31.03.2025 14:01:34  *01n 20 100TL 4  484.8  2.12  1029  507.8  0.92   466  231.9  2.13  232.3  2.13  232.9  2.09  1496  1475 1.000  39.7   7799 4C43
31.03.2025 14:01:54  *01n 20 100TL 4  488.7  2.18  1068  510.3  0.91   466  232.0  2.27  231.9  2.27  233.3  2.21  1535  1434 1.000  39.7   7807 B2F3
31.03.2025 14:02:14  *01n 20 100TL 4  498.0  1.93   961  509.2  0.78   398  231.5  2.25  232.0  2.26  233.0  2.22  1359  1397 1.000  39.7   7815 DF51
31.03.2025 14:02:34  *01n 20 100TL 4  497.3  1.91   953  506.8  0.83   421  231.4  2.22  232.0  2.21  232.9  2.18  1374  1361 1.000  39.7   7822 8239
31.03.2025 14:02:54  *01n 20 100TL 4  495.5  1.93   958  516.6  0.79   408  231.4  2.08  232.1  2.07  232.8  2.02  1367  1332 1.000  39.7   7830 50E8
31.03.2025 14:03:14  *01n 20 100TL 4  494.8  1.87   924  507.3  0.73   372  231.3  2.13  231.7  2.09  232.6  2.07  1297  1301 1.000  39.8   7837 E117
31.03.2025 14:03:35  *01n 20 100TL 4  495.6  1.84   910  507.0  0.74   378  231.1  1.98  231.8  1.98  232.6  1.96  1289  1272 1.000  39.8   7844 073D
31.03.2025 14:03:55  *01n 20 100TL 4  497.5  1.82   910  511.7  0.74   379  231.2  2.07  231.8  2.05  232.6  2.02  1290  1245 1.000  39.8   7851 14C1
31.03.2025 14:04:15  *01n 20 100TL 4  497.1  1.75   869  511.4  0.73   375  231.1  2.00  231.4  1.99  232.5  1.98  1245  1216 1.000  39.8   7858 BCD0
31.03.2025 14:04:35  *01n 20 100TL 4  497.1  1.69   845  511.2  0.65   337  231.1  1.84  231.7  1.80  232.4  1.80  1182  1187 1.000  39.8   7865 AEDF
31.03.2025 14:04:55  *01n 20 100TL 4  496.7  1.58   790  521.3  0.59   308  230.8  1.86  231.5  1.86  232.4  1.81  1098  1167 1.000  39.8   7871 8D91
31.03.2025 14:05:15  *01n 20 100TL 4  496.7  1.51   750  521.1  0.61   320  231.0  1.84  231.7  1.84  232.3  1.78  1071  1152 1.000  39.8   7878 F64D
31.03.2025 14:05:35  *01n 20 100TL 4  496.6  1.74   868  510.7  0.68   346  231.0  1.84  231.7  1.82  232.5  1.81  1214  1142 1.000  39.8   7884 64D0
31.03.2025 14:05:55  *01n 20 100TL 4  505.9  1.54   778  512.4  0.59   305  230.9  1.75  231.5  1.74  232.1  1.70  1083  1124 1.000  39.9   7891 EEEC
31.03.2025 14:06:15  *01n 20 100TL 4  496.6  1.73   860  520.3  0.64   335  231.0  1.79  231.5  1.81  232.2  1.75  1196  1115 1.000  39.9   7897 1327
31.03.2025 14:06:35  *01n 20 100TL 4  505.2  1.54   779  520.3  0.63   331  230.9  1.74  231.5  1.72  232.5  1.70  1110  1104 1.000  39.9   7903 D8D1
31.03.2025 14:06:55  *01n 20 100TL 4  495.6  1.49   743  520.0  0.58   303  231.1  1.77  231.7  1.76  232.2  1.76  1046  1100 1.000  39.9   7909 7EF1
31.03.2025 14:07:15  *01n 20 100TL 4  504.9  1.58   801  519.8  0.59   309  230.9  1.87  231.6  1.86  232.6  1.84  1110  1092 1.000  39.9   7915 3234
31.03.2025 14:07:35  *01n 20 100TL 4  494.9  1.46   723  509.2  0.57   294  231.3  1.87  231.8  1.86  232.5  1.83  1017  1081 1.000  39.9   7921 2529
31.03.2025 14:07:55  *01n 20 100TL 4  504.6  1.52   773  518.4  0.62   323  231.0  1.70  231.7  1.68  232.4  1.66  1097  1084 1.000  39.9   7928 5624
31.03.2025 14:08:15  *01n 20 100TL 4  505.2  1.54   779  511.8  0.57   299  230.8  1.82  231.5  1.82  232.4  1.78  1078  1080 1.000  39.9   7934 4E2E
31.03.2025 14:08:35  *01n 20 100TL 4  504.8  1.56   791  518.5  0.59   306  230.9  1.74  231.6  1.73  232.5  1.72  1098  1083 1.000  39.9   7939 D36B
31.03.2025 14:08:55  *01n 20 100TL 4  503.6  1.47   746  528.7  0.57   303  231.0  1.76  231.6  1.73  232.3  1.71  1049  1078 1.000  39.9   7945 41AC
31.03.2025 14:09:15  *01n 20 100TL 4  503.7  1.40   706  518.1  0.56   292  231.0  1.76  231.5  1.75  232.5  1.71   999  1078 1.000  39.9   7951 A460
31.03.2025 14:09:36  *01n 20 100TL 4  503.4  1.46   737  518.6  0.54   282  231.1  1.75  231.7  1.73  232.5  1.67  1019  1083 1.000  39.9   7958 E76C
31.03.2025 14:09:56  *01n 20 100TL 4  513.5  1.47   756  525.0  0.57   302  231.9  1.69  231.6  1.69  232.2  1.65  1058  1087 1.000  39.9   7964 C86D
31.03.2025 14:10:16  *01n 20 100TL 4  513.1  1.58   811  521.5  0.65   344  231.4  1.76  231.2  1.74  232.8  1.71  1156  1095 1.000  39.9   7970 0480
31.03.2025 14:10:36  *01n 20 100TL 4  503.9  1.50   758  522.9  0.59   314  231.3  1.84  232.0  1.84  233.0  1.81  1072  1112 1.000  39.9   7976 A8EE
31.03.2025 14:10:56  *01n 20 100TL 4  502.0  1.49   750  516.6  0.57   297  231.3  1.90  231.9  1.91  232.6  1.88  1048  1121 1.000  39.9   7982 D9F5
31.03.2025 14:11:16  *01n 20 100TL 4  502.3  1.58   796  527.0  0.59   312  231.3  1.84  231.6  1.84  232.7  1.79  1109  1136 1.000  39.9   7988 3DF6
31.03.2025 14:11:36  *01n 20 100TL 4  512.5  1.58   811  524.0  0.65   343  231.2  1.92  231.6  1.90  232.6  1.87  1155  1152 1.000  39.9   7995 D97A
31.03.2025 14:11:56  *01n 20 100TL 4  501.1  1.64   823  529.7  0.66   350  231.2  1.87  231.7  1.85  232.6  1.80  1174  1159 1.000  39.8   8001 E7AE
31.03.2025 14:12:16  *01n 20 100TL 4  511.1  1.75   898  530.1  0.68   363  231.1  1.83  231.7  1.82  232.7  1.80  1261  1182 1.000  39.8   8008 4B17
31.03.2025 14:12:36  *01n 20 100TL 4  513.2  1.66   854  521.1  0.66   349  231.2  1.91  231.7  1.90  232.9  1.84  1203  1190 1.000  39.8   8014 609F
31.03.2025 14:12:56  *01n 20 100TL 4  504.1  1.61   813  531.2  0.65   347  231.6  1.93  231.9  1.93  233.0  1.87  1161  1210 1.000  39.8   8021 9C0E
31.03.2025 14:13:16  *01n 20 100TL 4  510.6  1.70   869  526.1  0.69   366  231.7  1.98  232.1  1.97  233.2  1.95  1235  1234 1.000  39.8   8028 59AE
31.03.2025 14:13:36  *01n 20 100TL 4  500.3  1.77   886  523.0  0.67   355  231.5  1.90  232.0  1.87  233.1  1.88  1242  1231 1.000  39.8   8035 CAF6
31.03.2025 14:13:56  *01n 20 100TL 4  510.2  1.74   892  528.1  0.71   375  231.8  2.04  232.3  2.02  233.3  2.01  1268  1252 1.000  39.8   8041 78A5
31.03.2025 14:14:16  *01n 20 100TL 4  509.5  1.61   820  531.2  0.67   360  231.8  1.97  232.2  1.98  233.3  1.91  1181  1254 1.000  39.8   8048 3A21
31.03.2025 14:14:36  *01n 20 100TL 4  510.3  1.77   904  527.9  0.70   372  231.5  1.87  232.1  1.86  233.3  1.85  1277  1257 1.000  39.8   8056 AA6E
31.03.2025 14:14:56  *01n 20 100TL 4  511.4  1.71   878  538.7  0.64   346  231.5  2.01  232.2  2.00  233.2  2.00  1225  1264 1.000  39.8   8063 B047
31.03.2025 14:15:16  *01n 20 100TL 4  511.5  1.76   900  538.4  0.70   378  231.6  2.01  232.2  2.00  233.4  1.96  1278  1268 1.000  39.8   8070 9368
31.03.2025 14:15:37  *01n 20 100TL 4  508.5  1.75   891  533.8  0.72   384  231.6  2.05  232.2  2.03  233.1  2.02  1275  1274 1.000  39.8   8076 8A1C
31.03.2025 14:15:57  *01n 20 100TL 4  518.2  1.66   860  522.9  0.69   364  231.3  2.09  232.2  2.09  233.0  2.05  1225  1263 1.000  39.8   8083 EC83
31.03.2025 14:16:17  *01n 20 100TL 4  507.9  1.67   852  533.3  0.65   347  231.3  1.85  231.6  1.84  232.8  1.83  1200  1266 1.000  39.8   8091 546A
31.03.2025 14:16:37  *01n 20 100TL 4  518.0  1.66   862  523.9  0.70   370  231.5  2.03  232.0  2.02  233.2  2.00  1232  1263 1.000  39.7   8098 C49A
31.03.2025 14:16:57  *01n 20 100TL 4  507.5  1.78   904  534.3  0.72   390  231.5  2.11  232.3  2.09  233.2  2.07  1295  1275 1.000  39.7   8105 E396
31.03.2025 14:17:17  *01n 20 100TL 4  517.3  1.65   857  534.5  0.65   346  231.1  2.00  231.8  2.00  232.8  1.97  1203  1274 1.000  39.7   8112 6A30
31.03.2025 14:17:37  *01n 20 100TL 4  517.1  1.80   930  529.1  0.71   379  231.2  2.07  231.6  2.06  232.7  2.05  1310  1286 1.000  39.7   8119 158C
31.03.2025 14:17:57  *01n 20 100TL 4  517.4  1.78   924  531.8  0.72   384  231.5  1.91  232.2  1.88  233.2  1.88  1309  1295 1.000  39.7   8126 3165
31.03.2025 14:18:17  *01n 20 100TL 4  516.3  1.79   924  531.3  0.77   410  231.5  2.16  232.2  2.16  233.3  2.13  1335  1312 1.000  39.7   8134 A812
31.03.2025 14:18:37  *01n 20 100TL 4  516.1  1.76   909  531.3  0.71   379  231.7  2.01  232.4  1.98  233.5  1.97  1289  1322 1.000  39.7   8141 37F6
31.03.2025 14:18:57  *01n 20 100TL 4  505.7  1.89   958  531.8  0.73   390  231.7  2.09  232.3  2.09  233.3  2.04  1348  1332 1.000  39.7   8148 4EA3
31.03.2025 14:19:17  *01n 20 100TL 4  515.3  1.83   947  527.5  0.78   413  232.5  2.02  231.4  2.01  233.1  1.99  1361  1345 1.000  39.7   8156 4C1B
31.03.2025 14:19:37  *01n 20 100TL 4  505.9  1.88   950  536.8  0.76   408  231.4  2.13  232.3  2.12  233.4  2.09  1359  1351 1.000  39.7   8164 AA03
31.03.2025 14:19:57  *01n 20 100TL 4  515.4  1.90   982  530.1  0.78   416  231.5  2.05  232.2  2.02  233.0  2.03  1399  1364 1.000  39.7   8171 3C4C
31.03.2025 14:20:17  *01n 20 100TL 4  514.6  1.79   923  529.8  0.71   378  231.9  2.22  231.5  2.20  233.4  2.20  1301  1376 1.000  39.7   8178 4CD3
31.03.2025 14:20:37  *01n 20 100TL 4  504.6  1.92   970  528.7  0.82   434  231.8  2.12  232.0  2.11  233.3  2.07  1405  1374 1.000  39.7   8186 4014
31.03.2025 14:20:57  *01n 20 100TL 4  514.0  1.84   947  525.7  0.75   398  231.8  2.09  232.1  2.05  233.3  2.05  1345  1393 1.000  39.6   8194 13E0
31.03.2025 14:21:17  *01n 20 100TL 4  514.1  1.97  1016  533.1  0.79   427  231.7  2.06  231.7  2.04  233.6  2.01  1443  1400 1.000  39.6   8202 D865
31.03.2025 14:21:38  *01n 20 100TL 4  512.1  2.02  1036  533.4  0.82   439  231.7  2.17  232.4  2.16  233.5  2.13  1475  1406 1.000  39.6   8210 88FC
31.03.2025 14:21:58  *01n 20 100TL 4  510.3  1.80   921  534.1  0.76   410  231.7  2.28  232.3  2.27  233.4  2.25  1332  1412 1.000  39.6   8217 216C
31.03.2025 14:22:18  *01n 20 100TL 4  513.1  1.86   958  528.2  0.80   424  231.5  2.16  231.8  2.17  233.3  2.12  1382  1412 1.000  39.6   8225 5B1B
31.03.2025 14:22:38  *01n 20 100TL 4  523.2  1.81   950  530.1  0.75   398  231.8  2.25  232.3  2.25  233.5  2.23  1348  1412 1.000  39.6   8233 BC9D
31.03.2025 14:22:58  *01n 20 100TL 4  512.5  1.86   955  541.3  0.72   393  231.6  2.25  232.2  2.24  233.2  2.23  1348  1428 1.000  39.6   8241 A09C
31.03.2025 14:23:18  *01n 20 100TL 4  511.1  2.04  1046  531.9  0.87   466  231.7  2.20  232.2  2.19  233.4  2.19  1513  1432 1.000  39.6   8249 D627
31.03.2025 14:23:38  *01n 20 100TL 4  519.8  1.95  1017  533.0  0.80   431  231.8  2.28  232.4  2.26  233.5  2.27  1449  1437 1.000  39.6   8257 C803
31.03.2025 14:23:58  *01n 20 100TL 4  515.9  2.10  1089  532.0  0.84   450  231.8  2.21  232.5  2.20  233.5  2.15  1539  1440 1.000  39.6   8265 A4B5
31.03.2025 14:24:18  *01n 20 100TL 4  518.1  1.95  1016  532.0  0.83   445  231.8  2.16  232.4  2.13  233.6  2.12  1461  1443 1.000  39.6   8273 EDCE
31.03.2025 14:24:38  *01n 20 100TL 4  521.5  1.91  1000  536.9  0.83   445  231.9  2.31  232.4  2.30  233.7  2.28  1446  1451 1.000  39.6   8281 6F75
31.03.2025 14:24:58  *01n 20 100TL 4  521.4  2.00  1048  538.1  0.84   456  231.8  2.13  232.5  2.13  233.4  2.08  1504  1458 1.000  39.5   8289 D2B0
31.03.2025 14:25:18  *01n 20 100TL 4  521.2  2.13  1112  529.5  0.86   457  231.7  2.15  232.4  2.13  233.4  2.11  1570  1466 1.000  39.5   8297 EFF9
31.03.2025 14:25:38  *01n 20 100TL 4  512.6  2.01  1034  531.6  0.86   459  231.6  2.38  232.2  2.37  233.3  2.34  1493  1486 1.000  39.5   8305 5F7A
31.03.2025 14:25:58  *01n 20 100TL 4  514.0  2.05  1054  542.0  0.84   457  232.9  2.38  232.0  2.41  233.2  2.35  1512  1503 1.000  39.5   8314 D985
31.03.2025 14:26:18  *01n 20 100TL 4  516.2  2.10  1087  540.1  0.83   454  232.6  2.38  232.3  2.38  233.6  2.35  1542  1519 1.000  39.5   8323 15D2
31.03.2025 14:26:38  *01n 20 100TL 4  523.8  1.95  1025  539.9  0.80   433  232.0  2.34  232.7  2.32  233.5  2.31  1458  1530 1.000  39.5   8331 C239
31.03.2025 14:26:58  *01n 20 100TL 4  509.3  2.12  1081  536.0  0.89   477  231.8  2.43  232.5  2.43  233.4  2.40  1559  1536 1.000  39.5   8339 0E0E
31.03.2025 14:27:18  *01n 20 100TL 4  519.4  1.94  1010  532.0  0.86   460  231.9  2.45  232.5  2.44  233.6  2.42  1470  1550 1.000  39.5   8348 9C26
31.03.2025 14:27:38  *01n 20 100TL 4  519.0  2.22  1155  542.0  0.92   502  231.8  2.44  232.5  2.43  233.5  2.41  1657  1556 1.000  39.5   8356 F84C
31.03.2025 14:27:58  *01n 20 100TL 4  518.0  2.14  1112  537.1  0.90   485  231.7  2.34  232.5  2.32  233.5  2.31  1597  1557 1.000  39.5   8365 585E
31.03.2025 14:28:18  *01n 20 100TL 4  520.0  2.11  1103  537.4  0.92   498  231.9  2.40  232.5  2.39  233.6  2.38  1602  1547 1.000  39.5   8374 1911
31.03.2025 14:28:38  *01n 20 100TL 4  515.5  2.08  1075  539.6  0.89   480  231.9  2.38  232.2  2.35  233.5  2.34  1556  1539 1.000  39.5   8383 C4B7
31.03.2025 14:28:58  *01n 20 100TL 4  517.9  2.11  1095  532.8  0.87   466  231.6  2.22  232.2  2.18  233.4  2.16  1562  1524 1.000  39.5   8391 2517
31.03.2025 14:29:19  *01n 20 100TL 4  517.7  1.96  1017  543.3  0.77   422  231.5  2.33  232.1  2.30  233.6  2.30  1440  1515 1.000  39.5   8399 327F
31.03.2025 14:29:39  *01n 20 100TL 4  517.6  2.03  1054  542.9  0.85   462  231.4  2.28  232.0  2.26  233.2  2.24  1516  1504 1.000  39.5   8407 EFE9
31.03.2025 14:29:59  *01n 20 100TL 4  517.3  2.09  1086  532.1  0.91   486  231.3  2.37  231.7  2.36  233.1  2.34  1573  1496 1.000  39.5   8416 9C61
31.03.2025 14:30:19  *01n 20 100TL 4  517.0  2.07  1075  531.8  0.85   453  231.3  2.28  231.9  2.24  233.0  2.24  1528  1492 1.000  39.5   8424 C707
31.03.2025 14:30:39  *01n 20 100TL 4  516.7  2.05  1063  541.4  0.85   460  231.4  2.16  231.9  2.14  233.1  2.11  1524  1487 1.000  39.4   8433 8893
31.03.2025 14:30:59  *01n 20 100TL 4  516.6  2.10  1086  533.2  0.90   482  231.4  2.18  231.9  2.16  233.3  2.14  1568  1490 1.000  39.4   8441 60D4
31.03.2025 14:31:19  *01n 20 100TL 4  516.9  1.90   984  531.2  0.81   434  231.4  2.40  231.9  2.38  233.1  2.34  1419  1499 1.000  39.4   8449 E1E9
31.03.2025 14:31:39  *01n 20 100TL 4  516.5  2.07  1069  530.7  0.83   444  231.3  2.40  231.9  2.41  233.2  2.39  1513  1506 1.000  39.4   8458 93B7
31.03.2025 14:31:59  *01n 20 100TL 4  515.5  1.96  1011  540.9  0.79   427  231.2  2.43  231.9  2.43  233.0  2.40  1438  1513 1.000  39.4   8466 C614
31.03.2025 14:32:19  *01n 20 100TL 4  515.8  2.09  1083  530.4  0.91   485  231.6  2.41  231.9  2.41  233.3  2.37  1568  1510 1.000  39.4   8474 A543
31.03.2025 14:32:39  *01n 20 100TL 4  515.2  1.99  1028  530.0  0.83   440  231.6  2.39  232.0  2.37  233.2  2.35  1469  1507 1.000  39.4   8483 32A9
31.03.2025 14:32:59  *01n 20 100TL 4  514.9  2.09  1078  529.6  0.86   456  231.5  2.39  232.2  2.36  233.1  2.35  1535  1503 1.000  39.4   8491 7E20
31.03.2025 14:33:19  *01n 20 100TL 4  514.7  2.11  1089  539.9  0.90   491  232.3  2.18  231.6  2.15  233.4  2.14  1580  1496 1.000  39.4   8500 6B75
31.03.2025 14:33:39  *01n 20 100TL 4  517.0  1.91   988  529.9  0.83   442  231.5  2.36  232.1  2.34  233.3  2.34  1431  1489 1.000  39.4   8508 6F60
31.03.2025 14:33:59  *01n 20 100TL 4  515.9  2.06  1063  529.4  0.85   453  231.6  2.15  232.0  2.12  233.2  2.09  1516  1474 1.000  39.4   8516 A12A
31.03.2025 14:34:19  *01n 20 100TL 4  515.2  2.13  1104  528.8  0.86   457  231.4  2.25  232.0  2.23  233.1  2.24  1562  1466 1.000  39.4   8524 E0A0
31.03.2025 14:34:39  *01n 20 100TL 4  522.8  2.00  1048  528.3  0.89   473  231.2  2.17  231.9  2.14  233.0  2.13  1521  1446 1.000  39.4   8532 F13F
31.03.2025 14:35:00  *01n 20 100TL 4  513.8  1.99  1023  538.4  0.81   442  231.4  2.30  232.0  2.28  233.1  2.27  1466  1446 1.000  39.4   8541 A7F9
31.03.2025 14:35:20  *01n 20 100TL 4  523.0  1.85   968  538.1  0.76   411  231.5  2.12  232.0  2.11  233.2  2.09  1380  1422 1.000  39.4   8549 F893
31.03.2025 14:35:40  *01n 20 100TL 4  522.8  1.84   962  527.6  0.77   410  231.8  2.26  232.5  2.24  233.5  2.22  1373  1408 1.000  39.4   8557 A6E7
31.03.2025 14:36:00  *01n 20 100TL 4  520.3  1.98  1029  537.0  0.83   445  231.8  2.04  232.2  2.03  233.3  2.00  1475  1399 1.000  39.4   8564 F15F
31.03.2025 14:36:20  *01n 20 100TL 4  510.5  1.91   976  537.2  0.80   433  231.9  2.26  232.4  2.24  233.6  2.23  1409  1396 1.000  39.4   8572 A2DE
31.03.2025 14:36:40  *01n 20 100TL 4  513.3  1.94   999  526.9  0.77   407  232.3  2.23  232.5  2.20  233.9  2.19  1406  1393 1.000  39.4   8580 419F
31.03.2025 14:37:00  *01n 20 100TL 4  521.5  1.88   981  537.3  0.79   425  232.0  2.24  232.4  2.26  233.9  2.22  1406  1390 1.000  39.4   8588 822A
31.03.2025 14:37:20  *01n 20 100TL 4  512.1  1.96  1005  526.3  0.84   448  232.0  2.14  232.3  2.13  233.9  2.08  1454  1387 1.000  39.3   8595 9687
31.03.2025 14:37:40  *01n 20 100TL 4  511.7  2.02  1039  536.5  0.81   437  232.0  2.16  232.7  2.14  234.0  2.14  1477  1394 1.000  39.3   8603 B8B2
31.03.2025 14:38:00  *01n 20 100TL 4  519.1  1.92  1002  536.7  0.78   419  232.0  2.08  232.5  2.05  233.8  2.05  1422  1388 1.000  39.3   8610 354B
31.03.2025 14:38:20  *01n 20 100TL 4  519.7  1.87   976  536.2  0.78   422  231.5  2.03  232.1  2.03  233.4  1.99  1399  1383 1.000  39.3   8618 1044
31.03.2025 14:38:40  *01n 20 100TL 4  511.3  1.89   968  535.9  0.80   431  231.3  2.23  231.9  2.23  233.3  2.20  1400  1387 1.000  39.3   8626 D000
31.03.2025 14:39:00  *01n 20 100TL 4  519.6  1.92  1002  535.5  0.83   448  232.0  2.02  232.4  1.99  233.8  1.98  1451  1376 1.000  39.3   8634 4951
31.03.2025 14:39:20  *01n 20 100TL 4  510.4  1.86   949  535.0  0.72   389  232.1  2.20  232.2  2.16  233.8  2.15  1338  1373 1.000  39.3   8642 95DD
31.03.2025 14:39:40  *01n 20 100TL 4  510.0  1.86   952  534.9  0.78   419  232.2  2.03  232.7  2.01  233.9  2.00  1371  1365 1.000  39.3   8649 1DAB
31.03.2025 14:40:00  *01n 20 100TL 4  519.6  1.84   956  534.6  0.78   416  232.4  1.98  232.9  1.97  234.1  1.94  1373  1362 1.000  39.3   8657 AC4B
31.03.2025 14:40:20  *01n 20 100TL 4  517.9  1.96  1016  534.7  0.80   428  232.0  2.10  232.5  2.09  233.7  2.08  1445  1365 1.000  39.3   8664 ADF8
31.03.2025 14:40:40  *01n 20 100TL 4  517.9  1.98  1025  523.9  0.79   416  231.7  2.13  232.3  2.13  233.5  2.08  1441  1353 1.000  39.3   8672 EF13
31.03.2025 14:41:00  *01n 20 100TL 4  509.6  1.75   894  533.6  0.74   395  231.9  2.13  232.2  2.13  233.4  2.05  1289  1358 1.000  39.3   8679 150B
31.03.2025 14:41:21  *01n 20 100TL 4  509.3  1.87   955  533.4  0.78   418  231.8  2.12  232.3  2.10  233.6  2.06  1373  1362 1.000  39.3   8687 F8E8
31.03.2025 14:41:41  *01n 20 100TL 4  518.7  1.94  1007  533.2  0.78   418  231.8  2.08  232.1  2.06  233.4  2.05  1425  1374 1.000  39.3   8695 2ED4
31.03.2025 14:42:01  *01n 20 100TL 4  517.9  1.81   941  533.0  0.75   399  231.9  2.22  232.2  2.21  233.5  2.19  1341  1383 1.000  39.3   8703 1878
31.03.2025 14:42:21  *01n 20 100TL 4  507.8  1.89   961  532.8  0.80   431  232.3  2.22  232.6  2.21  233.9  2.19  1393  1385 1.000  39.3   8710 4A49
31.03.2025 14:42:41  *01n 20 100TL 4  516.3  1.83   946  532.5  0.78   419  232.4  2.24  232.7  2.24  234.0  2.20  1365  1402 1.000  39.3   8718 A547
31.03.2025 14:43:01  *01n 20 100TL 4  516.8  1.87   973  532.1  0.75   404  231.9  2.25  232.2  2.25  233.6  2.23  1377  1409 1.000  39.3   8725 3F35
31.03.2025 14:43:21  *01n 20 100TL 4  516.8  1.84   953  542.6  0.73   399  232.0  2.10  232.6  2.10  233.8  2.08  1353  1422 1.000  39.2   8734 0BD0
31.03.2025 14:43:41  *01n 20 100TL 4  516.8  2.09  1084  542.3  0.88   480  232.2  2.23  232.5  2.22  233.8  2.16  1565  1437 1.000  39.3   8742 214E
31.03.2025 14:44:01  *01n 20 100TL 4  516.3  2.00  1034  531.2  0.82   439  232.2  2.25  232.6  2.24  234.0  2.19  1474  1448 1.000  39.2   8750 C752
31.03.2025 14:44:21  *01n 20 100TL 4  516.2  1.95  1008  542.5  0.76   416  232.1  2.31  232.6  2.31  233.8  2.29  1425  1466 1.000  39.2   8758 2269
31.03.2025 14:44:41  *01n 20 100TL 4  526.2  2.03  1071  543.1  0.87   473  232.4  2.20  232.7  2.17  234.0  2.16  1544  1469 1.000  39.2   8766 0F58
31.03.2025 14:45:01  *01n 20 100TL 4  515.5  2.04  1051  541.0  0.87   474  232.4  2.30  232.7  2.28  234.2  2.26  1525  1503 1.000  39.2   8774 1A00
31.03.2025 14:45:21  *01n 20 100TL 4  515.3  1.96  1010  530.1  0.83   442  232.0  2.41  232.7  2.40  234.0  2.38  1452  1522 1.000  39.2   8782 6D57
31.03.2025 14:45:41  *01n 20 100TL 4  524.9  2.17  1142  551.4  0.86   474  232.4  2.24  233.0  2.21  234.0  2.20  1617  1538 1.000  39.2   8791 DF7C
31.03.2025 14:46:01  *01n 20 100TL 4  514.8  2.05  1058  550.9  0.86   473  232.1  2.39  232.7  2.40  233.8  2.34  1532  1573 1.000  39.2   8800 8EDA
31.03.2025 14:46:21  *01n 20 100TL 4  524.2  2.04  1071  540.1  0.89   482  232.4  2.45  232.6  2.43  233.9  2.38  1553  1603 1.000  39.2   8808 B77B
31.03.2025 14:46:41  *01n 20 100TL 4  524.2  2.19  1150  530.8  0.93   497  232.4  2.35  232.8  2.33  233.9  2.32  1647  1625 1.000  39.2   8818 ADBB
31.03.2025 14:47:01  *01n 20 100TL 4  513.3  2.34  1202  542.8  0.98   534  232.2  2.44  232.5  2.43  233.7  2.41  1736  1657 1.000  39.2   8827 2B79
31.03.2025 14:47:21  *01n 20 100TL 4  513.7  2.20  1132  538.9  0.94   511  232.2  2.57  232.5  2.53  233.8  2.52  1643  1689 1.000  39.2   8836 D367
31.03.2025 14:47:42  *01n 20 100TL 4  513.2  2.39  1229  538.7  1.06   572  232.3  2.55  232.7  2.54  233.9  2.52  1802  1716 1.000  39.2   8845 689E
31.03.2025 14:48:02  *01n 20 100TL 4  523.2  2.47  1295  538.4  1.04   564  232.3  2.67  232.6  2.65  234.0  2.64  1860  1750 1.000  39.2   8855 D9FD
31.03.2025 14:48:22  *01n 20 100TL 4  512.6  2.46  1263  548.3  1.02   564  231.8  2.58  232.6  2.55  233.8  2.54  1828  1760 1.000  39.2   8865 C794
31.03.2025 14:48:42  *01n 20 100TL 4  523.0  2.42  1266  541.1  1.09   593  232.1  2.75  232.6  2.74  233.9  2.73  1860  1794 1.000  39.2   8875 E460
31.03.2025 14:49:02  *01n 20 100TL 4  522.4  2.53  1326  541.8  1.08   585  232.1  2.83  232.5  2.81  233.9  2.80  1911  1817 1.000  39.2   8885 BCD6
31.03.2025 14:49:22  *01n 20 100TL 4  522.8  2.36  1237  541.9  1.01   549  232.4  2.77  232.8  2.76  234.0  2.71  1786  1829 1.000  39.2   8895 98CA
31.03.2025 14:49:42  *01n 20 100TL 4  521.6  2.41  1257  537.0  1.02   550  232.5  2.66  233.0  2.63  234.1  2.61  1808  1838 1.000  39.2   8905 7FDD
31.03.2025 14:50:02  *01n 20 100TL 4  521.4  2.47  1289  536.6  1.12   602  232.5  2.80  232.9  2.80  234.2  2.75  1892  1860 1.000  39.2   8916 85A2
31.03.2025 14:50:22  *01n 20 100TL 4  510.9  2.48  1268  546.4  1.08   596  232.6  2.70  233.2  2.69  234.1  2.66  1864  1902 1.000  39.2   8926 8E78
31.03.2025 14:50:42  *01n 20 100TL 4  508.7  3.04  1550  533.2  1.31   700  232.7  3.16  233.2  3.14  234.2  3.15  2250  2145 1.000  39.2   8937 138A
31.03.2025 14:51:02  *01n 20 100TL 4  510.6  4.25  2172  566.1  1.88  1066  232.4  4.48  233.0  4.46  234.0  4.46  3239  3100 1.000  39.2   8950 9022
31.03.2025 14:51:22  *01n 20 100TL 4  515.1  4.11  2119  542.9  2.02  1098  232.6  4.84  233.1  4.82  234.3  4.81  3218  3248 1.000  39.2   8968 2A8E
31.03.2025 14:51:42  *01n 20 100TL 4  518.0  4.31  2235  552.0  2.05  1136  232.7  5.02  232.9  5.01  234.2  5.00  3372  3425 1.000  39.2   8989 881D
31.03.2025 14:52:02  *01n 20 100TL 4  518.5  2.86  1486  556.7  1.19   662  232.6  3.39  233.2  3.38  234.3  3.36  2148  2221 1.000  39.2   9003 1C44
31.03.2025 14:52:22  *01n 20 100TL 4  518.0  2.72  1411  536.3  1.21   653  232.7  3.00  233.4  2.98  234.4  2.96  2064  2035 1.000  39.2   9015 9FCA
31.03.2025 14:52:42  *01n 20 100TL 4  518.0  2.71  1406  537.5  1.22   657  232.8  2.98  233.5  2.98  234.6  2.92  2064  1991 1.000  39.2   9026 4597
31.03.2025 14:53:03  *01n 20 100TL 4  517.6  2.58  1336  548.9  1.06   588  233.0  2.97  233.5  2.98  234.5  2.91  1925  1998 1.000  39.2   9037 10DA
31.03.2025 14:53:23  *01n 20 100TL 4  527.2  2.60  1373  549.3  1.12   621  233.0  3.03  233.4  3.02  234.6  2.97  1994  2024 1.000  39.2   9049 9098
31.03.2025 14:53:43  *01n 20 100TL 4  523.3  2.90  1519  539.5  1.35   727  233.3  3.13  233.1  3.10  234.0  3.09  2247  2165 1.000  39.2   9060 A2A8
31.03.2025 14:54:03  *01n 20 100TL 4  523.4  3.02  1582  539.2  1.34   727  232.6  3.48  233.2  3.47  234.3  3.44  2310  2278 1.000  39.2   9073 4DEB
31.03.2025 14:54:23  *01n 20 100TL 4  517.9  3.93  2040  555.8  1.73   965  232.9  4.42  233.6  4.41  234.7  4.40  3006  2963 1.000  39.2   9086 D105
31.03.2025 14:54:43  *01n 20 100TL 4  518.0  3.53  1831  533.6  1.66   888  233.2  4.02  233.7  3.99  234.9  4.00  2719  2757 1.000  39.2   9102 B3F0
31.03.2025 14:55:03  *01n 20 100TL 4  524.5  4.61  2423  553.3  2.17  1205  233.8  5.20  233.7  5.21  234.5  5.16  3628  3544 1.000  39.2   9118 09DC
31.03.2025 14:55:23  *01n 20 100TL 4  518.0  3.23  1673  540.9  1.41   767  232.8  3.61  233.4  3.61  234.7  3.61  2441  2484 1.000  39.2   9136 6981
31.03.2025 14:55:43  *01n 20 100TL 4  526.7  3.06  1614  517.2  1.36   708  233.1  3.35  232.5  3.36  234.1  3.30  2322  2279 1.000  39.2   9152 EFCF
31.03.2025 14:56:03  *01n 20 100TL 4  531.5  3.13  1666  547.2  1.51   825  233.0  3.54  233.6  3.53  234.9  3.52  2491  2398 1.000  39.2   9165 96A2
31.03.2025 14:56:23  *01n 20 100TL 4  535.8  3.02  1622  526.0  1.51   798  233.1  3.42  233.7  3.40  235.0  3.39  2420  2328 1.000  39.2   9178 B11E
31.03.2025 14:56:43  *01n 20 100TL 4  535.8  4.98  2673  545.0  2.34  1278  234.1  5.35  233.8  5.34  235.7  5.32  3952  3781 1.000  39.2   9192 C50D
31.03.2025 14:57:03  *01n 20 100TL 4  520.0  4.14  2154  518.0  1.95  1010  233.3  4.54  233.9  4.54  235.3  4.49  3164  3158 1.000  39.2   9211 AD3E
31.03.2025 14:57:23  *01n 20 100TL 4  517.2  5.73  2964  504.2  2.70  1365  233.7  6.12  234.4  6.11  235.6  6.12  4330  4274 1.000  39.2   9229 4DF5
31.03.2025 14:57:43  *01n 20 100TL 4  512.3  3.99  2044  514.9  1.89   973  233.5  4.33  234.1  4.33  235.4  4.29  3018  2977 1.000  39.2   9247 8A28
31.03.2025 14:58:03  *01n 20 100TL 4  509.2  6.11  3114  510.9  2.90  1486  233.8  6.36  234.3  6.35  235.6  6.33  4600  4661 1.000  39.2   9271 6F7B
31.03.2025 14:58:23  *01n 20 100TL 4  512.2  3.21  1644  521.7  1.46   766  233.3  3.59  233.8  3.60  235.2  3.54  2410  2462 1.000  39.3   9288 1E45
31.03.2025 14:58:43  *01n 20 100TL 4  509.0  3.25  1655  532.3  1.49   798  233.3  3.58  233.6  3.57  235.1  3.55  2453  2377 1.000  39.3   9302 79B4
31.03.2025 14:59:03  *01n 20 100TL 4  511.0  3.10  1588  536.4  1.41   762  233.5  3.38  234.1  3.35  235.6  3.36  2351  2327 1.000  39.3   9314 BE86
31.03.2025 14:59:24  *01n 20 100TL 4  511.1  3.07  1574  534.3  1.34   717  234.0  3.22  233.3  3.18  235.4  3.18  2291  2275 1.000  39.3   9327 8244
31.03.2025 14:59:44  *01n 20 100TL 4  511.3  3.01  1539  530.8  1.33   712  233.8  3.38  234.3  3.39  235.7  3.35  2252  2230 1.000  39.3   9339 5C3B
31.03.2025 15:00:04  *01n 20 100TL 4  511.6  2.80  1437  532.2  1.27   682  233.7  3.21  234.2  3.21  235.1  3.16  2119  2186 1.000  39.3   9352 C99B
31.03.2025 15:00:24  *01n 20 100TL 4  509.1  2.81  1434  532.0  1.23   656  233.4  3.25  233.8  3.25  235.2  3.22  2090  2143 1.000  39.3   9364 9F5B
31.03.2025 15:00:44  *01n 20 100TL 4  512.8  2.77  1420  531.8  1.19   634  233.4  3.11  233.9  3.11  235.2  3.07  2055  2095 1.000  39.3   9376 FF9B
31.03.2025 15:01:04  *01n 20 100TL 4  512.9  2.83  1457  530.5  1.26   672  233.5  3.14  233.9  3.13  235.2  3.11  2130  2056 1.000  39.3   9387 7FD7
31.03.2025 15:01:24  *01n 20 100TL 4  510.4  2.61  1335  535.0  1.18   631  233.5  2.94  233.8  2.89  235.1  2.89  1966  2020 1.000  39.3   9398 5521
31.03.2025 15:01:44  *01n 20 100TL 4  510.3  2.80  1432  534.3  1.22   651  233.5  2.96  234.0  2.96  235.3  2.90  2084  1995 1.000  39.3   9410 2D63
31.03.2025 15:02:04  *01n 20 100TL 4  499.9  2.65  1326  533.7  1.11   593  233.4  2.92  234.2  2.93  235.1  2.88  1919  1968 1.000  39.3   9421 C1B3
31.03.2025 15:02:24  *01n 20 100TL 4  510.3  2.70  1380  537.9  1.19   640  233.7  3.04  234.5  3.02  235.6  3.01  2021  2006 1.000  39.3   9432 252D
31.03.2025 15:02:44  *01n 20 100TL 4  517.4  2.68  1390  528.1  1.20   637  233.7  3.04  234.2  3.06  235.5  3.00  2027  2052 1.000  39.4   9443 AB4D
31.03.2025 15:03:04  *01n 20 100TL 4  517.0  2.70  1396  531.6  1.18   630  233.8  3.20  234.3  3.19  235.5  3.17  2026  2096 1.000  39.3   9455 1B1B
31.03.2025 15:03:23  *01n 20 100TL 4  512.3  2.88  1478  527.3  1.27   672  233.8  3.14  234.2  3.13  235.7  3.09  2151  2110 1.000  39.4   9467 B8E6
31.03.2025 15:03:44  *01n 20 100TL 4  512.0  2.68  1376  534.0  1.19   636  233.6  3.13  234.3  3.14  235.6  3.10  2012  2084 1.000  39.4   9478 6043
31.03.2025 15:04:04  *01n 20 100TL 4  512.2  2.78  1428  534.2  1.23   662  234.0  2.94  234.3  2.91  235.5  2.90  2090  2063 1.000  39.4   9490 49FA
31.03.2025 15:04:24  *01n 20 100TL 4  512.2  2.92  1498  544.4  1.21   663  234.5  3.13  234.3  3.13  235.9  3.12  2162  2125 1.000  39.4   9501 1F05
31.03.2025 15:04:44  *01n 20 100TL 4  522.2  3.07  1608  522.8  1.38   724  234.2  3.11  234.6  3.08  235.9  3.07  2333  2207 1.000  39.4   9513 AD0D
31.03.2025 15:05:04  *01n 20 100TL 4  517.1  2.99  1547  534.3  1.40   752  234.2  3.43  234.8  3.44  235.9  3.39  2299  2320 1.000  39.4   9527 C495
31.03.2025 15:05:25  *01n 20 100TL 4  516.9  2.85  1472  535.0  1.25   674  234.3  3.25  234.9  3.26  235.9  3.20  2146  2125 1.000  39.4   9539 B4EB
31.03.2025 15:05:45  *01n 20 100TL 4  511.7  2.76  1417  530.0  1.18   627  234.4  3.06  234.8  3.06  236.3  3.01  2044  2092 1.000  39.4   9550 70F1
31.03.2025 15:06:05  *01n 20 100TL 4  516.2  2.81  1452  532.5  1.23   659  234.4  2.94  234.9  2.92  235.8  2.89  2111  2088 1.000  39.4   9562 AD27
31.03.2025 15:06:25  *01n 20 100TL 4  516.2  2.79  1445  531.8  1.28   683  234.1  3.05  234.8  3.04  235.9  3.01  2128  2084 1.000  39.4   9573 0756
31.03.2025 15:06:45  *01n 20 100TL 4  511.7  2.82  1446  542.3  1.19   651  234.3  3.06  234.7  3.06  236.0  3.01  2098  2075 1.000  39.4   9585 9AE6
31.03.2025 15:07:05  *01n 20 100TL 4  511.6  2.73  1399  531.1  1.16   621  234.3  2.99  234.8  2.96  236.1  2.94  2020  2095 1.000  39.4   9597 43DD
31.03.2025 15:07:24  *01n 20 100TL 4  511.5  3.02  1545  530.9  1.32   703  234.4  3.15  234.9  3.14  236.3  3.11  2249  2148 1.000  39.4   9609 F748
31.03.2025 15:07:44  *01n 20 100TL 4  511.5  2.97  1522  530.8  1.37   727  234.3  3.17  234.9  3.14  236.1  3.12  2250  2214 1.000  39.4   9621 F8DF
31.03.2025 15:08:05  *01n 20 100TL 4  511.2  3.37  1727  530.5  1.50   801  234.4  3.58  234.8  3.58  236.2  3.53  2528  2438 1.000  39.4   9633 A776
31.03.2025 15:08:25  *01n 20 100TL 4  519.4  3.49  1817  510.7  1.61   827  234.4  3.82  234.9  3.81  236.2  3.79  2644  2694 1.000  39.4   9648 82BE
31.03.2025 15:08:45  *01n 20 100TL 4  524.5  3.65  1919  539.9  1.69   912  234.4  4.01  235.0  4.02  236.1  3.97  2832  2761 1.000  39.4   9664 A9AC
31.03.2025 15:09:04  *01n 20 100TL 4  517.6  3.31  1715  530.7  1.52   808  234.5  3.84  234.9  3.83  236.1  3.81  2523  2561 1.000  39.5   9678 5B62
31.03.2025 15:09:25  *01n 20 100TL 4  528.1  4.10  2169  530.3  1.84   978  234.5  4.34  235.4  4.33  236.3  4.30  3147  3042 1.000  39.4   9692 D46C
31.03.2025 15:09:45  *01n 20 100TL 4  521.9  4.17  2180  540.3  1.86  1007  234.7  4.45  235.5  4.44  236.5  4.42  3187  3169 1.000  39.4   9710 86D5
31.03.2025 15:10:05  *01n 20 100TL 4  528.8  6.11  3234  543.6  2.90  1580  235.1  6.80  235.9  6.80  236.8  6.78  4815  4768 1.000  39.5   9732 1FE1
31.03.2025 15:10:25  *01n 20 100TL 4  521.6  5.83  3042  537.3  2.67  1438  235.1  6.36  235.7  6.36  236.8  6.31  4481  4423 1.000  39.5   9758 BAD6
31.03.2025 15:10:46  *01n 20 100TL 4  532.3  5.54  2951  558.4  2.50  1400  235.2  6.07  235.7  6.07  236.8  6.02  4351  4209 1.000  39.5   9781 2932
31.03.2025 15:11:05  *01n 20 100TL 4  532.6  5.15  2745  556.7  2.31  1286  235.0  5.81  235.5  5.81  236.4  5.78  4031  4016 1.000  39.5   9805 C567
31.03.2025 15:11:25  *01n 20 100TL 4  537.8  5.55  2986  541.9  2.83  1538  235.2  6.64  236.0  6.63  236.9  6.61  4524  4563 1.000  39.5   9829 5570
31.03.2025 15:11:46  *01n 20 100TL 4  526.3  5.87  3089  535.8  2.82  1513  235.3  6.42  235.8  6.41  236.9  6.38  4603  4594 1.000  39.5   9856 950F
31.03.2025 15:12:06  *01n 20 100TL 4  518.9  5.89  3059  546.1  2.64  1446  235.2  6.22  235.9  6.20  236.9  6.17  4505  4460 1.000  39.5   9882 17D8
31.03.2025 15:12:26  *01n 20 100TL 4  514.3  6.22  3201  552.2  2.80  1547  235.6  6.52  236.0  6.51  237.1  6.50  4748  4632 1.000  39.5   9908 FE1C
31.03.2025 15:12:46  *01n 20 100TL 4  513.5  6.49  3315  536.1  3.08  1654  235.3  7.02  236.0  7.01  237.0  6.99  4969  4864 0.999c  39.5   9934 1703
31.03.2025 15:13:06  *01n 20 100TL 4  512.6  5.99  3073  536.2  2.86  1533  235.3  6.57  236.0  6.56  236.8  6.55  4606  4554 1.000  39.5   9959 09E2
31.03.2025 15:13:26  *01n 20 100TL 4  514.2  6.48  3335  530.6  3.07  1631  235.2  6.96  236.0  6.95  237.0  6.94  4966  4907 1.000  39.5   9987 C7C4
31.03.2025 15:13:46  *01n 20 100TL 4  511.2  6.47  3309  530.7  3.04  1617  235.7  7.05  236.1  7.04  236.9  7.03  4927  4869 1.000  39.5  10014 7FCA
31.03.2025 15:14:06  *01n 20 100TL 4  511.3  6.08  3109  528.7  2.98  1574  235.5  6.43  236.1  6.39  237.0  6.39  4684  4617 1.000  39.6  10041 DB98
31.03.2025 15:14:25  *01n 20 100TL 4  505.9  5.42  2742  541.4  2.53  1374  235.3  5.95  235.8  5.93  236.6  5.92  4116  4071 1.000  39.6  10063 C302
31.03.2025 15:14:45  *01n 20 100TL 4  505.2  2.99  1513  530.1  1.27   674  234.7  3.28  235.2  3.28  236.0  3.25  2188  2166 1.000  39.6  10079 8A7C
31.03.2025 15:15:06  *01n 20 100TL 4  501.6  2.87  1441  520.1  1.24   648  234.7  2.92  235.3  2.90  236.2  2.87  2090  2078 1.000  39.6  10091 24CA
31.03.2025 15:15:26  *01n 20 100TL 4  506.0  2.78  1406  518.9  1.28   666  234.6  2.86  235.2  2.85  236.2  2.83  2073  2034 1.000  39.6  10102 C3B7
31.03.2025 15:15:46  *01n 20 100TL 4  501.0  2.87  1438  519.0  1.28   665  235.1  3.11  235.9  3.10  236.5  3.08  2104  2055 1.000  39.6  10113 38F3
31.03.2025 15:16:06  *01n 20 100TL 4  508.1  2.89  1472  519.1  1.27   660  235.2  3.21  236.0  3.21  236.6  3.19  2133  2116 1.000  39.7  10125 6EC1
31.03.2025 15:16:26  *01n 20 100TL 4  507.6  3.25  1655  529.3  1.48   785  235.2  3.52  235.9  3.50  236.6  3.49  2441  2336 1.000  39.7  10137 1C95
31.03.2025 15:16:46  *01n 20 100TL 4  513.7  6.27  3225  516.2  3.03  1570  235.7  6.70  236.6  6.69  237.1  6.68  4795  4722 1.000  39.7  10155 2081
31.03.2025 15:17:06  *01n 20 100TL 4  502.5  3.36  1687  517.6  1.50   778  235.5  3.50  235.9  3.50  236.9  3.46  2465  2377 1.000  39.7  10177 9592
31.03.2025 15:17:27  *01n 20 100TL 4  499.4  3.32  1660  531.0  1.42   759  235.4  3.51  236.1  3.51  236.9  3.47  2420  2343 1.000  39.7  10189 B78E
31.03.2025 15:17:46  *01n 20 100TL 4  509.3  3.25  1660  526.2  1.43   755  235.5  3.46  236.1  3.46  236.8  3.41  2415  2371 1.000  39.7  10202 9B88
31.03.2025 15:18:07  *01n 20 100TL 4  520.8  6.34  3305  528.8  3.08  1634  235.9  7.17  236.7  7.17  237.4  7.15  4939  4962 1.000  39.7  10222 9828
31.03.2025 15:18:27  *01n 20 100TL 4  509.7  6.71  3424  533.9  3.17  1698  236.1  7.11  236.8  7.11  237.7  7.09  5122  4998 1.000  39.8  10251 35FD
31.03.2025 15:18:47  *01n 20 100TL 4  509.7  6.75  3440  533.7  3.12  1667  237.0  7.10  236.3  7.11  237.6  7.06  5108  4991 1.000  39.8  10279 9E5E
31.03.2025 15:19:06  *01n 20 100TL 4  508.6  6.60  3361  532.2  3.13  1666  236.0  7.12  236.6  7.12  237.6  7.11  5027  4974 1.000  39.8  10306 285A
31.03.2025 15:19:26  *01n 20 100TL 4  505.1  6.54  3303  532.1  3.09  1647  235.9  7.06  236.6  7.06  237.4  7.03  4951  4899 1.000  39.8  10334 36DE
31.03.2025 15:19:47  *01n 20 100TL 4  508.8  6.45  3285  530.0  3.06  1622  236.1  6.98  236.6  6.97  237.5  6.96  4907  4853 1.000  39.8  10359 2F1D
31.03.2025 15:20:07  *01n 20 100TL 4  508.6  6.42  3266  524.6  3.04  1599  236.0  6.96  236.5  6.96  237.6  6.93  4866  4823 1.000  39.8  10388 BB07
31.03.2025 15:20:27  *01n 20 100TL 4  504.4  6.35  3205  524.3  2.95  1547  236.2  6.93  236.7  6.92  237.5  6.89  4753  4786 1.000  39.9  10414 F0A0
31.03.2025 15:20:46  *01n 20 100TL 4  504.1  6.27  3161  524.3  2.99  1571  236.0  6.65  236.6  6.64  237.3  6.62  4733  4754 1.000  39.9  10441 4807
31.03.2025 15:21:07  *01n 20 100TL 4  508.6  6.28  3199  529.7  2.97  1576  235.7  6.74  236.3  6.72  237.1  6.71  4776  4718 1.000  39.9  10467 766B
31.03.2025 15:21:27  *01n 20 100TL 4  503.9  6.43  3241  524.6  2.97  1559  235.7  6.55  236.3  6.55  237.2  6.53  4800  4676 1.000  39.9  10493 C5C4
31.03.2025 15:21:46  *01n 20 100TL 4  503.9  6.11  3082  525.2  2.90  1525  235.5  6.59  236.0  6.61  236.8  6.55  4608  4621 1.000  39.9  10520 3256
31.03.2025 15:22:07  *01n 20 100TL 4  503.7  4.22  2125  529.2  2.05  1086  235.2  4.67  235.7  4.68  236.6  4.62  3212  3295 1.000  40.0  10543 683E
31.03.2025 15:22:27  *01n 20 100TL 4  501.9  2.69  1350  521.4  1.19   622  234.5  2.89  235.2  2.89  236.1  2.83  1972  1950 1.000  40.0  10557 71CA
31.03.2025 15:22:47  *01n 20 100TL 4  501.5  2.59  1298  521.1  1.08   566  234.7  2.73  235.1  2.71  235.9  2.70  1864  1858 1.000  40.0  10568 B40B
31.03.2025 15:23:07  *01n 20 100TL 4  491.4  2.62  1289  511.0  1.15   590  234.4  2.67  235.1  2.64  235.7  2.64  1879  1792 1.000  40.0  10578 B5E0
31.03.2025 15:23:27  *01n 20 100TL 4  490.3  2.55  1252  510.6  1.13   581  234.6  2.63  235.2  2.62  236.0  2.56  1834  1745 1.000  40.0  10588 6CF9
31.03.2025 15:23:48  *01n 20 100TL 4  500.3  2.45  1229  520.5  1.03   540  234.5  2.48  234.7  2.48  235.6  2.45  1770  1728 1.000  40.0  10598 3EA0
31.03.2025 15:24:08  *01n 20 100TL 4  500.4  2.32  1162  519.5  0.96   502  234.5  2.59  234.9  2.59  235.8  2.55  1664  1712 1.000  40.1  10608 0207
31.03.2025 15:24:28  *01n 20 100TL 4  499.4  2.42  1208  509.8  1.00   514  235.4  2.56  234.8  2.57  235.9  2.52  1722  1695 1.000  40.1  10617 7255
31.03.2025 15:24:47  *01n 20 100TL 4  499.6  2.24  1123  509.5  1.01   514  234.7  2.62  235.3  2.62  235.3  2.57  1637  1684 1.000  40.1  10626 9D9B
31.03.2025 15:25:07  *01n 20 100TL 4  499.6  2.32  1161  519.7  0.99   515  235.1  2.57  234.6  2.56  235.8  2.55  1676  1673 1.000  40.1  10636 B627
31.03.2025 15:25:27  *01n 20 100TL 4  499.7  2.21  1106  519.4  0.92   479  234.6  2.50  235.0  2.46  235.8  2.46  1585  1661 1.000  40.1  10645 0D00
31.03.2025 15:25:48  *01n 20 100TL 4  499.4  2.38  1190  519.0  0.99   515  234.4  2.49  234.9  2.48  235.4  2.44  1705  1647 1.000  40.1  10654 2022
31.03.2025 15:26:08  *01n 20 100TL 4  499.1  2.34  1170  518.8  1.03   537  234.5  2.47  234.9  2.46  235.7  2.42  1707  1637 1.000  40.2  10663 C9BF
31.03.2025 15:26:28  *01n 20 100TL 4  499.5  2.37  1185  518.5  1.04   546  234.4  2.47  235.0  2.47  235.8  2.42  1731  1628 1.000  40.2  10672 BE0A
31.03.2025 15:26:48  *01n 20 100TL 4  498.4  2.15  1074  518.4  0.90   469  234.4  2.37  235.0  2.35  235.7  2.35  1544  1617 1.000  40.2  10681 0298
31.03.2025 15:27:08  *01n 20 100TL 4  498.2  2.28  1138  518.0  0.93   483  234.1  2.42  234.8  2.41  235.5  2.39  1622  1609 1.000  40.2  10690 B75E
31.03.2025 15:27:27  *01n 20 100TL 4  507.7  2.17  1106  528.3  0.93   494  234.3  2.42  234.6  2.41  235.7  2.37  1600  1589 1.000  40.2  10699 D3DC
31.03.2025 15:27:47  *01n 20 100TL 4  497.6  2.31  1152  517.4  0.99   514  234.5  2.39  235.0  2.38  235.6  2.35  1666  1583 1.000  40.2  10708 2FA3
31.03.2025 15:28:07  *01n 20 100TL 4  497.6  2.17  1081  517.3  0.88   457  234.4  2.38  234.7  2.38  235.3  2.32  1539  1576 1.000  40.2  10717 FA98
31.03.2025 15:28:28  *01n 20 100TL 4  507.1  2.03  1033  517.2  0.89   460  234.3  2.39  234.7  2.38  235.6  2.33  1493  1565 1.000  40.2  10726 2478
31.03.2025 15:28:48  *01n 20 100TL 4  507.9  2.10  1071  516.6  0.88   457  234.1  2.45  234.6  2.43  235.5  2.43  1528  1557 1.000  40.2  10734 D5C4
31.03.2025 15:29:08  *01n 20 100TL 4  496.8  2.07  1033  526.9  0.89   471  234.5  2.44  235.0  2.44  235.8  2.39  1504  1548 1.000  40.2  10743 8EDA
31.03.2025 15:29:28  *01n 20 100TL 4  506.5  2.24  1141  516.3  0.95   492  234.5  2.30  234.7  2.28  235.6  2.27  1634  1541 1.000  40.2  10752 5792
31.03.2025 15:29:48  *01n 20 100TL 4  506.3  2.16  1097  526.5  0.86   457  234.4  2.21  235.0  2.19  235.7  2.16  1554  1532 1.000  40.2  10760 7B22
31.03.2025 15:30:08  *01n 20 100TL 4  506.0  1.97   999  526.1  0.85   450  234.7  2.25  235.1  2.24  235.9  2.22  1449  1524 1.000  40.2  10769 383E
31.03.2025 15:30:28  *01n 20 100TL 4  505.9  2.10  1065  525.7  0.91   480  234.8  2.27  235.1  2.25  236.0  2.24  1545  1522 1.000  40.2  10777 7103
31.03.2025 15:30:49  *01n 20 100TL 4  505.7  2.23  1129  528.4  0.90   476  234.8  2.28  235.1  2.28  236.0  2.24  1605  1516 1.000  40.2  10786 3AC4
31.03.2025 15:31:09  *01n 20 100TL 4  505.4  2.14  1084  525.4  0.86   457  234.7  2.24  235.3  2.22  236.2  2.19  1542  1516 1.000  40.2  10794 0EA3
31.03.2025 15:31:28  *01n 20 100TL 4  505.4  2.19  1110  535.6  0.90   483  234.7  2.31  234.8  2.31  235.8  2.27  1594  1516 1.000  40.2  10802 9B35
31.03.2025 15:31:48  *01n 20 100TL 4  514.9  2.05  1055  524.7  0.91   479  235.6  2.34  234.2  2.34  235.3  2.33  1535  1522 1.000  40.2  10811 F4D8
31.03.2025 15:32:08  *01n 20 100TL 4  504.8  2.18  1103  535.1  0.85   460  234.5  2.41  234.7  2.41  235.7  2.38  1564  1538 1.000  40.2  10820 0504
31.03.2025 15:32:28  *01n 20 100TL 4  514.4  2.02  1040  524.2  0.83   437  234.5  2.38  235.1  2.35  235.9  2.33  1478  1551 1.000  40.2  10828 7559
31.03.2025 15:32:49  *01n 20 100TL 4  514.2  2.16  1113  523.9  0.95   502  234.7  2.25  235.4  2.23  236.1  2.19  1615  1567 1.000  40.2  10837 590E
31.03.2025 15:33:09  *01n 20 100TL 4  503.8  2.22  1120  523.7  0.96   503  234.8  2.34  235.3  2.31  236.4  2.31  1623  1593 1.000  40.2  10846 F489
31.03.2025 15:33:29  *01n 20 100TL 4  514.3  2.21  1138  523.5  0.96   505  234.9  2.45  235.3  2.44  236.4  2.39  1643  1615 1.000  40.2  10855 A5BC
31.03.2025 15:33:49  *01n 20 100TL 4  513.1  2.15  1104  533.5  0.88   469  235.0  2.54  235.5  2.53  236.5  2.52  1574  1651 1.000  40.2  10864 8143
31.03.2025 15:34:08  *01n 20 100TL 4  503.0  2.35  1185  533.7  0.97   521  236.0  2.40  235.2  2.38  235.7  2.38  1707  1672 1.000  40.2  10873 7FA0
31.03.2025 15:34:29  *01n 20 100TL 4  513.0  2.19  1124  533.0  0.97   518  235.0  2.58  235.5  2.60  236.6  2.53  1643  1719 1.000  40.2  10882 6908
31.03.2025 15:34:49  *01n 20 100TL 4  512.5  2.55  1307  532.8  1.06   569  235.1  2.75  235.7  2.76  236.6  2.72  1876  1780 1.000  40.2  10892 E744
31.03.2025 15:35:09  *01n 20 100TL 4  522.7  2.57  1347  532.2  1.10   588  235.1  2.83  235.7  2.82  236.6  2.79  1936  1858 1.000  40.2  10903 76C4
31.03.2025 15:35:29  *01n 20 100TL 4  511.8  2.57  1318  535.2  1.12   601  235.2  2.75  235.5  2.72  236.5  2.72  1919  1905 1.000  40.2  10913 9E3C
31.03.2025 15:35:49  *01n 20 100TL 4  531.8  2.49  1327  521.3  1.15   602  235.4  2.61  235.7  2.59  236.8  2.57  1930  1847 1.000  40.2  10923 3CCD
31.03.2025 15:36:10  *01n 20 100TL 4  511.2  2.58  1322  531.6  1.16   619  235.3  2.72  235.9  2.71  236.7  2.67  1942  1908 1.000  40.2  10934 CE9B
31.03.2025 15:36:29  *01n 20 100TL 4  511.0  2.62  1341  531.2  1.10   587  235.2  2.82  235.6  2.79  236.7  2.79  1928  1915 1.000  40.2  10944 3761
31.03.2025 15:36:49  *01n 20 100TL 4  521.8  2.81  1472  552.7  1.16   645  235.3  2.97  235.9  2.95  236.8  2.93  2117  2047 1.000  40.2  10956 C7E3
31.03.2025 15:37:09  *01n 20 100TL 4  540.2  3.80  2050  532.6  1.87  1000  235.9  4.22  236.2  4.20  236.6  4.19  3051  2940 1.000  40.2  10970 C1CF
31.03.2025 15:37:29  *01n 20 100TL 4  545.1  2.27  1245  542.7  1.19   653  235.6  2.89  236.0  2.88  236.8  2.86  1898  1869 1.000  40.1  10984 6089
31.03.2025 15:37:50  *01n 20 100TL 4  512.5  2.49  1277  533.1  1.04   556  235.4  2.89  235.8  2.87  236.7  2.85  1834  1898 1.000  40.1  10995 11E2
31.03.2025 15:38:10  *01n 20 100TL 4  512.4  2.50  1286  530.1  1.05   558  235.7  2.75  235.4  2.75  236.6  2.72  1844  1828 1.000  40.1  11005 E11F
31.03.2025 15:38:29  *01n 20 100TL 4  502.9  2.45  1239  529.8  1.09   579  235.5  2.63  235.8  2.65  236.9  2.59  1818  1762 1.000  40.1  11015 9D63
31.03.2025 15:38:49  *01n 20 100TL 4  502.7  2.38  1197  529.8  1.02   544  235.1  2.62  235.7  2.60  236.6  2.58  1742  1739 1.000  40.1  11025 E779
31.03.2025 15:39:10  *01n 20 100TL 4  512.1  2.27  1162  529.3  0.96   508  235.1  2.58  235.5  2.56  236.6  2.56  1670  1728 1.000  40.1  11034 FF3D
31.03.2025 15:39:29  *01n 20 100TL 4  511.9  2.34  1200  529.2  0.98   520  235.3  2.67  235.9  2.66  236.8  2.62  1721  1722 1.000  40.1  11044 2DC9
31.03.2025 15:39:49  *01n 20 100TL 4  511.2  2.44  1248  527.0  1.08   572  235.2  2.45  235.5  2.43  236.6  2.39  1820  1719 1.000  40.1  11054 1EAB
31.03.2025 15:40:10  *01n 20 100TL 4  511.7  2.43  1245  528.7  1.08   576  235.2  2.59  235.8  2.60  236.8  2.54  1821  1736 1.000  40.1  11063 9C13
31.03.2025 15:40:29  *01n 20 100TL 4  532.5  2.40  1281  540.0  1.07   581  235.2  2.81  235.5  2.80  236.7  2.79  1863  1824 1.000  40.1  11073 5C78
31.03.2025 15:40:50  *01n 20 100TL 4  513.5  2.60  1335  528.0  1.10   582  235.0  2.68  235.6  2.65  236.6  2.65  1918  1834 1.000  40.1  11084 9AB3
31.03.2025 15:41:10  *01n 20 100TL 4  512.3  2.49  1280  537.8  1.12   608  234.9  2.86  235.4  2.84  236.4  2.83  1889  1875 1.000  40.1  11094 E351
31.03.2025 15:41:30  *01n 20 100TL 4  512.6  2.30  1182  528.0  1.01   535  234.4  2.63  234.9  2.63  236.3  2.58  1718  1762 1.000  40.1  11104 712C
31.03.2025 15:41:50  *01n 20 100TL 4  512.4  2.56  1315  535.8  1.05   566  235.0  2.51  235.0  2.49  236.3  2.46  1881  1771 1.000  40.1  11114 CB22
31.03.2025 15:42:10  *01n 20 100TL 4  513.0  2.25  1155  529.9  0.98   520  234.7  2.45  235.1  2.44  236.2  2.41  1675  1709 1.000  40.1  11124 20D8
31.03.2025 15:42:30  *01n 20 100TL 4  512.7  2.41  1237  537.3  1.03   558  234.7  2.51  235.0  2.49  236.3  2.50  1795  1693 1.000  40.1  11133 6B5A
31.03.2025 15:42:50  *01n 20 100TL 4  511.3  2.36  1211  537.0  1.02   552  234.7  2.61  235.3  2.61  236.3  2.58  1763  1687 1.000  40.1  11142 1AF0
31.03.2025 15:43:10  *01n 20 100TL 4  511.7  2.38  1222  536.6  0.99   535  234.8  2.63  235.3  2.61  236.3  2.59  1757  1689 1.000  40.1  11152 B795
31.03.2025 15:43:30  *01n 20 100TL 4  511.3  2.43  1246  536.3  0.98   527  234.5  2.54  234.9  2.55  236.1  2.49  1774  1695 1.000  40.0  11161 62E6
31.03.2025 15:43:50  *01n 20 100TL 4  521.2  2.26  1177  537.8  1.00   537  234.7  2.45  234.8  2.43  236.2  2.42  1715  1692 1.000  40.0  11171 E117
31.03.2025 15:44:10  *01n 20 100TL 4  511.5  2.23  1144  528.1  0.96   509  234.9  2.60  235.1  2.59  236.4  2.55  1654  1710 1.000  40.0  11180 95F4
31.03.2025 15:44:30  *01n 20 100TL 4  508.6  2.40  1223  529.1  0.98   520  235.0  2.67  235.2  2.66  236.5  2.64  1744  1724 1.000  40.0  11190 409D
31.03.2025 15:44:50  *01n 20 100TL 4  510.3  2.42  1237  524.9  0.99   524  234.5  2.71  234.8  2.71  236.3  2.69  1762  1730 1.000  40.0  11199 F8D3
31.03.2025 15:45:10  *01n 20 100TL 4  519.8  2.28  1188  535.0  1.00   537  234.6  2.46  235.1  2.45  236.3  2.42  1725  1728 1.000  40.0  11209 558F
31.03.2025 15:45:30  *01n 20 100TL 4  509.1  2.27  1162  524.3  1.01   531  235.0  2.64  235.3  2.61  236.6  2.61  1693  1731 1.000  40.0  11219 4699
31.03.2025 15:45:50  *01n 20 100TL 4  508.2  2.44  1240  537.7  0.99   535  235.0  2.62  235.4  2.63  236.6  2.57  1776  1736 1.000  40.0  11228 AADC
31.03.2025 15:46:10  *01n 20 100TL 4  510.6  2.45  1252  530.7  1.04   552  235.2  2.50  234.8  2.49  236.6  2.46  1805  1733 1.000  40.0  11238 DABB
31.03.2025 15:46:30  *01n 20 100TL 4  516.1  2.21  1145  530.1  0.97   518  235.0  2.50  235.2  2.48  236.6  2.46  1664  1727 1.000  40.0  11248 C236
31.03.2025 15:46:50  *01n 20 100TL 4  511.6  2.35  1206  527.5  1.03   547  234.7  2.58  235.3  2.60  236.4  2.53  1754  1718 1.000  40.0  11258 5787
31.03.2025 15:47:11  *01n 20 100TL 4  508.4  2.45  1246  533.6  1.06   566  234.5  2.59  235.0  2.58  236.3  2.54  1812  1712 1.000  40.0  11267 C95E
31.03.2025 15:47:30  *01n 20 100TL 4  518.0  2.23  1158  532.5  0.93   498  234.5  2.59  234.8  2.58  236.2  2.57  1657  1705 1.000  40.0  11276 3BAB
31.03.2025 15:47:50  *01n 20 100TL 4  508.6  2.45  1246  535.6  1.04   558  234.8  2.41  234.7  2.37  236.1  2.36  1805  1690 1.000  40.0  11286 33ED
31.03.2025 15:48:11  *01n 20 100TL 4  509.5  2.18  1112  540.2  0.93   505  235.0  2.52  235.0  2.51  236.3  2.47  1617  1678 1.000  40.0  11295 C7FD
31.03.2025 15:48:31  *01n 20 100TL 4  514.4  2.26  1167  536.4  0.93   500  234.6  2.62  234.7  2.62  236.1  2.59  1667  1676 1.000  40.0  11305 5C6E
31.03.2025 15:48:51  *01n 20 100TL 4  513.8  2.24  1153  536.6  0.94   506  235.2  2.35  234.6  2.33  234.8  2.30  1660  1658 0.999c  40.0  11314 FC1B
31.03.2025 15:49:11  *01n 20 100TL 4  517.0  2.32  1202  531.9  0.99   532  235.1  2.49  234.3  2.47  236.1  2.43  1734  1652 1.000  40.0  11323 42F9
31.03.2025 15:49:31  *01n 20 100TL 4  516.2  2.29  1187  533.2  1.02   546  234.2  2.39  234.3  2.37  235.7  2.36  1733  1644 1.000  39.9  11332 F4AB
31.03.2025 15:49:51  *01n 20 100TL 4  507.7  2.17  1104  534.3  0.92   495  234.4  2.45  234.5  2.43  235.7  2.43  1600  1638 1.000  39.9  11341 3A2D
31.03.2025 15:50:11  *01n 20 100TL 4  509.3  2.16  1101  534.9  0.87   466  235.1  2.39  234.7  2.37  235.5  2.35  1568  1631 1.000  39.9  11351 B1BF
31.03.2025 15:50:31  *01n 20 100TL 4  509.8  2.27  1158  537.2  0.92   497  234.4  2.33  234.7  2.32  235.9  2.30  1655  1625 1.000  39.9  11360 0E12
31.03.2025 15:50:52  *01n 20 100TL 4  519.5  2.15  1120  535.1  0.94   508  234.5  2.32  234.6  2.30  235.9  2.27  1628  1617 1.000  39.9  11369 0364
31.03.2025 15:51:12  *01n 20 100TL 4  510.0  2.37  1211  535.2  0.96   517  234.6  2.47  234.8  2.43  236.1  2.43  1728  1623 1.000  39.9  11378 913C
31.03.2025 15:51:32  *01n 20 100TL 4  515.2  2.25  1162  538.2  0.90   489  234.6  2.38  234.7  2.36  236.0  2.35  1652  1620 1.000  39.9  11387 5162
31.03.2025 15:51:51  *01n 20 100TL 4  511.7  2.14  1095  533.2  0.89   479  234.4  2.44  234.8  2.45  235.9  2.39  1574  1620 1.000  39.9  11396 C7F2
31.03.2025 15:52:11  *01n 20 100TL 4  510.6  2.25  1152  533.2  0.97   523  234.3  2.36  234.6  2.35  235.8  2.33  1675  1618 1.000  39.9  11405 0B7D
31.03.2025 15:52:31  *01n 20 100TL 4  509.6  2.23  1141  533.3  0.94   502  233.6  2.52  233.8  2.50  235.0  2.50  1643  1615 1.000  39.9  11414 E032
31.03.2025 15:52:51  *01n 20 100TL 4  518.0  2.12  1101  523.5  0.88   462  233.8  2.44  233.9  2.45  235.1  2.39  1564  1600 1.000  39.9  11423 06B2
31.03.2025 15:53:11  *01n 20 100TL 4  508.3  2.20  1121  534.1  0.95   514  234.1  2.47  234.7  2.46  235.8  2.44  1635  1611 1.000  39.9  11432 17FA
31.03.2025 15:53:31  *01n 20 100TL 4  517.9  2.19  1138  533.2  0.94   505  234.2  2.45  234.6  2.45  235.7  2.40  1643  1606 1.000  39.9  11441 9872
31.03.2025 15:53:52  *01n 20 100TL 4  510.1  2.17  1109  534.9  0.94   506  233.8  2.48  234.3  2.48  235.3  2.43  1615  1606 1.000  39.9  11449 9A12
31.03.2025 15:54:12  *01n 20 100TL 4  508.6  2.23  1141  541.9  0.89   483  234.2  2.42  234.2  2.43  235.7  2.39  1625  1594 1.000  39.9  11458 319C
31.03.2025 15:54:32  *01n 20 100TL 4  516.1  2.15  1112  532.2  0.90   485  234.5  2.42  234.9  2.40  235.9  2.37  1597  1589 1.000  39.9  11467 1F77
31.03.2025 15:54:52  *01n 20 100TL 4  507.3  2.18  1110  532.0  0.95   509  234.3  2.34  234.6  2.34  235.7  2.32  1620  1573 1.000  39.9  11476 61C0
31.03.2025 15:55:12  *01n 20 100TL 4  516.2  2.10  1087  532.8  0.86   462  234.9  2.36  234.7  2.35  235.5  2.30  1550  1551 1.000  39.9  11485 364A
31.03.2025 15:55:32  *01n 20 100TL 4  516.4  1.98  1026  531.8  0.81   431  234.9  2.32  234.4  2.33  236.0  2.29  1458  1532 1.000  39.8  11494 D902
31.03.2025 15:55:52  *01n 20 100TL 4  506.3  1.97  1000  531.6  0.83   440  234.4  2.31  235.0  2.29  236.0  2.29  1441  1515 1.000  39.8  11502 44AD
31.03.2025 15:56:13  *01n 20 100TL 4  516.1  1.99  1029  531.7  0.87   466  234.9  2.31  235.4  2.30  236.3  2.27  1496  1498 1.000  39.8  11511 6DC4
31.03.2025 15:56:32  *01n 20 100TL 4  512.4  1.91   981  529.5  0.79   422  234.7  2.27  235.2  2.26  236.3  2.21  1403  1478 1.000  39.8  11518 D798
31.03.2025 15:56:52  *01n 20 100TL 4  508.5  2.07  1054  529.9  0.83   440  234.3  2.26  234.9  2.25  236.0  2.20  1495  1463 1.000  39.8  11527 60B4
31.03.2025 15:57:12  *01n 20 100TL 4  508.0  2.12  1077  531.7  0.86   459  234.3  2.08  234.7  2.06  235.8  2.04  1536  1445 1.000  39.8  11535 6759
31.03.2025 15:57:32  *01n 20 100TL 4  508.1  2.07  1054  529.5  0.89   471  234.0  2.07  234.5  2.04  235.6  2.02  1525  1428 1.000  39.8  11543 4AA9
31.03.2025 15:57:52  *01n 20 100TL 4  507.8  1.95   993  529.4  0.83   440  233.9  2.18  234.6  2.16  235.4  2.11  1434  1414 1.000  39.8  11551 7D59
31.03.2025 15:58:12  *01n 20 100TL 4  513.3  1.95  1000  530.6  0.78   415  234.1  2.24  234.9  2.24  235.8  2.21  1416  1405 1.000  39.8  11559 51F4
31.03.2025 15:58:33  *01n 20 100TL 4  509.7  1.81   927  524.3  0.75   393  234.3  2.26  234.9  2.25  235.9  2.24  1321  1394 1.000  39.8  11567 DF45
31.03.2025 15:58:52  *01n 20 100TL 4  509.2  1.96  1002  534.7  0.82   439  234.4  2.05  234.8  2.02  235.8  2.01  1441  1382 1.000  39.8  11574 4A8B
31.03.2025 15:59:12  *01n 20 100TL 4  509.3  1.90   968  525.0  0.78   408  234.2  1.99  234.6  1.98  235.7  1.95  1377  1370 1.000  39.8  11582 DC64
31.03.2025 15:59:32  *01n 20 100TL 4  508.9  1.91   976  531.8  0.75   398  233.8  2.17  234.4  2.15  235.5  2.13  1374  1359 1.000  39.8  11589 93BF
31.03.2025 15:59:52  *01n 20 100TL 4  507.6  1.87   950  526.9  0.77   408  234.8  1.95  234.4  1.95  235.7  1.92  1359  1342 1.000  39.8  11597 37E7
31.03.2025 16:00:13  *01n 20 100TL 4  510.1  1.75   895  526.8  0.75   395  234.8  2.17  235.5  2.16  236.4  2.12  1290  1335 1.000  39.8  11605 430D
31.03.2025 16:00:33  *01n 20 100TL 4  510.2  1.74   889  530.0  0.68   366  234.5  1.99  234.9  1.96  236.0  1.96  1255  1319 1.000  39.8  11612 D73E
31.03.2025 16:00:54  *01n 20 100TL 4  507.9  1.86   949  533.3  0.72   387  234.6  1.91  235.2  1.90  235.6  1.88  1336  1309 1.000  39.7  11619 2C0F
31.03.2025 16:01:13  *01n 20 100TL 4  517.6  1.76   910  522.3  0.73   383  234.8  2.10  235.6  2.10  236.5  2.08  1293  1290 1.000  39.7  11626 BBC3
31.03.2025 16:01:33  *01n 20 100TL 4  507.4  1.78   906  522.1  0.75   395  234.8  1.89  235.1  1.88  236.0  1.86  1301  1280 1.000  39.7  11633 9B07
31.03.2025 16:01:53  *01n 20 100TL 4  507.2  1.78   906  521.9  0.70   366  235.2  2.04  235.6  2.04  236.3  2.01  1272  1269 1.000  39.7  11641 89BE
31.03.2025 16:02:13  *01n 20 100TL 4  506.7  1.78   903  521.7  0.68   358  235.7  2.02  235.4  2.01  235.6  1.98  1261  1252 1.000  39.7  11648 06E3
31.03.2025 16:02:33  *01n 20 100TL 4  516.5  1.68   869  521.4  0.69   364  234.9  1.81  235.5  1.80  236.3  1.77  1234  1226 1.000  39.7  11655 5DC3
31.03.2025 16:02:53  *01n 20 100TL 4  506.5  1.79   910  521.2  0.74   389  235.0  1.82  235.6  1.80  236.4  1.77  1300  1219 1.000  39.7  11662 F24D
31.03.2025 16:03:14  *01n 20 100TL 4  507.6  1.71   869  530.7  0.68   361  235.2  1.82  235.6  1.79  236.3  1.78  1231  1210 1.000  39.7  11668 E817
31.03.2025 16:03:33  *01n 20 100TL 4  513.3  1.66   854  530.6  0.65   349  235.1  1.93  235.5  1.93  236.4  1.90  1203  1197 1.000  39.7  11675 0BA2
31.03.2025 16:03:53  *01n 20 100TL 4  506.7  1.67   849  530.4  0.65   349  235.5  1.72  235.0  1.72  236.6  1.70  1199  1185 1.000  39.7  11682 B319
31.03.2025 16:04:13  *01n 20 100TL 4  506.7  1.63   830  530.4  0.66   350  235.3  1.79  235.7  1.78  236.4  1.77  1181  1177 1.000  39.7  11688 ABFB
31.03.2025 16:04:33  *01n 20 100TL 4  506.3  1.64   834  530.2  0.63   334  235.1  1.84  235.7  1.84  236.4  1.77  1168  1168 1.000  39.7  11695 5535
31.03.2025 16:04:53  *01n 20 100TL 4  513.8  1.51   781  530.7  0.57   306  235.2  1.85  235.4  1.83  236.2  1.83  1087  1165 1.000  39.7  11701 0D82
31.03.2025 16:05:13  *01n 20 100TL 4  513.0  1.69   869  529.6  0.68   364  235.1  1.83  235.7  1.83  236.3  1.80  1234  1162 1.000  39.7  11708 B610
31.03.2025 16:05:33  *01n 20 100TL 4  509.3  1.52   776  524.4  0.62   329  235.0  1.80  235.7  1.80  236.6  1.75  1106  1153 1.000  39.7  11714 28AE
31.03.2025 16:05:53  *01n 20 100TL 4  499.2  1.69   848  524.3  0.67   350  235.3  1.80  235.7  1.80  236.3  1.75  1199  1138 1.000  39.7  11720 F068
31.03.2025 16:06:14  *01n 20 100TL 4  508.8  1.58   804  524.0  0.60   314  234.7  1.78  235.6  1.79  236.3  1.77  1118  1147 1.000  39.7  11727 BA11
31.03.2025 16:06:34  *01n 20 100TL 4  508.6  1.69   860  523.8  0.66   350  234.8  1.68  235.7  1.66  236.3  1.66  1211  1135 1.000  39.6  11733 75BF
31.03.2025 16:06:54  *01n 20 100TL 4  508.5  1.63   831  523.6  0.67   350  235.1  1.87  235.2  1.85  235.7  1.82  1182  1129 1.000  39.6  11740 7DF2
31.03.2025 16:07:14  *01n 20 100TL 4  508.2  1.67   852  532.9  0.63   335  234.9  1.77  235.3  1.78  236.0  1.73  1188  1121 1.000  39.6  11746 ACDC
31.03.2025 16:07:34  *01n 20 100TL 4  508.2  1.47   747  524.5  0.55   291  235.3  1.87  235.4  1.84  236.4  1.83  1039  1113 1.000  39.6  11752 D10B
31.03.2025 16:07:54  *01n 20 100TL 4  507.4  1.57   799  533.1  0.59   317  234.9  1.78  235.3  1.80  236.1  1.77  1116  1106 1.000  39.6  11758 0D38
31.03.2025 16:08:14  *01n 20 100TL 4  517.1  1.48   764  532.7  0.60   320  234.7  1.79  235.1  1.80  235.7  1.76  1084  1089 1.000  39.6  11764 58FC
31.03.2025 16:08:34  *01n 20 100TL 4  507.1  1.44   730  522.3  0.54   285  235.1  1.73  234.5  1.72  235.7  1.69  1016  1080 1.000  39.6  11771 28DE
31.03.2025 16:08:54  *01n 20 100TL 4  506.7  1.62   825  522.2  0.59   309  234.5  1.73  234.7  1.70  235.8  1.67  1135  1066 1.000  39.6  11776 C0B4
31.03.2025 16:09:14  *01n 20 100TL 4  506.6  1.49   756  521.9  0.55   289  234.5  1.71  234.9  1.70  235.9  1.67  1046  1052 1.000  39.6  11782 FC48
31.03.2025 16:09:34  *01n 20 100TL 4  506.6  1.58   802  521.7  0.60   315  234.4  1.58  234.5  1.55  235.6  1.53  1118  1028 1.000  39.6  11788 E961
31.03.2025 16:09:54  *01n 20 100TL 4  503.8  1.47   743  530.4  0.55   294  234.3  1.54  234.6  1.52  235.6  1.50  1037  1004 1.000  39.6  11794 0D2D
31.03.2025 16:10:14  *01n 20 100TL 4  503.2  1.39   701  520.4  0.50   260  234.1  1.67  234.6  1.67  235.5  1.64   962   982 1.000  39.6  11799 4DB9
31.03.2025 16:10:34  *01n 20 100TL 4  508.2  1.40   715  530.6  0.53   285  233.7  1.51  234.0  1.51  235.0  1.48  1000   961 1.000  39.5  11805 2FF8
31.03.2025 16:10:54  *01n 20 100TL 4  508.7  1.31   668  521.1  0.51   268  233.5  1.48  234.2  1.45  235.0  1.42   936   938 1.000  39.5  11810 7457
31.03.2025 16:11:14  *01n 20 100TL 4  504.1  1.23   622  520.7  0.43   225  233.6  1.43  234.2  1.42  235.1  1.40   848   917 1.000  39.5  11815 118C
31.03.2025 16:11:34  *01n 20 100TL 4  504.0  1.28   651  520.5  0.45   236  233.9  1.51  233.7  1.51  235.2  1.50   888   898 1.000  39.5  11820 4470
31.03.2025 16:11:54  *01n 20 100TL 4  506.4  1.33   679  530.1  0.50   267  233.4  1.50  234.3  1.49  234.9  1.47   946   885 1.000  39.5  11825 BFD1
31.03.2025 16:12:15  *01n 20 100TL 4  509.9  1.29   660  525.1  0.48   256  233.9  1.37  234.7  1.36  235.3  1.33   917   862 1.000  39.5  11830 FC45
31.03.2025 16:12:34  *01n 20 100TL 4  509.5  1.26   642  524.7  0.45   239  235.5  1.42  234.9  1.42  235.0  1.40   881   840 1.000  39.5  11835 C75A
31.03.2025 16:12:55  *01n 20 100TL 4  499.4  1.17   587  524.5  0.38   204  234.5  1.37  235.3  1.36  235.9  1.33   791   822 1.000  39.5  11839 8FD0
31.03.2025 16:13:15  *01n 20 100TL 4  499.3  1.23   617  524.3  0.42   224  235.5  1.40  235.0  1.42  234.7  1.37   842   802 1.000  39.5  11844 DE5A
31.03.2025 16:13:35  *01n 20 100TL 4  499.0  1.11   555  524.1  0.39   204  234.1  1.40  234.7  1.42  235.6  1.38   759   784 1.000  39.5  11849 A2F3
31.03.2025 16:13:55  *01n 20 100TL 4  498.7  1.16   582  523.6  0.38   204  234.5  1.29  234.9  1.27  235.7  1.25   787   770 1.000  39.5  11853 1895
31.03.2025 16:14:15  *01n 20 100TL 4  508.5  1.14   582  513.3  0.39   201  233.9  1.30  234.7  1.28  235.3  1.26   784   752 1.000  39.5  11857 614E
31.03.2025 16:14:35  *01n 20 100TL 4  499.4  1.07   538  496.9  0.37   184  233.8  1.38  234.4  1.36  235.2  1.33   723   737 1.000  39.5  11861 CA6D
31.03.2025 16:14:55  *01n 20 100TL 4  506.8  1.11   566  477.4  0.40   193  233.8  1.25  234.2  1.26  235.0  1.23   759   717 1.000  39.5  11865 F91C
31.03.2025 16:15:15  *01n 20 100TL 4  508.8  0.97   498  457.1  0.32   151  234.0  1.32  234.5  1.30  235.2  1.29   650   698 1.000  39.5  11869 E9E9
31.03.2025 16:15:35  *01n 20 100TL 4  498.2  0.99   494  437.3  0.32   140  233.9  1.22  234.6  1.24  235.3  1.19   634   682 1.000  39.5  11873 97DD
31.03.2025 16:15:55  *01n 20 100TL 4  498.0  1.10   547  417.4  0.39   164  233.7  1.23  234.2  1.23  234.9  1.22   712   671 1.000  39.4  11877 2348
31.03.2025 16:16:15  *01n 20 100TL 4  508.0  0.99   506  397.4  0.35   141  233.1  1.27  233.7  1.25  234.4  1.23   648   656 1.000  39.4  11881 EEAF
31.03.2025 16:16:35  *01n 20 100TL 4  507.7  1.06   541  378.0  0.36   135  232.8  1.27  233.5  1.25  234.4  1.23   677   645 1.000  39.4  11884 75C5
31.03.2025 16:16:55  *01n 20 100TL 4  511.7  0.94   485  359.2  0.32   115  232.9  1.23  233.7  1.22  234.5  1.19   601   631 1.000  39.4  11888 2BC2
31.03.2025 16:17:15  *01n 20 100TL 4  511.4  1.05   540  339.1  0.39   135  233.2  1.18  233.0  1.18  234.4  1.16   675   627 1.000  39.4  11891 3937
31.03.2025 16:17:35  *01n 20 100TL 4  501.1  0.95   480  319.2  0.36   114  232.9  1.22  233.6  1.22  234.4  1.19   595   614 1.000  39.4  11895 1198
31.03.2025 16:17:55  *01n 20 100TL 4  500.8  1.04   521  299.2  0.36   106  232.8  1.12  233.6  1.11  234.3  1.08   628   604 1.000  39.4  11898 CBE3
31.03.2025 16:18:15  *01n 20 100TL 4  510.7  1.06   544  279.6  0.37   103  233.9  1.25  234.4  1.22  235.0  1.19   648   595 1.000  39.4  11901 37ED
31.03.2025 16:18:35  *01n 20 100TL 4  500.4  1.08   544  259.6  0.40   106  234.4  1.19  234.8  1.20  235.6  1.19   651   590 1.000  39.4  11905 BE61
31.03.2025 16:18:56  *01n 20 100TL 4  510.2  1.04   535  240.1  0.37    90  233.9  1.19  234.7  1.19  235.4  1.16   625   581 1.000  39.4  11908 F223
31.03.2025 16:19:16  *01n 20 100TL 4  500.1  1.08   540  221.1  0.39    85  233.7  1.16  234.3  1.17  235.0  1.15   625   573 1.000  39.4  11911 665D
31.03.2025 16:19:36  *01n 20 100TL 4  509.0  1.11   567  216.6  0.39    83  233.3  1.13  233.7  1.14  234.6  1.12   651   575 1.000  39.4  11914 5065
31.03.2025 16:19:56  *01n 20 100TL 4  508.7  1.02   523  216.7  0.40    88  233.2  1.19  233.7  1.18  234.7  1.14   611   579 1.000  39.4  11918 50A2
31.03.2025 16:20:16  *01n 20 100TL 4  508.7  1.00   509  216.6  0.37    80  233.9  1.10  234.3  1.11  235.3  1.10   590   582 1.000  39.4  11921 9E9B
31.03.2025 16:20:36  *01n 20 100TL 4  508.5  0.99   506  216.6  0.34    74  234.0  1.19  234.5  1.19  235.4  1.17   581   590 1.000  39.3  11924 C432
31.03.2025 16:20:56  *01n 20 100TL 4  508.0  0.97   494  216.7  0.38    83  233.8  1.20  234.4  1.22  235.1  1.19   578   592 1.000  39.3  11927 0878
31.03.2025 16:21:16  *01n 20 100TL 4  508.8  0.97   494  216.6  0.38    82  233.9  1.19  234.4  1.17  235.4  1.17   576   596 1.000  39.3  11931 6680
31.03.2025 16:21:36  *01n 20 100TL 4  502.8  0.97   488  216.6  0.37    80  234.0  1.20  234.5  1.20  235.3  1.17   569   599 1.000  39.3  11934 6C48
31.03.2025 16:21:56  *01n 20 100TL 4  503.6  1.03   520  216.6  0.36    77  233.9  1.19  234.7  1.19  235.4  1.17   598   604 1.000  39.3  11937 7D40
31.03.2025 16:22:16  *01n 20 100TL 4  511.5  1.09   560  216.6  0.39    85  233.7  1.21  234.4  1.20  235.2  1.18   645   607 1.000  39.3  11941 22CC
31.03.2025 16:22:36  *01n 20 100TL 4  504.4  1.01   509  217.2  0.39    85  233.7  1.18  234.7  1.15  235.3  1.13   595   610 1.000  39.3  11944 3AA0
31.03.2025 16:22:56  *01n 20 100TL 4  504.8  0.96   488  217.1  0.34    74  234.1  1.24  234.6  1.26  235.6  1.20   563   617 1.000  39.3  11947 03ED
31.03.2025 16:23:16  *01n 20 100TL 4  515.0  1.08   555  217.0  0.41    90  233.8  1.12  234.5  1.10  235.4  1.07   645   621 1.000  39.3  11951 83EA
31.03.2025 16:23:36  *01n 20 100TL 4  504.8  1.06   537  217.2  0.43    91  234.1  1.19  234.9  1.21  235.6  1.21   628   631 1.000  39.3  11954 EF39
31.03.2025 16:23:56  *01n 20 100TL 4  511.0  1.13   582  216.7  0.46    99  234.0  1.18  234.9  1.17  235.5  1.16   682   639 1.000  39.3  11958 E0E8
31.03.2025 16:24:16  *01n 20 100TL 4  510.9  1.10   566  216.7  0.43    91  234.2  1.28  235.0  1.27  235.5  1.26   657   651 1.000  39.3  11961 9A04
31.03.2025 16:24:36  *01n 20 100TL 4  510.7  1.17   596  216.7  0.42    91  234.4  1.22  234.7  1.23  235.7  1.20   688   654 1.000  39.3  11965 A6BD
31.03.2025 16:24:57  *01n 20 100TL 4  500.2  1.05   526  216.7  0.42    91  234.3  1.27  234.7  1.29  235.5  1.25   617   656 1.000  39.2  11969 B32A
31.03.2025 16:25:17  *01n 20 100TL 4  510.1  1.13   578  216.7  0.44    96  234.1  1.31  234.9  1.30  235.7  1.26   674   671 1.000  39.2  11972 F589
31.03.2025 16:25:37  *01n 20 100TL 4  509.8  1.08   552  216.7  0.40    85  234.1  1.22  234.8  1.23  235.6  1.21   637   675 1.000  39.2  11976 D767
31.03.2025 16:25:57  *01n 20 100TL 4  509.6  1.15   588  216.8  0.46    99  234.4  1.24  235.1  1.25  235.7  1.23   688   688 1.000  39.2  11980 A0F2
31.03.2025 16:26:17  *01n 20 100TL 4  519.2  1.11   578  216.8  0.47   100  234.4  1.22  235.3  1.21  235.8  1.20   679   694 1.000  39.2  11984 B2C6
31.03.2025 16:26:37  *01n 20 100TL 4  509.0  1.26   642  216.7  0.51   111  234.3  1.25  234.9  1.27  235.7  1.22   753   711 1.000  39.2  11988 04AB
31.03.2025 16:26:57  *01n 20 100TL 4  508.7  1.26   643  216.7  0.48   103  234.1  1.31  235.1  1.32  235.6  1.30   747   727 1.000  39.2  11992 9955
31.03.2025 16:27:17  *01n 20 100TL 4  508.0  1.19   607  216.8  0.48   103  234.0  1.27  234.9  1.27  235.5  1.24   711   730 1.000  39.2  11996 DEC2
31.03.2025 16:27:37  *01n 20 100TL 4  517.8  1.17   610  216.7  0.51   111  234.3  1.33  235.1  1.33  235.6  1.30   721   743 1.000  39.2  12000 E72D
31.03.2025 16:27:57  *01n 20 100TL 4  517.7  1.26   653  216.7  0.54   115  234.1  1.28  235.0  1.26  235.6  1.22   769   758 1.000  39.2  12004 8415
31.03.2025 16:28:17  *01n 20 100TL 4  517.4  1.25   651  216.6  0.49   108  235.0  1.40  234.9  1.39  235.6  1.36   759   773 1.000  39.2  12008 C29D
31.03.2025 16:28:37  *01n 20 100TL 4  510.1  1.34   689  216.7  0.52   111  234.5  1.40  235.1  1.39  236.4  1.38   801   788 1.000  39.2  12013 77FC
31.03.2025 16:28:57  *01n 20 100TL 4  520.2  1.28   669  216.9  0.57   122  234.7  1.35  235.4  1.35  236.1  1.33   791   799 1.000  39.2  12017 FF52
31.03.2025 16:29:17  *01n 20 100TL 4  514.1  1.28   662  216.8  0.54   119  234.5  1.42  235.6  1.42  236.3  1.40   781   816 1.000  39.2  12022 EA2B
31.03.2025 16:29:37  *01n 20 100TL 4  509.0  1.51   769  216.6  0.62   135  234.5  1.47  235.5  1.49  236.2  1.45   904   846 1.000  39.2  12026 A94B
31.03.2025 16:29:57  *01n 20 100TL 4  519.3  1.36   706  216.5  0.58   125  234.3  1.47  235.6  1.48  236.1  1.43   831   834 1.000  39.2  12031 222C
31.03.2025 16:30:17  *01n 20 100TL 4  514.2  1.47   761  216.8  0.64   138  234.5  1.51  235.5  1.49  236.4  1.47   900   849 1.000  39.2  12036 C29A
31.03.2025 16:30:37  *01n 20 100TL 4  507.1  1.40   714  216.8  0.57   122  234.6  1.41  235.6  1.41  236.4  1.36   836   856 1.000  39.1  12041 47B5
31.03.2025 16:30:58  *01n 20 100TL 4  520.5  1.40   733  216.7  0.57   123  235.0  1.54  234.7  1.52  236.4  1.50   857   874 1.000  39.1  12045 AD6E
31.03.2025 16:31:18  *01n 20 100TL 4  500.2  1.49   746  216.8  0.60   129  234.5  1.59  235.3  1.58  236.3  1.57   875   920 1.000  39.1  12050 5040
31.03.2025 16:31:38  *01n 20 100TL 4  519.7  1.38   718  216.6  0.63   137  233.7  1.58  234.7  1.58  235.6  1.55   856   889 1.000  39.2  12055 1AA1
31.03.2025 16:31:58  *01n 20 100TL 4  519.7  1.53   798  216.8  0.65   140  234.0  1.51  233.8  1.52  235.3  1.51   938   885 1.000  39.1  12060 1E43
31.03.2025 16:32:18  *01n 20 100TL 4  519.4  1.53   798  216.7  0.63   137  233.6  1.48  234.4  1.48  235.5  1.42   935   889 1.000  39.1  12065 0643
31.03.2025 16:32:38  *01n 20 100TL 4  509.1  1.54   784  216.8  0.68   148  233.6  1.53  234.4  1.52  235.5  1.52   932   895 1.000  39.1  12070 6144
31.03.2025 16:32:58  *01n 20 100TL 4  517.4  1.49   772  216.7  0.67   144  234.0  1.53  234.7  1.52  235.6  1.51   917   907 1.000  39.1  12075 23DE
31.03.2025 16:33:18  *01n 20 100TL 4  517.0  1.45   752  216.7  0.62   134  234.0  1.53  234.5  1.51  235.4  1.49   886   910 1.000  39.1  12080 911A
31.03.2025 16:33:38  *01n 20 100TL 4  509.9  1.48   761  216.7  0.61   132  233.9  1.54  233.8  1.52  235.5  1.49   894   914 1.000  39.1  12085 B5A6
31.03.2025 16:33:58  *01n 20 100TL 4  509.7  1.65   842  216.7  0.71   154  234.2  1.43  234.8  1.41  235.7  1.40   996   918 1.000  39.1  12091 BDDF
31.03.2025 16:34:18  *01n 20 100TL 4  519.4  1.61   837  216.8  0.72   155  234.1  1.51  234.9  1.53  236.1  1.48   993   923 1.000  39.1  12096 2AAC
31.03.2025 16:34:38  *01n 20 100TL 4  526.4  1.60   843  216.6  0.70   151  234.3  1.51  235.3  1.51  236.4  1.48   994   926 1.000  39.1  12101 E44A
31.03.2025 16:34:58  *01n 20 100TL 4  508.6  1.61   820  216.8  0.67   144  234.6  1.61  235.6  1.60  236.5  1.58   965   936 1.000  39.1  12106 8303
31.03.2025 16:35:18  *01n 20 100TL 4  518.7  1.57   819  216.7  0.72   155  234.4  1.63  235.2  1.65  236.3  1.60   975   943 1.000  39.1  12111 03D1
31.03.2025 16:35:38  *01n 20 100TL 4  521.9  1.46   766  216.8  0.67   144  235.3  1.59  235.8  1.59  236.8  1.56   910   939 1.000  39.1  12116 B9BC
31.03.2025 16:35:58  *01n 20 100TL 4  511.4  1.60   817  216.8  0.67   144  235.1  1.48  235.8  1.44  236.7  1.45   962   949 1.000  39.0  12122 31F6
31.03.2025 16:36:18  *01n 20 100TL 4  521.3  1.62   848  216.7  0.70   152  231.7  1.46  232.1  1.45  233.4  1.44  1000   944 1.000  39.0  12127 CB74
31.03.2025 16:36:38  *01n 20 100TL 4  521.1  1.62   845  216.7  0.74   160  231.7  1.66  232.1  1.65  233.3  1.62  1005   952 1.000  39.0  12132 BC5F
31.03.2025 16:36:59  *01n 20 100TL 4  520.6  1.59   828  216.7  0.71   154  231.6  1.56  232.0  1.57  233.2  1.52   982   952 1.000  39.0  12138 AE7F
31.03.2025 16:37:19  *01n 20 100TL 4  520.5  1.52   798  216.7  0.64   140  231.7  1.59  232.1  1.59  233.3  1.52   938   955 1.000  39.0  12143 921D
31.03.2025 16:37:39  *01n 20 100TL 4  520.2  1.62   843  216.7  0.74   161  231.9  1.56  232.5  1.56  233.5  1.55  1005   962 1.000  39.0  12148 9FAB
31.03.2025 16:37:59  *01n 20 100TL 4  510.0  1.70   871  216.6  0.76   164  231.9  1.61  232.4  1.60  233.3  1.61  1036   967 1.000  39.0  12154 E336
31.03.2025 16:38:19  *01n 20 100TL 4  519.1  1.65   857  216.8  0.75   163  231.5  1.64  231.8  1.62  233.1  1.61  1020   965 1.000  39.0  12159 3980
31.03.2025 16:38:39  *01n 20 100TL 4  518.9  1.55   804  216.7  0.66   143  231.5  1.62  231.4  1.63  233.1  1.60   947   970 1.000  39.0  12164 331B
31.03.2025 16:38:59  *01n 20 100TL 4  518.6  1.62   843  216.6  0.72   157  231.6  1.58  232.3  1.56  233.2  1.53  1000   967 1.000  39.0  12170 CB3A
31.03.2025 16:39:19  *01n 20 100TL 4  508.8  1.51   770  216.6  0.67   144  231.9  1.68  232.2  1.67  233.4  1.65   915   967 1.000  39.0  12175 F1EC
31.03.2025 16:39:39  *01n 20 100TL 4  518.4  1.59   825  216.7  0.67   144  232.1  1.66  232.6  1.64  233.5  1.61   970   967 1.000  39.0  12181 6D09
31.03.2025 16:39:59  *01n 20 100TL 4  522.0  1.67   875  216.8  0.71   155  232.2  1.55  232.7  1.53  233.7  1.54  1031   959 1.000  39.0  12186 C295
31.03.2025 16:40:19  *01n 20 100TL 4  515.3  1.56   805  216.7  0.70   152  232.1  1.67  232.6  1.66  233.4  1.63   958   964 1.000  39.0  12191 7255
31.03.2025 16:40:39  *01n 20 100TL 4  514.4  1.64   849  216.8  0.73   158  232.6  1.53  232.3  1.52  232.5  1.50  1008   958 1.000  39.0  12197 026C
31.03.2025 16:40:59  *01n 20 100TL 4  509.7  1.70   868  216.7  0.71   152  231.7  1.66  231.7  1.63  233.2  1.62  1020   958 1.000  39.0  12202 70D6
31.03.2025 16:41:19  *01n 20 100TL 4  514.4  1.54   793  216.8  0.64   140  231.8  1.59  232.2  1.57  233.2  1.55   933   950 1.000  39.0  12207 6ACC
31.03.2025 16:41:39  *01n 20 100TL 4  508.4  1.55   790  216.6  0.69   149  231.5  1.58  231.8  1.55  233.1  1.53   939   944 1.000  39.0  12213 BB19
31.03.2025 16:41:59  *01n 20 100TL 4  517.9  1.44   750  216.8  0.65   141  231.5  1.57  232.1  1.58  233.2  1.56   892   939 1.000  39.0  12218 F218
31.03.2025 16:42:19  *01n 20 100TL 4  511.2  1.54   787  216.7  0.65   140  232.2  1.45  232.7  1.45  233.6  1.43   927   935 1.000  39.0  12223 779A
31.03.2025 16:42:39  *01n 20 100TL 4  511.0  1.67   857  216.8  0.69   149  232.3  1.64  232.7  1.65  233.6  1.59  1007   932 1.000  39.0  12228 02A1
31.03.2025 16:42:59  *01n 20 100TL 4  509.2  1.46   746  216.7  0.64   138  232.2  1.50  232.6  1.48  233.5  1.47   885   921 1.000  39.0  12233 6F9E
31.03.2025 16:43:20  *01n 20 100TL 4  513.4  1.60   823  216.8  0.70   152  232.1  1.63  232.8  1.62  233.6  1.60   976   921 1.000  39.0  12238 8E43
31.03.2025 16:43:40  *01n 20 100TL 4  514.1  1.61   830  216.8  0.66   143  232.1  1.50  232.2  1.50  233.7  1.46   973   912 1.000  39.0  12244 89C3
31.03.2025 16:44:00  *01n 20 100TL 4  505.5  1.63   828  216.7  0.72   157  232.1  1.58  232.7  1.56  233.5  1.55   985   906 1.000  39.0  12249 002F
31.03.2025 16:44:20  *01n 20 100TL 4  505.0  1.56   790  216.7  0.69   151  232.3  1.53  232.9  1.53  233.9  1.50   941   894 1.000  39.0  12254 BD97
31.03.2025 16:44:40  *01n 20 100TL 4  517.5  1.42   738  216.8  0.61   131  232.2  1.48  232.4  1.50  233.4  1.46   869   889 1.000  38.9  12259 610E
31.03.2025 16:45:00  *01n 20 100TL 4  512.1  1.44   743  216.7  0.59   128  231.8  1.58  232.5  1.58  233.4  1.54   871   888 1.000  39.0  12264 1EE9
31.03.2025 16:45:20  *01n 20 100TL 4  502.9  1.42   717  216.7  0.57   123  232.1  1.50  232.7  1.49  233.6  1.48   840   872 1.000  38.9  12268 76BF
31.03.2025 16:45:40  *01n 20 100TL 4  503.9  1.43   721  216.7  0.63   137  232.1  1.41  232.7  1.40  233.6  1.38   859   863 1.000  39.0  12274 A9E5
31.03.2025 16:46:00  *01n 20 100TL 4  513.8  1.39   715  216.7  0.59   126  232.1  1.55  232.6  1.55  233.2  1.52   842   860 1.000  39.0  12278 B0BF
31.03.2025 16:46:20  *01n 20 100TL 4  513.4  1.38   711  216.7  0.55   120  232.8  1.40  233.4  1.38  234.1  1.36   831   846 1.000  38.9  12283 7B87
31.03.2025 16:46:40  *01n 20 100TL 4  507.8  1.35   686  216.7  0.55   119  232.8  1.41  233.3  1.38  234.0  1.37   805   833 1.000  38.9  12288 2075
31.03.2025 16:47:00  *01n 20 100TL 4  507.6  1.34   682  216.8  0.57   125  232.4  1.37  232.9  1.39  233.5  1.35   807   823 1.000  38.9  12292 22BB
31.03.2025 16:47:20  *01n 20 100TL 4  508.1  1.34   685  216.7  0.54   115  232.2  1.41  232.8  1.40  233.5  1.36   801   811 1.000  38.9  12297 1916
31.03.2025 16:47:40  *01n 20 100TL 4  509.7  1.37   703  216.7  0.54   117  232.4  1.41  233.0  1.40  233.5  1.38   820   804 1.000  38.9  12301 9F10
31.03.2025 16:48:00  *01n 20 100TL 4  509.7  1.40   712  216.6  0.59   128  232.4  1.42  233.1  1.41  233.6  1.37   840   796 1.000  38.9  12306 49D4
31.03.2025 16:48:20  *01n 20 100TL 4  510.5  1.39   711  216.8  0.57   123  232.3  1.34  232.9  1.35  233.6  1.33   834   790 1.000  38.9  12310 619C
31.03.2025 16:48:40  *01n 20 100TL 4  510.9  1.37   704  216.7  0.54   117  232.5  1.34  233.1  1.34  233.8  1.31   822   790 1.000  38.9  12315 6BC8
31.03.2025 16:49:00  *01n 20 100TL 4  516.3  1.37   708  216.7  0.54   117  232.2  1.33  233.0  1.30  233.8  1.28   825   788 1.000  38.9  12319 B579
31.03.2025 16:49:20  *01n 20 100TL 4  505.9  1.41   718  216.6  0.61   131  232.4  1.44  233.0  1.46  233.6  1.41   849   794 1.000  38.9  12323 359A
31.03.2025 16:49:40  *01n 20 100TL 4  505.5  1.40   706  216.7  0.57   123  232.2  1.34  233.2  1.33  233.8  1.31   830   798 1.000  38.9  12328 5499
31.03.2025 16:50:00  *01n 20 100TL 4  515.6  1.37   709  216.7  0.55   119  232.3  1.37  232.8  1.36  233.6  1.34   828   802 1.000  38.9  12332 EAD1
31.03.2025 16:50:21  *01n 20 100TL 4  515.6  1.40   726  216.7  0.58   126  232.2  1.37  232.9  1.38  233.7  1.35   852   807 1.000  38.9  12337 A3AB
31.03.2025 16:50:41  *01n 20 100TL 4  515.7  1.40   721  216.7  0.61   131  232.0  1.47  232.7  1.45  233.3  1.44   852   816 1.000  38.9  12341 F867
31.03.2025 16:51:01  *01n 20 100TL 4  512.4  1.42   727  216.4  0.57   122  232.3  1.38  232.9  1.37  233.6  1.35   849   814 1.000  38.9  12346 EAE7
31.03.2025 16:51:21  *01n 20 100TL 4  514.8  1.33   689  216.6  0.53   115  232.6  1.43  232.6  1.43  234.2  1.40   805   819 1.000  38.9  12350 E77B
31.03.2025 16:51:41  *01n 20 100TL 4  514.1  1.35   694  216.8  0.57   123  232.5  1.48  232.9  1.46  233.9  1.43   817   825 1.000  38.9  12355 63C1
31.03.2025 16:52:01  *01n 20 100TL 4  513.7  1.33   685  217.1  0.57   125  232.3  1.43  233.1  1.43  233.7  1.40   810   825 1.000  38.9  12359 13E9
31.03.2025 16:52:21  *01n 20 100TL 4  513.7  1.47   759  216.7  0.63   135  232.2  1.49  232.7  1.49  233.4  1.46   895   830 1.000  38.9  12364 B3E0
31.03.2025 16:52:41  *01n 20 100TL 4  513.5  1.41   727  216.7  0.57   123  233.1  1.45  232.3  1.47  233.5  1.44   851   834 1.000  38.9  12369 2A47
31.03.2025 16:53:01  *01n 20 100TL 4  513.1  1.45   750  216.8  0.64   138  232.3  1.38  232.9  1.35  233.5  1.36   889   834 1.000  38.8  12373 7359
31.03.2025 16:53:21  *01n 20 100TL 4  513.4  1.48   759  216.8  0.64   138  232.5  1.36  232.8  1.35  233.8  1.34   898   837 1.000  38.9  12378 CC09
31.03.2025 16:53:41  *01n 20 100TL 4  512.5  1.50   772  216.8  0.62   135  232.5  1.37  233.0  1.36  233.8  1.36   907   842 1.000  38.9  12383 B9C1
31.03.2025 16:54:01  *01n 20 100TL 4  512.5  1.36   700  216.7  0.54   117  232.4  1.44  233.2  1.44  233.7  1.41   817   848 1.000  38.9  12387 A10B
31.03.2025 16:54:21  *01n 20 100TL 4  522.1  1.29   675  216.7  0.57   125  232.6  1.40  233.2  1.39  233.7  1.36   801   836 1.000  38.8  12392 D8BB
31.03.2025 16:54:41  *01n 20 100TL 4  511.7  1.39   714  216.7  0.58   126  232.7  1.48  233.1  1.46  233.8  1.47   840   851 1.000  38.8  12397 CEAC
31.03.2025 16:55:01  *01n 20 100TL 4  511.5  1.53   784  216.8  0.61   131  233.0  1.48  232.6  1.48  233.5  1.47   915   854 1.000  38.8  12402 6CE1
31.03.2025 16:55:21  *01n 20 100TL 4  511.3  1.55   794  216.9  0.64   137  232.5  1.38  233.1  1.35  233.8  1.35   932   857 1.000  38.8  12406 F039
31.03.2025 16:55:41  *01n 20 100TL 4  521.0  1.40   729  216.7  0.62   134  232.7  1.46  233.3  1.46  233.9  1.44   863   857 1.000  38.8  12411 A911
31.03.2025 16:56:01  *01n 20 100TL 4  520.7  1.37   717  216.7  0.62   134  232.9  1.41  233.6  1.41  234.1  1.38   851   866 1.000  38.8  12416 B7A0
31.03.2025 16:56:21  *01n 20 100TL 4  520.5  1.37   715  216.7  0.57   122  232.7  1.57  233.3  1.56  233.9  1.53   837   874 1.000  38.8  12421 6594
31.03.2025 16:56:42  *01n 20 100TL 4  510.0  1.45   741  216.8  0.61   131  232.8  1.43  233.3  1.42  233.7  1.40   872   877 1.000  38.8  12426 DDBA
31.03.2025 16:57:02  *01n 20 100TL 4  520.1  1.50   781  216.8  0.67   144  232.8  1.48  233.4  1.47  233.7  1.44   926   877 1.000  38.8  12430 371F
31.03.2025 16:57:22  *01n 20 100TL 4  519.7  1.51   787  216.6  0.64   138  232.9  1.50  233.1  1.48  233.7  1.48   926   874 1.000  38.8  12436 122B
31.03.2025 16:57:42  *01n 20 100TL 4  509.3  1.47   752  216.7  0.60   129  232.8  1.53  233.3  1.51  233.8  1.49   881   875 1.000  38.8  12440 4EF5
31.03.2025 16:58:02  *01n 20 100TL 4  518.7  1.41   735  216.7  0.59   128  232.8  1.45  233.1  1.44  233.4  1.40   863   869 1.000  38.8  12445 8179
31.03.2025 16:58:22  *01n 20 100TL 4  509.0  1.56   796  216.7  0.68   148  232.7  1.37  233.1  1.36  233.5  1.34   944   866 1.000  38.8  12450 EB21
31.03.2025 16:58:42  *01n 20 100TL 4  508.8  1.41   718  216.8  0.57   125  232.8  1.46  233.0  1.44  233.5  1.40   843   865 1.000  38.8  12455 744D
31.03.2025 16:59:02  *01n 20 100TL 4  508.5  1.48   753  216.7  0.61   132  232.6  1.57  233.1  1.57  233.5  1.54   886   869 1.000  38.8  12460 F76E
31.03.2025 16:59:22  *01n 20 100TL 4  508.2  1.56   796  216.7  0.68   146  232.1  1.56  232.5  1.55  232.9  1.52   943   871 1.000  38.8  12465 A33A
31.03.2025 16:59:42  *01n 20 100TL 4  508.0  1.42   724  216.7  0.58   126  232.0  1.50  232.4  1.48  233.1  1.44   851   872 1.000  38.8  12470 6069
31.03.2025 17:00:02  *01n 20 100TL 4  517.1  1.45   755  216.7  0.59   129  232.3  1.56  232.7  1.55  233.2  1.52   885   881 1.000  38.8  12474 55ED
31.03.2025 17:00:22  *01n 20 100TL 4  512.8  1.41   727  216.6  0.59   128  232.5  1.49  233.0  1.47  233.5  1.44   856   885 1.000  38.8  12479 4BB0
31.03.2025 17:00:42  *01n 20 100TL 4  512.6  1.46   750  216.6  0.65   141  232.6  1.42  232.8  1.41  233.6  1.38   892   891 1.000  38.8  12484 ADC6
31.03.2025 17:01:02  *01n 20 100TL 4  511.0  1.51   776  216.7  0.65   141  232.9  1.55  233.1  1.55  233.8  1.52   918   894 1.000  38.8  12489 568B
31.03.2025 17:01:22  *01n 20 100TL 4  502.7  1.58   798  216.7  0.63   137  232.7  1.46  233.2  1.47  234.1  1.43   935   883 1.000  38.8  12494 4568
31.03.2025 17:01:42  *01n 20 100TL 4  512.8  1.54   793  216.8  0.68   148  233.7  1.43  232.3  1.42  234.1  1.40   941   894 1.000  38.8  12499 B86F
31.03.2025 17:02:02  *01n 20 100TL 4  513.0  1.54   794  216.8  0.68   146  232.4  1.49  232.8  1.50  233.3  1.47   941   891 1.000  38.8  12504 C5D0
31.03.2025 17:02:22  *01n 20 100TL 4  513.1  1.57   807  216.8  0.64   138  232.4  1.46  232.7  1.44  233.6  1.44   946   886 1.000  38.8  12509 0E07
31.03.2025 17:02:42  *01n 20 100TL 4  510.3  1.55   794  216.7  0.63   135  233.0  1.54  233.0  1.53  234.0  1.51   930   885 1.000  38.8  12514 790C
31.03.2025 17:03:03  *01n 20 100TL 4  520.1  1.38   724  216.8  0.62   134  232.6  1.42  232.8  1.40  233.7  1.38   859   883 1.000  38.8  12519 BC7B
31.03.2025 17:03:23  *01n 20 100TL 4  519.8  1.50   781  216.7  0.67   146  232.3  1.54  232.5  1.56  233.4  1.52   927   883 1.000  38.8  12524 5866
31.03.2025 17:03:43  *01n 20 100TL 4  519.6  1.40   730  216.8  0.58   126  232.0  1.57  232.5  1.55  233.3  1.53   857   883 1.000  38.8  12529 B57A
31.03.2025 17:04:03  *01n 20 100TL 4  519.4  1.38   720  216.7  0.58   128  232.1  1.57  232.4  1.57  233.2  1.54   848   881 1.000  38.8  12534 63C0
31.03.2025 17:04:23  *01n 20 100TL 4  509.1  1.42   723  216.7  0.62   134  232.0  1.44  232.3  1.42  233.2  1.42   857   875 1.000  38.8  12539 6B30
31.03.2025 17:04:43  *01n 20 100TL 4  518.9  1.51   784  216.6  0.62   135  231.5  1.46  231.9  1.46  232.8  1.43   920   875 1.000  38.8  12544 71C1
31.03.2025 17:05:03  *01n 20 100TL 4  510.1  1.41   720  216.7  0.57   125  231.7  1.55  231.3  1.55  232.6  1.52   845   881 1.000  38.8  12548 9045
31.03.2025 17:05:23  *01n 20 100TL 4  516.6  1.44   743  216.7  0.60   131  231.4  1.52  231.8  1.53  232.6  1.51   874   885 1.000  38.8  12553 A49A
31.03.2025 17:05:43  *01n 20 100TL 4  509.1  1.55   790  216.7  0.67   146  231.5  1.42  231.9  1.41  232.6  1.40   936   874 1.000  38.8  12558 2603
31.03.2025 17:06:03  *01n 20 100TL 4  519.3  1.57   819  216.7  0.65   141  232.0  1.51  232.0  1.50  232.6  1.50   961   877 1.000  38.7  12563 7024
31.03.2025 17:06:23  *01n 20 100TL 4  508.3  1.50   764  216.7  0.60   129  232.1  1.51  232.4  1.48  233.0  1.44   894   868 1.000  38.7  12568 0391
31.03.2025 17:06:43  *01n 20 100TL 4  516.4  1.40   723  216.6  0.61   131  231.8  1.48  231.8  1.46  232.6  1.42   854   869 1.000  38.8  12573 D743
31.03.2025 17:07:03  *01n 20 100TL 4  512.0  1.54   788  216.7  0.65   140  231.4  1.40  231.5  1.39  232.3  1.38   929   868 1.000  38.7  12577 7D52
31.03.2025 17:07:23  *01n 20 100TL 4  511.9  1.41   723  216.8  0.59   128  231.6  1.41  231.9  1.39  232.6  1.39   851   863 1.000  38.7  12582 1D29
31.03.2025 17:07:43  *01n 20 100TL 4  521.8  1.48   778  216.7  0.61   131  231.2  1.38  231.4  1.36  232.4  1.33   909   856 1.000  38.7  12587 0392
31.03.2025 17:08:03  *01n 20 100TL 4  521.5  1.43   749  216.7  0.65   140  231.4  1.44  231.4  1.44  232.0  1.41   889   851 1.000  38.7  12592 E1EF
31.03.2025 17:08:23  *01n 20 100TL 4  511.0  1.48   759  216.8  0.64   138  231.0  1.36  231.1  1.35  232.1  1.34   898   848 1.000  38.7  12597 4513
31.03.2025 17:08:43  *01n 20 100TL 4  510.7  1.39   712  216.6  0.56   122  230.8  1.41  231.2  1.40  231.9  1.39   834   843 1.000  38.7  12601 BAE2
31.03.2025 17:09:04  *01n 20 100TL 4  520.7  1.40   732  216.7  0.61   132  231.0  1.37  231.2  1.37  231.8  1.35   865   837 1.000  38.7  12606 1CEC
31.03.2025 17:09:24  *01n 20 100TL 4  510.3  1.42   726  216.7  0.60   129  231.1  1.39  231.3  1.37  232.2  1.35   856   830 1.000  38.7  12611 5D4B
31.03.2025 17:09:44  *01n 20 100TL 4  510.2  1.43   730  216.7  0.58   126  231.0  1.35  231.4  1.34  232.3  1.33   857   827 1.000  38.7  12615 F420
31.03.2025 17:10:04  *01n 20 100TL 4  519.3  1.44   750  216.7  0.58   125  226.6  1.47  226.9  1.48  227.6  1.46   875   822 1.000  38.7  12620 CBE0
31.03.2025 17:10:24  *01n 20 100TL 4  519.2  1.31   682  216.7  0.54   117  229.4  1.46  229.8  1.45  230.6  1.43   799   819 1.000  38.7  12624 9CE0
31.03.2025 17:10:44  *01n 20 100TL 4  509.0  1.30   662  216.7  0.55   120  229.8  1.50  229.4  1.48  230.6  1.44   782   816 1.000  38.7  12629 3C85
31.03.2025 17:11:04  *01n 20 100TL 4  519.2  1.40   732  216.7  0.58   125  229.3  1.48  229.8  1.47  230.4  1.45   857   816 1.000  38.7  12634 3CCC
31.03.2025 17:11:24  *01n 20 100TL 4  508.5  1.40   715  216.6  0.58   126  229.2  1.35  229.6  1.32  230.4  1.31   842   810 1.000  38.7  12638 59E7
31.03.2025 17:11:44  *01n 20 100TL 4  508.8  1.36   692  216.9  0.59   128  229.3  1.47  229.6  1.46  230.3  1.44   820   811 1.000  38.7  12643 FC77
31.03.2025 17:12:04  *01n 20 100TL 4  518.8  1.29   672  217.4  0.55   120  229.0  1.44  229.4  1.43  230.1  1.42   793   808 1.000  38.7  12647 8780
31.03.2025 17:12:24  *01n 20 100TL 4  508.0  1.40   714  216.9  0.56   122  228.9  1.34  229.5  1.33  230.2  1.31   836   804 1.000  38.7  12652 9DFF
31.03.2025 17:12:44  *01n 20 100TL 4  507.7  1.31   666  216.7  0.54   119  229.1  1.36  229.6  1.35  230.1  1.32   785   799 1.000  38.7  12656 8747
31.03.2025 17:13:04  *01n 20 100TL 4  517.7  1.39   721  216.8  0.61   132  229.0  1.41  229.6  1.39  230.2  1.40   854   799 1.000  38.7  12661 F147
31.03.2025 17:13:24  *01n 20 100TL 4  507.3  1.34   682  216.7  0.54   117  229.1  1.42  229.6  1.41  230.3  1.39   799   790 1.000  38.7  12665 2F6F
31.03.2025 17:13:44  *01n 20 100TL 4  517.1  1.36   703  216.6  0.55   119  229.0  1.34  229.5  1.33  230.1  1.32   822   788 1.000  38.7  12670 88F2
31.03.2025 17:14:04  *01n 20 100TL 4  516.6  1.27   659  216.7  0.52   112  229.2  1.39  229.8  1.40  230.4  1.38   772   782 1.000  38.7  12674 3E4A
31.03.2025 17:14:24  *01n 20 100TL 4  516.7  1.26   651  216.7  0.54   117  229.3  1.36  229.7  1.35  230.4  1.31   769   778 1.000  38.7  12678 8942
31.03.2025 17:14:44  *01n 20 100TL 4  516.3  1.31   677  216.9  0.54   117  228.9  1.35  229.7  1.34  230.3  1.30   794   772 1.000  38.7  12683 E41E
31.03.2025 17:15:05  *01n 20 100TL 4  516.0  1.33   689  216.7  0.52   114  228.7  1.34  229.7  1.34  230.3  1.31   804   772 1.000  38.7  12687 2CB2
31.03.2025 17:15:25  *01n 20 100TL 4  515.8  1.25   648  216.7  0.53   115  228.8  1.37  229.7  1.37  230.4  1.33   764   770 1.000  38.7  12691 FC87
31.03.2025 17:15:45  *01n 20 100TL 4  515.5  1.22   634  216.7  0.51   111  229.0  1.40  229.8  1.42  230.6  1.37   746   770 1.000  38.7  12696 DBF2
31.03.2025 17:16:05  *01n 20 100TL 4  515.2  1.28   660  216.6  0.50   108  230.2  1.31  229.9  1.30  230.8  1.28   769   769 1.000  38.7  12700 B60D
31.03.2025 17:16:25  *01n 20 100TL 4  514.8  1.35   697  216.8  0.53   114  229.7  1.32  229.9  1.30  231.4  1.30   811   772 1.000  38.7  12704 A47E
31.03.2025 17:16:45  *01n 20 100TL 4  514.9  1.26   653  216.5  0.54   115  229.5  1.41  229.7  1.40  231.1  1.39   769   778 1.000  38.7  12708 F919
31.03.2025 17:17:05  *01n 20 100TL 4  514.6  1.31   677  216.8  0.52   112  229.0  1.44  229.7  1.43  230.5  1.42   790   781 1.000  38.7  12713 0ED8
31.03.2025 17:17:25  *01n 20 100TL 4  514.4  1.29   662  216.7  0.50   109  228.8  1.43  229.6  1.44  230.3  1.42   772   784 1.000  38.7  12717 E054
31.03.2025 17:17:45  *01n 20 100TL 4  514.0  1.28   662  216.7  0.52   112  228.8  1.35  229.5  1.34  230.2  1.31   775   787 1.000  38.7  12721 6609
31.03.2025 17:18:05  *01n 20 100TL 4  513.7  1.38   709  216.7  0.58   126  228.8  1.36  229.6  1.37  230.3  1.32   836   790 1.000  38.7  12726 1115
31.03.2025 17:18:25  *01n 20 100TL 4  513.5  1.33   686  216.7  0.54   117  228.7  1.42  229.5  1.41  230.4  1.40   804   796 1.000  38.7  12730 1AFD
31.03.2025 17:18:45  *01n 20 100TL 4  512.8  1.31   674  216.6  0.51   111  228.7  1.39  229.6  1.37  230.5  1.35   785   794 1.000  38.7  12734 A467
31.03.2025 17:19:05  *01n 20 100TL 4  513.0  1.29   662  216.7  0.53   115  228.9  1.48  229.8  1.46  230.6  1.45   778   801 1.000  38.7  12739 A803
31.03.2025 17:19:25  *01n 20 100TL 4  512.5  1.26   646  216.7  0.54   117  229.3  1.43  229.4  1.44  230.8  1.40   764   798 1.000  38.7  12743 CFCF
31.03.2025 17:19:45  *01n 20 100TL 4  512.2  1.31   675  216.8  0.52   112  228.9  1.38  229.5  1.37  230.7  1.35   788   799 1.000  38.7  12748 0A69
31.03.2025 17:20:05  *01n 20 100TL 4  511.9  1.33   685  216.7  0.52   112  229.1  1.36  230.2  1.34  230.7  1.32   798   801 1.000  38.7  12752 E3C3
31.03.2025 17:20:25  *01n 20 100TL 4  511.8  1.41   724  216.7  0.61   132  228.7  1.37  229.7  1.36  230.4  1.35   857   804 1.000  38.7  12757 D640
31.03.2025 17:20:45  *01n 20 100TL 4  521.3  1.40   733  216.7  0.61   131  228.8  1.42  229.7  1.42  230.5  1.42   865   804 1.000  38.6  12761 D842
31.03.2025 17:21:05  *01n 20 100TL 4  511.2  1.34   689  216.7  0.53   114  229.5  1.47  230.3  1.46  231.1  1.44   804   807 1.000  38.6  12766 9857
31.03.2025 17:21:25  *01n 20 100TL 4  511.1  1.38   708  216.8  0.57   123  229.7  1.32  230.5  1.30  231.5  1.28   831   804 1.000  38.7  12770 87AE
31.03.2025 17:21:45  *01n 20 100TL 4  510.7  1.29   662  216.7  0.56   120  229.6  1.48  230.3  1.48  231.6  1.44   782   804 1.000  38.6  12775 5BB9
31.03.2025 17:22:06  *01n 20 100TL 4  520.5  1.43   749  216.7  0.57   125  229.3  1.44  230.2  1.44  231.0  1.42   874   804 1.000  38.6  12779 423C
31.03.2025 17:22:26  *01n 20 100TL 4  510.1  1.32   677  216.7  0.52   112  229.6  1.47  230.5  1.45  231.4  1.45   790   801 1.000  38.6  12784 6769
31.03.2025 17:22:46  *01n 20 100TL 4  509.9  1.40   720  216.6  0.60   131  229.3  1.33  230.0  1.32  231.1  1.31   851   796 1.000  38.6  12788 4BD4
31.03.2025 17:23:06  *01n 20 100TL 4  509.8  1.32   674  216.7  0.56   122  229.5  1.42  230.3  1.42  231.4  1.41   796   799 1.000  38.6  12792 3474
31.03.2025 17:23:26  *01n 20 100TL 4  509.3  1.29   657  216.8  0.52   112  229.5  1.40  230.2  1.40  231.4  1.36   770   793 1.000  38.6  12797 ABBF
31.03.2025 17:23:46  *01n 20 100TL 4  519.2  1.28   668  216.7  0.51   111  229.9  1.33  229.7  1.32  231.4  1.32   779   793 1.000  38.6  12801 2711
31.03.2025 17:24:06  *01n 20 100TL 4  508.9  1.27   653  216.7  0.55   120  229.4  1.37  230.1  1.36  231.1  1.35   773   788 1.000  38.6  12806 195D
31.03.2025 17:24:26  *01n 20 100TL 4  518.8  1.36   706  216.7  0.57   125  229.4  1.35  230.3  1.32  231.4  1.32   831   791 1.000  38.6  12810 4CEC
31.03.2025 17:24:46  *01n 20 100TL 4  508.4  1.38   703  216.7  0.54   117  229.3  1.41  230.2  1.42  231.2  1.38   820   791 1.000  38.6  12815 2769
31.03.2025 17:25:06  *01n 20 100TL 4  508.8  1.42   724  216.7  0.61   132  229.2  1.47  230.1  1.46  230.9  1.44   857   790 1.000  38.6  12819 0E02
31.03.2025 17:25:26  *01n 20 100TL 4  507.9  1.28   656  216.7  0.55   119  229.0  1.38  229.8  1.38  230.6  1.35   775   785 1.000  38.6  12823 C96D
31.03.2025 17:25:46  *01n 20 100TL 4  517.8  1.35   704  216.6  0.56   120  229.4  1.34  230.0  1.33  230.8  1.32   825   790 1.000  38.6  12828 BD99
31.03.2025 17:26:06  *01n 20 100TL 4  517.6  1.29   669  216.7  0.51   111  229.5  1.44  230.0  1.44  230.8  1.41   781   793 1.000  38.6  12832 C823
31.03.2025 17:26:26  *01n 20 100TL 4  517.2  1.27   659  216.8  0.53   115  229.5  1.42  230.3  1.40  231.2  1.38   775   791 1.000  38.6  12837 6C1C
31.03.2025 17:26:46  *01n 20 100TL 4  517.0  1.38   717  216.7  0.59   128  229.1  1.36  229.6  1.36  230.8  1.32   845   788 1.000  38.6  12841 F27D
31.03.2025 17:27:06  *01n 20 100TL 4  517.2  1.26   657  216.7  0.51   109  229.3  1.44  229.9  1.43  231.0  1.40   767   793 1.000  38.6  12845 200D
31.03.2025 17:27:26  *01n 20 100TL 4  516.2  1.29   668  216.7  0.51   111  229.3  1.36  229.7  1.36  231.0  1.33   779   788 1.000  38.6  12850 4DEC
31.03.2025 17:27:46  *01n 20 100TL 4  516.1  1.30   671  216.8  0.56   122  229.2  1.39  229.8  1.37  231.0  1.35   793   787 1.000  38.6  12854 686E
31.03.2025 17:28:06  *01n 20 100TL 4  516.0  1.35   697  216.6  0.57   123  229.3  1.42  229.6  1.41  230.9  1.37   820   787 1.000  38.6  12859 6590
31.03.2025 17:28:26  *01n 20 100TL 4  505.4  1.29   651  216.7  0.51   111  229.3  1.44  229.7  1.43  231.1  1.39   762   784 1.000  38.6  12863 547F
31.03.2025 17:28:47  *01n 20 100TL 4  515.4  1.32   683  216.7  0.54   117  229.1  1.35  229.6  1.34  230.7  1.32   801   784 1.000  38.6  12867 03BE
31.03.2025 17:29:07  *01n 20 100TL 4  515.1  1.27   656  216.7  0.54   117  229.2  1.35  229.8  1.35  230.9  1.31   773   784 1.000  38.6  12872 00B8
31.03.2025 17:29:27  *01n 20 100TL 4  512.2  1.28   659  216.5  0.51   109  229.3  1.43  229.6  1.41  230.9  1.38   769   782 1.000  38.6  12876 65DF
31.03.2025 17:29:47  *01n 20 100TL 4  514.7  1.35   698  217.0  0.53   115  229.2  1.44  229.9  1.44  230.9  1.41   814   779 1.000  38.6  12880 FAAD
31.03.2025 17:30:07  *01n 20 100TL 4  514.3  1.26   650  216.8  0.51   111  229.2  1.41  229.8  1.41  230.8  1.39   761   775 1.000  38.6  12885 3F62
31.03.2025 17:30:27  *01n 20 100TL 4  514.1  1.24   639  216.7  0.52   112  229.4  1.37  229.8  1.35  231.0  1.30   752   772 1.000  38.6  12889 1123
31.03.2025 17:30:47  *01n 20 100TL 4  513.9  1.37   703  216.8  0.55   119  229.3  1.34  230.2  1.31  231.3  1.28   822   769 1.000  38.6  12893 7778
31.03.2025 17:31:07  *01n 20 100TL 4  513.4  1.25   645  216.6  0.50   109  229.4  1.39  230.5  1.40  231.5  1.37   755   767 1.000  38.6  12898 D47A
31.03.2025 17:31:27  *01n 20 100TL 4  513.3  1.27   656  216.7  0.54   117  229.6  1.30  230.4  1.30  231.4  1.30   773   761 1.000  38.6  12902 0025
31.03.2025 17:31:47  *01n 20 100TL 4  512.9  1.34   691  216.7  0.55   119  229.4  1.29  230.1  1.30  231.0  1.26   810   758 1.000  38.6  12906 5585
31.03.2025 17:32:07  *01n 20 100TL 4  513.3  1.29   666  216.5  0.52   112  229.1  1.30  230.1  1.32  231.0  1.28   779   755 1.000  38.6  12910 B61D
31.03.2025 17:32:27  *01n 20 100TL 4  522.2  1.19   625  216.7  0.47   103  229.1  1.39  229.9  1.38  230.9  1.35   729   746 1.000  38.6  12915 33E1
31.03.2025 17:32:47  *01n 20 100TL 4  512.5  1.20   619  216.6  0.51   111  229.0  1.36  229.8  1.34  230.7  1.34   730   752 1.000  38.6  12919 3C8B
31.03.2025 17:33:07  *01n 20 100TL 4  511.7  1.22   627  216.8  0.49   106  229.4  1.35  230.3  1.37  231.1  1.35   733   747 1.000  38.6  12923 2233
31.03.2025 17:33:27  *01n 20 100TL 4  511.4  1.27   653  216.6  0.50   106  229.1  1.37  229.8  1.35  231.0  1.34   759   747 1.000  38.6  12927 9040
31.03.2025 17:33:47  *01n 20 100TL 4  521.5  1.24   646  216.7  0.54   117  229.5  1.29  229.6  1.29  230.8  1.27   764   737 1.000  38.6  12931 B4CA
31.03.2025 17:34:07  *01n 20 100TL 4  521.4  1.17   613  216.7  0.50   106  229.1  1.28  230.1  1.27  231.0  1.26   720   735 1.000  38.5  12935 57BA
31.03.2025 17:34:27  *01n 20 100TL 4  512.1  1.30   665  216.6  0.51   109  229.3  1.37  230.2  1.37  230.9  1.35   775   741 1.000  38.6  12939 380E
31.03.2025 17:34:48  *01n 20 100TL 4  520.1  1.22   640  216.8  0.51   109  229.7  1.33  230.1  1.32  230.9  1.30   750   733 1.000  38.5  12943 4BE3
31.03.2025 17:35:08  *01n 20 100TL 4  509.6  1.22   625  216.7  0.49   106  229.5  1.29  230.1  1.28  230.8  1.24   732   733 1.000  38.5  12948 F3E6
31.03.2025 17:35:28  *01n 20 100TL 4  519.9  1.16   604  216.7  0.50   106  229.6  1.34  230.4  1.33  231.1  1.33   711   730 0.999c  38.5  12952 98A1
31.03.2025 17:35:48  *01n 20 100TL 4  509.4  1.28   654  216.6  0.50   108  229.5  1.28  230.0  1.27  230.7  1.25   762   733 1.000  38.5  12956 5514
31.03.2025 17:36:08  *01n 20 100TL 4  509.3  1.21   621  216.6  0.49   105  229.7  1.36  230.3  1.34  230.9  1.32   726   737 1.000  38.6  12960 55B4
31.03.2025 17:36:28  *01n 20 100TL 4  509.0  1.26   645  216.7  0.53   115  229.3  1.26  230.4  1.27  231.1  1.24   761   733 1.000  38.6  12964 3C4D
31.03.2025 17:36:48  *01n 20 100TL 4  509.7  1.32   674  216.7  0.49   105  229.7  1.33  230.4  1.31  231.2  1.30   743   733 1.000  38.5  12968 8E68
31.03.2025 17:37:08  *01n 20 100TL 4  509.0  1.28   651  216.6  0.49   106  229.8  1.32  230.5  1.29  231.1  1.27   758   735 1.000  38.5  12972 9BB0
31.03.2025 17:37:28  *01n 20 100TL 4  508.8  1.19   607  216.7  0.50   109  229.7  1.24  230.3  1.28  231.1  1.23   717   737 1.000  38.5  12976 3080
31.03.2025 17:37:48  *01n 20 100TL 4  518.1  1.27   663  216.7  0.53   115  230.3  1.29  230.0  1.26  231.3  1.27   779   732 1.000  38.5  12980 0EFD
31.03.2025 17:38:08  *01n 20 100TL 4  518.0  1.19   621  216.7  0.47   102  229.8  1.26  230.1  1.26  231.2  1.26   723   729 1.000  38.5  12985 5CBA
31.03.2025 17:38:28  *01n 20 100TL 4  507.6  1.25   634  216.6  0.50   108  230.1  1.30  229.6  1.28  230.7  1.27   743   726 1.000  38.5  12989 9916
31.03.2025 17:38:48  *01n 20 100TL 4  507.7  1.15   588  216.7  0.48   105  229.4  1.36  230.1  1.36  230.7  1.34   694   724 1.000  38.5  12993 1B17
31.03.2025 17:39:08  *01n 20 100TL 4  506.3  1.21   616  216.8  0.50   108  229.6  1.32  229.7  1.33  230.9  1.28   724   720 1.000  38.5  12997 13BA
31.03.2025 17:39:28  *01n 20 100TL 4  516.5  1.25   648  216.7  0.49   106  229.7  1.31  230.5  1.30  231.3  1.29   755   715 1.000  38.5  13001 FEFA
31.03.2025 17:39:48  *01n 20 100TL 4  506.9  1.19   604  216.8  0.47   102  229.5  1.29  230.2  1.27  231.0  1.25   706   712 1.000  38.5  13005 784F
31.03.2025 17:40:08  *01n 20 100TL 4  516.2  1.24   640  216.7  0.52   112  229.6  1.28  230.4  1.24  231.1  1.22   753   712 1.000  38.5  13009 BF53
31.03.2025 17:40:29  *01n 20 100TL 4  506.2  1.24   631  216.7  0.47   103  229.4  1.21  230.2  1.23  230.8  1.20   735   708 1.000  38.5  13012 3D40
31.03.2025 17:40:49  *01n 20 100TL 4  506.0  1.17   596  216.7  0.46    97  229.6  1.31  230.2  1.31  230.8  1.29   694   708 1.000  38.5  13017 9311
31.03.2025 17:41:09  *01n 20 100TL 4  505.6  1.25   631  216.6  0.51   111  229.2  1.23  230.3  1.20  230.8  1.21   743   706 1.000  38.5  13021 A85A
31.03.2025 17:41:29  *01n 20 100TL 4  516.2  1.23   639  216.7  0.50   106  229.7  1.31  230.1  1.29  230.8  1.28   746   706 1.000  38.5  13025 8EC5
31.03.2025 17:41:49  *01n 20 100TL 4  505.5  1.30   657  216.7  0.49   106  229.6  1.30  230.1  1.32  230.8  1.30   764   706 1.000  38.5  13028 2C13
31.03.2025 17:42:09  *01n 20 100TL 4  514.9  1.24   639  216.7  0.51   111  229.4  1.25  230.1  1.25  230.9  1.21   750   706 1.000  38.5  13032 EC45
31.03.2025 17:42:29  *01n 20 100TL 4  504.7  1.14   576  216.8  0.47   100  229.5  1.23  230.0  1.23  230.7  1.21   677   701 1.000  38.5  13036 384F
31.03.2025 17:42:49  *01n 20 100TL 4  514.5  1.12   578  216.7  0.45    96  229.5  1.33  230.1  1.33  230.9  1.32   674   706 1.000  38.5  13040 2E43
31.03.2025 17:43:09  *01n 20 100TL 4  504.4  1.19   602  216.7  0.45    96  229.8  1.26  230.2  1.26  230.8  1.24   698   698 1.000  38.5  13044 C1CE
31.03.2025 17:43:29  *01n 20 100TL 4  505.9  1.15   582  216.8  0.48   103  229.7  1.31  230.1  1.29  231.0  1.30   686   700 1.000  38.5  13048 2171
31.03.2025 17:43:49  *01n 20 100TL 4  506.8  1.24   630  216.8  0.50   106  229.3  1.22  230.0  1.24  230.8  1.21   737   697 1.000  38.5  13052 53D4
31.03.2025 17:44:09  *01n 20 100TL 4  509.4  1.19   607  216.7  0.45    97  229.3  1.31  230.0  1.32  230.7  1.29   704   700 1.000  38.5  13056 83AB
31.03.2025 17:44:29  *01n 20 100TL 4  513.2  1.23   633  216.7  0.47   102  229.6  1.23  230.1  1.24  231.0  1.23   735   697 1.000  38.5  13060 B62C
31.03.2025 17:44:49  *01n 20 100TL 4  512.7  1.13   582  216.7  0.48   103  229.2  1.27  229.9  1.27  230.8  1.25   686   694 1.000  38.5  13063 035F
31.03.2025 17:45:10  *01n 20 100TL 4  514.4  1.14   585  216.8  0.44    97  229.3  1.28  229.9  1.26  230.9  1.26   683   692 1.000  38.5  13067 3598
31.03.2025 17:45:30  *01n 20 100TL 4  515.2  1.18   613  216.8  0.46    99  229.2  1.28  230.2  1.29  230.9  1.25   712   692 1.000  38.5  13071 74F3
31.03.2025 17:45:50  *01n 20 100TL 4  497.8  1.15   570  216.5  0.45    97  229.4  1.31  230.3  1.30  230.8  1.29   668   682 1.000  38.5  13075 D8A3
31.03.2025 17:46:10  *01n 20 100TL 4  507.9  1.23   624  216.7  0.51   109  229.5  1.26  230.3  1.26  230.9  1.25   733   688 1.000  38.5  13079 758A
31.03.2025 17:46:30  *01n 20 100TL 4  506.8  1.15   585  216.6  0.44    96  229.8  1.19  230.0  1.19  231.2  1.19   682   683 1.000  38.5  13083 2E7D
31.03.2025 17:46:50  *01n 20 100TL 4  511.2  1.24   639  216.8  0.47   103  229.5  1.34  230.3  1.32  230.7  1.29   743   685 1.000  38.5  13086 B59F
31.03.2025 17:47:10  *01n 20 100TL 4  510.9  1.10   564  216.8  0.46    97  230.1  1.27  230.1  1.27  230.4  1.26   662   680 1.000  38.5  13090 0FFC
31.03.2025 17:47:30  *01n 20 100TL 4  501.3  1.12   561  216.5  0.44    96  229.4  1.25  230.2  1.24  230.7  1.21   657   666 1.000  38.5  13094 5616
31.03.2025 17:47:50  *01n 20 100TL 4  507.8  1.19   607  216.6  0.44    94  229.3  1.21  230.0  1.22  230.7  1.21   701   666 1.000  38.5  13098 A1DF
31.03.2025 17:48:10  *01n 20 100TL 4  512.9  1.04   537  216.9  0.43    91  229.2  1.20  230.1  1.20  230.8  1.16   628   659 1.000  38.5  13102 AE90
31.03.2025 17:48:30  *01n 20 100TL 4  513.7  1.08   556  216.8  0.43    93  229.0  1.20  229.7  1.20  230.6  1.19   650   656 1.000  38.5  13105 BFF2
31.03.2025 17:48:50  *01n 20 100TL 4  503.9  1.09   553  216.8  0.40    86  229.1  1.26  230.1  1.24  230.5  1.24   640   650 1.000  38.5  13109 B1FB
31.03.2025 17:49:10  *01n 20 100TL 4  513.9  1.10   569  216.7  0.42    93  228.8  1.18  229.7  1.15  230.3  1.13   662   643 1.000  38.5  13113 FA4B
31.03.2025 17:49:30  *01n 20 100TL 4  499.0  1.09   547  216.7  0.39    85  229.0  1.21  229.8  1.19  230.2  1.19   633   639 1.000  38.5  13116 47DC
31.03.2025 17:49:50  *01n 20 100TL 4  507.2  1.12   573  216.7  0.44    96  228.9  1.22  230.0  1.21  230.5  1.19   669   637 1.000  38.5  13120 B9D9
31.03.2025 17:50:10  *01n 20 100TL 4  512.0  1.15   588  216.8  0.43    91  228.9  1.15  229.7  1.13  230.3  1.15   680   631 1.000  38.4  13123 BFD5
31.03.2025 17:50:30  *01n 20 100TL 4  503.6  1.10   553  216.6  0.43    91  228.6  1.12  229.8  1.10  230.1  1.12   645   627 1.000  38.4  13127 0158
31.03.2025 17:50:51  *01n 20 100TL 4  503.3  1.03   520  216.7  0.40    85  229.1  1.16  229.9  1.14  230.5  1.14   605   624 1.000  38.4  13130 63F3
31.03.2025 17:51:11  *01n 20 100TL 4  522.6  1.03   543  216.7  0.40    86  229.0  1.21  229.9  1.19  230.3  1.17   630   613 1.000  38.5  13134 9BB6
31.03.2025 17:51:31  *01n 20 100TL 4  506.8  1.04   531  216.7  0.38    82  229.0  1.11  229.9  1.12  230.4  1.11   613   621 1.000  38.5  13137 8EBF
31.03.2025 17:51:51  *01n 20 100TL 4  510.3  1.11   570  216.8  0.41    90  228.7  1.08  229.9  1.09  230.5  1.08   660   614 1.000  38.4  13140 BF6D
31.03.2025 17:52:11  *01n 20 100TL 4  510.8  0.93   477  216.7  0.36    77  229.9  1.22  229.3  1.23  229.9  1.22   555   616 1.000  38.5  13144 DA5C
31.03.2025 17:52:31  *01n 20 100TL 4  511.2  1.09   560  216.7  0.40    86  228.8  1.16  229.9  1.15  230.3  1.14   646   607 1.000  38.5  13147 15EE
31.03.2025 17:52:51  *01n 20 100TL 4  511.9  1.12   573  216.6  0.41    90  228.9  1.12  229.9  1.12  230.4  1.11   663   605 1.000  38.5  13151 07E1
31.03.2025 17:53:11  *01n 20 100TL 4  511.1  0.97   500  216.8  0.38    83  229.0  1.21  229.9  1.20  230.5  1.18   584   599 1.000  38.5  13154 0DCF
31.03.2025 17:53:31  *01n 20 100TL 4  510.9  0.96   491  216.7  0.35    76  230.0  1.17  229.6  1.17  229.4  1.15   567   593 1.000  38.5  13157 0DC5
31.03.2025 17:53:51  *01n 20 100TL 4  500.8  1.12   566  216.7  0.40    86  228.8  1.22  230.0  1.21  230.4  1.19   653   588 1.000  38.4  13161 0E40
31.03.2025 17:54:11  *01n 20 100TL 4  509.7  0.97   494  216.8  0.36    77  229.0  1.20  230.0  1.20  230.5  1.19   572   584 1.000  38.5  13164 1241
31.03.2025 17:54:31  *01n 20 100TL 4  510.8  1.02   524  216.7  0.40    86  228.8  1.07  229.7  1.05  230.3  1.06   611   575 1.000  38.4  13167 10AE
31.03.2025 17:54:51  *01n 20 100TL 4  500.3  0.97   485  216.7  0.34    74  229.2  1.17  230.0  1.17  230.5  1.15   560   570 1.000  38.4  13170 56D5
31.03.2025 17:55:11  *01n 20 100TL 4  499.9  0.98   492  216.6  0.33    73  229.2  1.09  230.1  1.09  230.6  1.07   566   567 1.000  38.4  13173 B383
31.03.2025 17:55:31  *01n 20 100TL 4  509.6  0.92   473  216.7  0.36    77  228.9  1.19  230.2  1.18  230.8  1.14   550   567 1.000  38.4  13177 8355
31.03.2025 17:55:51  *01n 20 100TL 4  509.3  0.95   488  216.7  0.35    74  228.8  1.11  230.0  1.08  230.6  1.08   563   563 1.000  38.4  13180 E167
31.03.2025 17:56:11  *01n 20 100TL 4  508.8  0.91   466  216.7  0.32    68  229.0  1.09  230.1  1.08  230.8  1.08   535   558 1.000  38.4  13183 2875
31.03.2025 17:56:32  *01n 20 100TL 4  508.2  0.91   463  216.6  0.32    68  228.8  1.07  230.1  1.05  230.6  1.07   532   552 1.000  38.4  13186 154F
31.03.2025 17:56:52  *01n 20 100TL 4  508.2  0.91   465  216.8  0.35    76  228.9  1.12  230.1  1.10  230.6  1.07   541   547 1.000  38.4  13189 16BB
31.03.2025 17:57:12  *01n 20 100TL 4  508.3  0.83   422  216.7  0.30    65  228.7  1.16  229.9  1.16  230.5  1.13   488   544 1.000  38.4  13192 D88B
31.03.2025 17:57:32  *01n 20 100TL 4  507.9  0.93   471  216.8  0.31    67  228.8  1.03  229.8  1.03  230.6  1.01   538   538 1.000  38.4  13195 FBBC
31.03.2025 17:57:52  *01n 20 100TL 4  507.6  0.80   410  216.7  0.30    65  228.9  1.16  229.8  1.17  230.4  1.15   476   534 1.000  38.4  13198 F135
31.03.2025 17:58:12  *01n 20 100TL 4  507.3  0.88   451  216.8  0.31    68  229.0  1.13  230.0  1.12  230.6  1.11   520   534 1.000  38.4  13201 AF88
31.03.2025 17:58:32  *01n 20 100TL 4  507.1  0.98   500  216.7  0.32    70  229.0  1.01  230.0  1.01  230.6  1.00   570   527 1.000  38.4  13204 A213
31.03.2025 17:58:52  *01n 20 100TL 4  507.1  0.92   469  216.7  0.33    71  228.9  1.13  229.9  1.13  230.5  1.12   524   529 1.000  38.4  13207 CF1A
31.03.2025 17:59:12  *01n 20 100TL 4  506.4  0.88   447  216.7  0.32    70  229.7  1.12  229.0  1.12  231.0  1.11   517   529 1.000  38.4  13210 0F18
31.03.2025 17:59:32  *01n 20 100TL 4  506.4  0.83   422  216.8  0.30    65  228.8  1.12  229.8  1.12  230.6  1.12   488   529 1.000  38.4  13213 A887
31.03.2025 17:59:52  *01n 20 100TL 4  505.9  0.90   459  216.8  0.30    65  229.0  1.09  229.9  1.09  230.5  1.04   524   527 1.000  38.4  13216 6516
31.03.2025 18:00:12  *01n 20 100TL 4  506.0  0.96   486  216.8  0.34    74  229.0  1.06  230.2  1.04  230.8  1.04   561   526 1.000  38.4  13219 C994
31.03.2025 18:00:32  *01n 20 100TL 4  505.5  0.87   439  216.6  0.31    68  228.6  1.08  229.3  1.09  230.3  1.07   508   524 1.000  38.4  13222 A225
31.03.2025 18:00:52  *01n 20 100TL 4  505.5  0.97   494  216.6  0.33    73  228.2  1.12  229.3  1.12  230.1  1.11   567   526 1.000  38.4  13225 5F75
31.03.2025 18:01:12  *01n 20 100TL 4  501.7  0.84   424  216.8  0.28    61  228.4  1.06  229.4  1.05  230.4  1.04   485   521 1.000  38.4  13227 15E4
31.03.2025 18:01:32  *01n 20 100TL 4  502.0  0.88   445  216.6  0.32    70  228.3  1.08  229.4  1.07  230.3  1.04   515   521 1.000  38.4  13230 580B
31.03.2025 18:01:52  *01n 20 100TL 4  518.2  0.96   502  216.7  0.37    79  228.3  1.00  229.3  0.99  229.8  1.01   581   518 1.000  38.4  13233 E59F
31.03.2025 18:02:13  *01n 20 100TL 4  506.9  0.92   468  216.5  0.31    67  228.1  1.11  229.1  1.10  229.9  1.10   535   527 1.000  38.4  13236 5B92
31.03.2025 18:02:33  *01n 20 100TL 4  506.2  0.88   450  216.5  0.31    68  228.2  1.08  229.0  1.08  229.8  1.06   518   523 1.000  38.4  13239 1A01
31.03.2025 18:02:53  *01n 20 100TL 4  506.0  0.96   486  216.7  0.35    74  228.2  1.08  229.1  1.05  229.9  1.03   561   521 1.000  38.4  13242 5DBA
31.03.2025 18:03:13  *01n 20 100TL 4  505.3  0.98   495  216.6  0.32    70  228.3  1.04  229.3  1.04  230.1  1.04   566   521 1.000  38.4  13245 AA1C
31.03.2025 18:03:33  *01n 20 100TL 4  498.2  0.97   485  216.7  0.32    68  228.8  1.00  228.6  0.98  230.1  1.00   553   515 1.000  38.4  13248 1ABD
31.03.2025 18:03:53  *01n 20 100TL 4  508.0  0.96   489  216.7  0.33    71  228.4  1.14  229.3  1.11  230.1  1.10   561   521 1.000  38.4  13251 0D35
31.03.2025 18:04:13  *01n 20 100TL 4  497.7  1.00   502  216.7  0.36    77  228.0  1.05  229.2  1.07  230.0  1.04   579   518 1.000  38.4  13254 FE33
31.03.2025 18:04:33  *01n 20 100TL 4  497.3  0.89   442  216.6  0.29    64  228.1  1.14  229.3  1.12  230.3  1.12   506   515 1.000  38.4  13257 20FA
31.03.2025 18:04:53  *01n 20 100TL 4  507.3  0.97   492  216.7  0.33    71  228.6  1.02  229.5  1.00  230.3  1.00   564   520 0.999c  38.4  13259 70B4
31.03.2025 18:05:13  *01n 20 100TL 4  506.8  0.86   437  216.7  0.31    67  228.6  1.13  229.6  1.12  230.4  1.10   505   518 1.000  38.4  13262 EC12
31.03.2025 18:05:33  *01n 20 100TL 4  506.7  0.88   447  216.7  0.29    64  228.2  1.06  229.3  1.07  230.0  1.04   511   517 1.000  38.4  13265 108A
31.03.2025 18:05:53  *01n 20 100TL 4  507.8  0.89   451  216.6  0.30    65  228.2  1.08  229.1  1.11  229.6  1.08   517   521 0.999c  38.4  13268 C52B
31.03.2025 18:06:13  *01n 20 100TL 4  497.0  0.82   410  216.8  0.28    61  228.3  1.06  229.0  1.05  230.0  1.03   471   514 1.000  38.4  13271 DEBC
31.03.2025 18:06:33  *01n 20 100TL 4  506.9  0.80   407  216.6  0.29    64  228.5  1.13  229.3  1.12  230.4  1.12   471   520 1.000  38.4  13274 CE0F
31.03.2025 18:06:53  *01n 20 100TL 4  506.4  0.83   419  216.7  0.27    59  228.6  1.06  229.3  1.07  230.3  1.03   479   520 1.000  38.4  13277 C938
31.03.2025 18:07:13  *01n 20 100TL 4  495.2  0.90   445  216.7  0.31    67  228.9  1.10  229.0  1.07  230.6  1.05   512   515 1.000  38.4  13280 E909
31.03.2025 18:07:34  *01n 20 100TL 4  514.7  0.92   477  216.9  0.36    76  228.8  1.11  229.6  1.10  230.6  1.09   553   520 1.000  38.4  13283 94AD
31.03.2025 18:07:54  *01n 20 100TL 4  504.5  0.90   457  216.7  0.32    68  229.1  1.10  229.8  1.08  230.2  1.05   526   521 1.000  38.4  13286 CC1E
31.03.2025 18:08:14  *01n 20 100TL 4  505.2  1.00   505  216.7  0.33    71  228.3  1.01  229.1  1.03  229.9  1.01   576   523 1.000  38.4  13289 60EB
31.03.2025 18:08:34  *01n 20 100TL 4  509.4  0.97   492  216.8  0.33    71  228.2  1.11  228.9  1.09  229.9  1.07   564   523 1.000  38.4  13291 7964
31.03.2025 18:08:54  *01n 20 100TL 4  509.1  0.81   415  216.6  0.29    62  226.7  1.14  230.3  1.15  230.7  1.13   477   523 1.000  38.4  13294 56DE
31.03.2025 18:09:14  *01n 20 100TL 4  510.3  0.96   491  216.9  0.32    71  228.9  1.01  229.6  1.00  230.4  1.02   563   521 1.000  38.4  13297 6BAE
31.03.2025 18:09:34  *01n 20 100TL 4  511.0  0.98   502  216.7  0.34    71  228.8  1.14  229.8  1.12  230.6  1.11   573   520 1.000  38.4  13300 B2F7
31.03.2025 18:09:54  *01n 20 100TL 4  504.9  0.86   436  216.7  0.31    68  229.1  1.08  229.0  1.06  230.2  1.04   505   517 1.000  38.4  13303 F91B
31.03.2025 18:10:14  *01n 20 100TL 4  511.7  0.80   415  216.6  0.29    62  228.6  1.03  229.5  1.04  230.5  1.02   477   511 1.000  38.4  13306 A1B0
31.03.2025 18:10:34  *01n 20 100TL 4  507.9  0.84   428  216.7  0.30    65  228.8  1.02  229.8  1.02  230.8  1.01   494   509 1.000  38.4  13309 1C1C
31.03.2025 18:10:54  *01n 20 100TL 4  507.7  0.96   486  216.7  0.31    68  229.1  1.06  230.2  1.06  231.0  1.00   555   505 1.000  38.4  13311 A380
31.03.2025 18:11:14  *01n 20 100TL 4  507.5  0.88   448  216.6  0.32    70  229.2  1.06  230.0  1.04  230.8  1.01   518   500 1.000  38.4  13314 1A53
31.03.2025 18:11:34  *01n 20 100TL 4  507.2  0.83   425  216.8  0.28    62  228.7  1.08  229.6  1.09  230.4  1.07   488   502 1.000  38.4  13317 DE53
31.03.2025 18:11:54  *01n 20 100TL 4  507.7  0.94   477  216.8  0.30    64  228.6  0.99  229.6  1.00  230.3  1.00   541   495 1.000  38.4  13320 5BA7
31.03.2025 18:12:14  *01n 20 100TL 4  509.0  0.89   456  216.7  0.30    65  228.8  1.09  229.6  1.11  230.4  1.08   521   494 1.000  38.4  13323 0213
31.03.2025 18:12:34  *01n 20 100TL 4  510.5  0.81   415  216.7  0.27    59  230.3  1.08  228.8  1.08  229.7  1.06   474   488 1.000  38.4  13325 6A2B
31.03.2025 18:12:54  *01n 20 100TL 4  506.1  0.76   387  216.6  0.25    54  229.1  1.03  230.0  0.99  230.6  0.98   442   483 1.000  38.4  13328 F713
31.03.2025 18:13:14  *01n 20 100TL 4  505.9  0.91   462  216.8  0.29    64  229.4  1.09  230.3  1.08  231.1  1.06   526   483 1.000  38.4  13331 5DDE
31.03.2025 18:13:35  *01n 20 100TL 4  505.8  0.80   407  216.8  0.28    62  229.0  1.10  230.0  1.10  230.9  1.08   469   482 1.000  38.4  13333 0246
31.03.2025 18:13:55  *01n 20 100TL 4  504.2  0.83   422  216.6  0.29    62  228.9  1.07  229.9  1.09  230.7  1.07   485   479 1.000  38.4  13336 F548
31.03.2025 18:14:15  *01n 20 100TL 4  512.3  0.91   471  216.7  0.29    61  229.2  1.09  229.9  1.09  230.8  1.08   532   480 1.000  38.4  13339 C796
31.03.2025 18:14:35  *01n 20 100TL 4  501.0  0.94   474  216.8  0.32    70  229.3  1.01  230.0  1.01  230.9  0.98   544   476 1.000  38.4  13341 9BC5
31.03.2025 18:14:55  *01n 20 100TL 4  508.8  0.83   424  216.6  0.29    62  229.6  1.01  230.3  1.00  231.2  0.97   486   474 1.000  38.4  13344 726B
31.03.2025 18:15:15  *01n 20 100TL 4  504.6  0.90   453  216.7  0.31    65  229.6  1.02  230.5  1.03  231.4  1.00   518   474 1.000  38.4  13347 2050
31.03.2025 18:15:35  *01n 20 100TL 4  504.1  0.88   444  216.7  0.27    59  229.8  1.07  230.7  1.07  231.5  1.04   503   474 1.000  38.4  13349 5DEE
31.03.2025 18:15:55  *01n 20 100TL 4  503.9  0.87   440  216.6  0.31    65  229.5  1.04  230.5  1.03  231.3  1.04   506   476 1.000  38.4  13352 0D15
31.03.2025 18:16:15  *01n 20 100TL 4  503.6  0.77   389  216.6  0.26    56  230.3  1.02  229.1  1.00  230.5  0.97   445   469 1.000  38.4  13355 1400
31.03.2025 18:16:35  *01n 20 100TL 4  503.4  0.73   372  216.7  0.23    50  228.9  1.01  229.6  0.99  230.8  0.99   422   465 1.000  38.4  13357 4206
31.03.2025 18:16:55  *01n 20 100TL 4  513.3  0.85   437  216.6  0.28    59  228.8  1.08  229.7  1.09  230.7  1.04   497   465 1.000  38.4  13360 9BFC
31.03.2025 18:17:15  *01n 20 100TL 4  502.4  0.77   387  216.7  0.26    57  228.9  1.01  229.4  0.98  231.0  0.98   445   460 1.000  38.4  13362 D889
31.03.2025 18:17:35  *01n 20 100TL 4  502.1  0.87   442  216.8  0.30    64  229.2  0.96  229.9  0.94  231.0  0.94   506   459 1.000  38.4  13365 03D6
31.03.2025 18:17:55  *01n 20 100TL 4  513.1  0.75   389  216.7  0.24    51  229.3  0.99  230.2  0.99  231.1  0.97   440   451 1.000  38.4  13368 D3EB
31.03.2025 18:18:15  *01n 20 100TL 4  502.6  0.76   383  216.5  0.25    54  229.0  0.99  229.9  0.98  231.1  0.97   437   453 1.000  38.4  13370 D24E
31.03.2025 18:18:35  *01n 20 100TL 4  502.3  0.81   408  216.7  0.27    57  229.0  1.00  229.7  0.99  230.9  0.97   466   447 1.000  38.4  13373 66C3
31.03.2025 18:18:55  *01n 20 100TL 4  502.0  0.80   404  216.6  0.24    51  228.3  1.01  229.3  1.03  230.5  1.01   456   448 1.000  38.4  13375 608A
31.03.2025 18:19:15  *01n 20 100TL 4  500.9  0.81   405  216.7  0.26    56  228.7  0.92  229.3  0.94  230.6  0.93   462   440 1.000  38.4  13377 5388
31.03.2025 18:19:35  *01n 20 100TL 4  496.3  0.85   424  216.7  0.28    62  228.8  1.03  229.3  1.04  230.7  1.03   486   439 1.000  38.4  13380 75C3
31.03.2025 18:19:55  *01n 20 100TL 4  496.9  0.82   407  216.7  0.27    57  229.0  0.93  229.7  0.93  230.9  0.92   465   431 1.000  38.4  13382 B6A3
31.03.2025 18:20:15  *01n 20 100TL 4  504.7  0.83   421  216.6  0.25    53  229.2  1.02  230.2  1.02  230.8  1.00   474   431 1.000  38.4  13385 797B
31.03.2025 18:20:36  *01n 20 100TL 4  496.3  0.67   332  216.7  0.20    44  229.6  1.03  230.3  1.04  231.2  1.02   376   425 1.000  38.4  13387 106A
31.03.2025 18:20:56  *01n 20 100TL 4  496.2  0.79   393  216.7  0.26    54  229.8  1.02  230.2  1.03  230.6  1.04   448   422 1.000  38.4  13389 487D
31.03.2025 18:21:16  *01n 20 100TL 4  492.4  0.83   413  216.4  0.25    53  228.8  0.95  229.6  0.96  230.7  0.95   466   413 1.000  38.4  13392 933C
31.03.2025 18:21:36  *01n 20 100TL 4  488.6  0.66   325  216.8  0.18    41  229.0  1.01  229.8  1.01  230.8  0.99   366   408 1.000  38.4  13394 4900
31.03.2025 18:21:56  *01n 20 100TL 4  500.7  0.66   331  216.5  0.21    45  229.1  1.01  230.0  1.02  231.0  1.00   376   410 1.000  38.4  13396 F759
31.03.2025 18:22:16  *01n 20 100TL 4  504.3  0.78   395  216.7  0.25    53  229.3  0.98  230.1  0.98  231.1  0.96   448   405 1.000  38.4  13399 79BC
31.03.2025 18:22:36  *01n 20 100TL 4  494.0  0.65   326  216.7  0.18    39  229.7  1.03  230.6  1.04  231.4  1.02   366   402 1.000  38.4  13401 7F45
31.03.2025 18:22:56  *01n 20 100TL 4  503.8  0.75   376  216.7  0.22    48  229.5  0.97  230.5  0.98  231.0  0.93   425   405 1.000  38.4  13403 6BBE
31.03.2025 18:23:16  *01n 20 100TL 4  503.6  0.80   405  216.7  0.25    53  229.5  0.90  230.3  0.90  231.0  0.90   459   401 1.000  38.4  13405 281A
31.03.2025 18:23:36  *01n 20 100TL 4  500.6  0.75   381  216.7  0.21    45  229.4  0.94  230.3  0.93  231.0  0.92   427   396 1.000  38.4  13408 0978
31.03.2025 18:23:56  *01n 20 100TL 4  497.0  0.70   350  216.9  0.19    41  229.2  1.00  230.2  0.99  230.9  0.99   392   399 1.000  38.4  13410 F9E8
31.03.2025 18:24:16  *01n 20 100TL 4  498.3  0.65   325  216.5  0.20    44  229.0  0.92  230.2  0.92  230.9  0.91   369   395 1.000  38.4  13412 8984
31.03.2025 18:24:36  *01n 20 100TL 4  492.6  0.75   375  216.7  0.23    50  229.3  0.98  230.2  1.00  230.9  1.00   425   393 1.000  38.4  13414 3F8C
31.03.2025 18:24:56  *01n 20 100TL 4  502.3  0.65   331  216.7  0.19    41  229.0  0.99  230.1  0.96  230.8  0.97   372   396 1.000  38.4  13416 94ED
31.03.2025 18:25:16  *01n 20 100TL 4  493.0  0.66   326  216.7  0.18    38  229.1  0.97  230.3  0.97  230.8  0.96   364   392 1.000  38.4  13419 1398
31.03.2025 18:25:36  *01n 20 100TL 4  498.0  0.68   340  216.6  0.21    44  229.1  0.93  230.1  0.93  230.6  0.92   384   390 1.000  38.3  13421 1858
31.03.2025 18:25:57  *01n 20 100TL 4  507.5  0.77   393  216.6  0.22    47  229.0  0.91  230.1  0.93  230.9  0.92   440   389 1.000  38.4  13423 7099
31.03.2025 18:26:17  *01n 20 100TL 4  496.4  0.79   396  216.6  0.21    45  229.0  0.90  230.3  0.89  230.9  0.89   442   387 1.000  38.4  13425 2C00
31.03.2025 18:26:37  *01n 20 100TL 4  505.7  0.66   334  216.7  0.21    44  229.2  0.97  230.1  0.95  230.9  0.97   378   386 1.000  38.4  13427 EF03
31.03.2025 18:26:57  *01n 20 100TL 4  499.9  0.61   309  216.7  0.18    39  228.9  0.91  230.1  0.90  230.7  0.91   349   383 1.000  38.4  13429 AC66
31.03.2025 18:27:17  *01n 20 100TL 4  503.8  0.64   325  216.7  0.18    39  228.9  0.96  230.0  0.98  230.6  0.95   364   381 1.000  38.4  13432 7891
31.03.2025 18:27:37  *01n 20 100TL 4  496.0  0.72   360  216.9  0.20    42  229.5  1.00  229.7  1.00  230.5  0.96   402   379 1.000  38.3  13434 C3A5
31.03.2025 18:27:57  *01n 20 100TL 4  504.5  0.59   297  216.8  0.18    39  228.9  1.01  230.1  1.00  230.5  0.97   337   381 1.000  38.3  13436 F85F
31.03.2025 18:28:17  *01n 20 100TL 4  504.6  0.72   366  216.7  0.20    44  229.1  1.01  230.2  1.01  230.9  0.98   410   378 0.999i  38.3  13438 BC43
31.03.2025 18:28:37  *01n 20 100TL 4  504.4  0.75   381  216.7  0.20    42  229.1  0.89  230.4  0.88  230.9  0.90   424   375 1.000  38.4  13440 3635
31.03.2025 18:28:57  *01n 20 100TL 4  504.2  0.64   323  216.7  0.18    39  229.3  0.91  230.3  0.90  230.8  0.90   363   373 1.000  38.3  13442 9123
31.03.2025 18:29:17  *01n 20 100TL 4  505.3  0.63   318  216.6  0.19    41  229.4  0.90  230.3  0.91  230.6  0.90   360   372 1.000  38.3  13444 F21E
31.03.2025 18:29:37  *01n 20 100TL 4  504.2  0.69   352  216.7  0.19    41  229.2  0.92  230.3  0.91  230.7  0.90   393   369 1.000  38.4  13446 A760
31.03.2025 18:29:57  *01n 20 100TL 4  503.8  0.62   317  216.7  0.16    36  228.9  0.95  230.2  0.94  230.5  0.94   354   370 1.000  38.4  13448 68B1
31.03.2025 18:30:17  *01n 20 100TL 4  503.1  0.65   326  216.8  0.19    41  228.8  0.97  229.9  0.97  230.2  0.95   367   367 1.000  38.4  13450 31D7
31.03.2025 18:30:37  *01n 20 100TL 4  503.1  0.65   328  216.7  0.18    39  229.1  0.97  230.1  0.98  230.6  0.95   367   363 1.000  38.4  13452 4434
31.03.2025 18:30:57  *01n 20 100TL 4  502.9  0.58   292  216.7  0.15    33  228.9  0.95  230.2  0.97  230.5  0.92   326   361 1.000  38.4  13454 93FF
31.03.2025 18:31:17  *01n 20 100TL 4  509.6  0.71   366  216.7  0.18    38  229.1  0.85  230.3  0.87  230.9  0.86   404   354 0.999c  38.4  13456 9693
31.03.2025 18:31:37  *01n 20 100TL 4  504.6  0.51   259  216.7  0.15    32  228.8  0.97  230.1  0.98  230.6  0.95   291   352 1.000  38.4  13458 4788
31.03.2025 18:31:57  *01n 20 100TL 4  504.2  0.65   328  216.7  0.18    38  229.7  0.89  229.3  0.90  229.9  0.90   366   349 1.000  38.3  13460 D08B
31.03.2025 18:32:18  *01n 20 100TL 4  510.4  0.66   337  216.6  0.17    36  229.1  0.94  229.3  0.92  230.1  0.88   373   343 1.000  38.3  13462 3466
31.03.2025 18:32:38  *01n 20 100TL 4  500.7  0.58   291  216.6  0.15    33  228.6  0.88  229.7  0.87  230.4  0.84   325   343 1.000  38.4  13464 D611
31.03.2025 18:32:58  *01n 20 100TL 4  502.0  0.56   283  216.7  0.15    32  228.4  0.96  229.8  0.95  230.4  0.94   315   340 1.000  38.3  13466 0FE1
31.03.2025 18:33:18  *01n 20 100TL 4  500.9  0.60   302  216.7  0.14    32  228.5  0.92  229.6  0.90  230.2  0.89   334   337 1.000  38.4  13468 BA98
31.03.2025 18:33:38  *01n 20 100TL 4  506.0  0.53   273  216.7  0.14    28  228.4  0.92  229.6  0.95  230.2  0.92   302   335 1.000  38.3  13470 F9DF
31.03.2025 18:33:58  *01n 20 100TL 4  485.9  0.57   280  216.8  0.15    33  228.6  0.94  229.5  0.94  230.1  0.93   314   331 1.000  38.3  13472 A8C0
31.03.2025 18:34:18  *01n 20 100TL 4  505.6  0.65   334  216.7  0.18    38  228.6  0.90  229.7  0.89  230.3  0.88   372   326 1.000  38.3  13474 5D58
31.03.2025 18:34:38  *01n 20 100TL 4  485.5  0.59   286  216.8  0.14    30  228.6  0.91  229.8  0.93  230.3  0.90   317   325 1.000  38.3  13475 661F
31.03.2025 18:34:58  *01n 20 100TL 4  493.6  0.57   282  216.8  0.15    33  228.5  0.90  229.6  0.92  230.2  0.91   315   323 1.000  38.3  13477 7389
31.03.2025 18:35:18  *01n 20 100TL 4  481.8  0.72   350  216.5  0.19    41  228.5  0.84  229.6  0.85  230.3  0.85   392   320 1.000  38.3  13479 B520
31.03.2025 18:35:38  *01n 20 100TL 4  494.5  0.65   325  216.7  0.17    38  228.4  0.82  229.7  0.84  230.3  0.83   363   318 1.000  38.3  13481 9378
31.03.2025 18:35:58  *01n 20 100TL 4  494.4  0.64   315  216.7  0.14    30  229.2  0.90  229.4  0.90  229.9  0.85   346   317 0.999c  38.3  13483 1D0C
31.03.2025 18:36:18  *01n 20 100TL 4  504.1  0.51   259  216.7  0.14    32  228.7  0.93  229.8  0.91  230.4  0.89   291   315 1.000  38.3  13484 7EEB
31.03.2025 18:36:38  *01n 20 100TL 4  493.9  0.52   257  216.7  0.13    28  229.5  0.88  229.7  0.90  230.6  0.86   286   314 1.000  38.3  13486 EE48
31.03.2025 18:36:58  *01n 20 100TL 4  491.0  0.57   282  216.6  0.12    27  229.1  0.85  230.2  0.82  230.6  0.83   309   311 1.000  38.3  13488 41FA
31.03.2025 18:37:18  *01n 20 100TL 4  480.1  0.66   317  216.5  0.15    33  229.0  0.88  230.1  0.88  230.6  0.87   350   311 1.000  38.3  13490 627E
31.03.2025 18:37:58  *01n 20 100TL 4  493.0  0.52   260  216.7  0.13    28  229.5  0.93  229.7  0.93  230.1  0.91   289   309 1.000  38.3  13493 ACC1
31.03.2025 18:38:18  *01n 20 100TL 4  482.9  0.59   286  216.7  0.14    28  228.8  0.88  229.9  0.86  230.5  0.84   315   302 1.000  38.3  13495 95F3
31.03.2025 18:38:38  *01n 20 100TL 4  493.9  0.61   305  216.7  0.14    32  229.4  0.90  229.4  0.86  230.3  0.85   337   302 1.000  38.3  13496 56D9
31.03.2025 18:38:58  *01n 20 100TL 4  495.5  0.53   263  216.9  0.12    25  229.1  0.95  230.2  0.94  230.6  0.92   289   303 0.999i  38.3  13498 F086
31.03.2025 18:39:18  *01n 20 100TL 4  496.0  0.61   303  216.8  0.13    28  228.9  0.87  230.1  0.86  230.7  0.86   332   299 0.999c  38.3  13500 2917
31.03.2025 18:39:39  *01n 20 100TL 4  497.0  0.57   285  216.6  0.13    27  229.0  0.85  229.9  0.82  230.4  0.81   312   297 0.998c  38.3  13501 F6DC
31.03.2025 18:39:59  *01n 20 100TL 4  496.2  0.64   317  216.8  0.15    33  228.8  0.87  230.2  0.85  230.6  0.85   350   294 1.000  38.3  13503 6902
31.03.2025 18:40:19  *01n 20 100TL 4  491.5  0.46   227  216.8  0.10    21  228.7  0.86  229.7  0.81  230.5  0.83   248   292 1.000  38.3  13505 4E6A
31.03.2025 18:40:39  *01n 20 100TL 4  493.2  0.58   291  216.8  0.12    25  229.0  0.92  230.0  0.90  230.4  0.86   317   291 0.999i  38.3  13506 33C3
31.03.2025 18:40:59  *01n 20 100TL 4  497.0  0.61   308  216.6  0.12    25  229.0  0.84  230.0  0.85  230.5  0.84   334   289 1.000  38.3  13508 4569
31.03.2025 18:41:19  *01n 20 100TL 4  485.9  0.57   277  216.6  0.13    28  228.6  0.88  229.8  0.88  230.3  0.86   306   286 1.000  38.3  13510 9878
31.03.2025 18:41:39  *01n 20 100TL 4  494.9  0.47   238  216.7  0.09    19  228.8  0.90  230.0  0.87  230.6  0.86   257   285 0.999i  38.3  13511 8027
31.03.2025 18:41:59  *01n 20 100TL 4  494.9  0.52   259  216.6  0.10    22  228.9  0.90  229.8  0.88  230.4  0.86   282   286 1.000  38.3  13513 60EF
31.03.2025 18:42:19  *01n 20 100TL 4  494.7  0.49   244  216.8  0.11    24  228.7  0.83  229.9  0.84  230.8  0.86   268   283 1.000  38.3  13514 707E
31.03.2025 18:42:39  *01n 20 100TL 4  485.7  0.42   205  216.6  0.09    19  229.1  0.89  230.1  0.92  230.8  0.89   225   279 1.000  38.3  13516 7B31
31.03.2025 18:42:59  *01n 20 100TL 4  494.6  0.48   241  216.6  0.10    21  228.8  0.88  230.0  0.89  230.7  0.89   262   279 1.000  38.3  13517 82CF
31.03.2025 18:43:19  *01n 20 100TL 4  493.6  0.49   245  216.8  0.10    19  229.1  0.86  229.1  0.84  230.3  0.83   265   277 1.000  38.3  13519 CAD2
31.03.2025 18:43:39  *01n 20 100TL 4  493.5  0.56   280  216.5  0.12    24  228.8  0.86  229.7  0.83  230.3  0.84   305   274 0.999i  38.3  13521 907D
31.03.2025 18:43:59  *01n 20 100TL 4  493.4  0.51   254  216.8  0.10    21  228.8  0.87  229.8  0.84  230.3  0.83   276   273 1.000  38.3  13522 5418
31.03.2025 18:44:19  *01n 20 100TL 4  483.3  0.55   268  216.7  0.10    21  228.8  0.88  229.5  0.85  230.2  0.86   289   270 0.999c  38.3  13524 5974
31.03.2025 18:44:39  *01n 20 100TL 4  492.9  0.47   234  216.8  0.10    21  229.6  0.88  229.1  0.87  230.7  0.84   256   273 1.000  38.3  13525 88E2
31.03.2025 18:44:59  *01n 20 100TL 4  502.2  0.45   230  216.8  0.10    19  228.9  0.85  229.9  0.85  230.4  0.83   250   268 1.000  38.3  13527 92B8
31.03.2025 18:45:19  *01n 20 100TL 4  492.3  0.46   227  216.7  0.08    18  228.7  0.90  229.9  0.87  230.5  0.86   245   268 1.000  38.3  13528 CED4
31.03.2025 18:45:40  *01n 20 100TL 4  502.0  0.49   248  216.6  0.09    18  228.9  0.93  229.9  0.90  230.5  0.88   267   268 1.000  38.3  13530 3D3D
31.03.2025 18:46:00  *01n 20 100TL 4  501.7  0.41   207  216.7  0.09    18  228.8  0.86  230.0  0.85  230.4  0.86   225   263 0.999c  38.3  13531 41A7
31.03.2025 18:46:20  *01n 20 100TL 4  501.6  0.42   213  216.6  0.07    16  228.9  0.86  230.0  0.83  230.5  0.83   230   259 1.000  38.3  13533 5A1D
31.03.2025 18:46:40  *01n 20 100TL 4  491.3  0.54   268  216.9  0.09    18  229.1  0.85  230.0  0.86  230.6  0.82   286   262 1.000  38.3  13534 5F96
31.03.2025 18:47:00  *01n 20 100TL 4  491.5  0.54   267  216.7  0.10    22  229.6  0.81  229.9  0.83  230.1  0.85   289   262 1.000  38.3  13535 CA99
31.03.2025 18:47:20  *01n 20 100TL 4  491.1  0.47   233  216.7  0.08    16  229.2  0.90  230.1  0.89  230.8  0.88   250   259 1.000  38.3  13537 CF10
31.03.2025 18:47:40  *01n 20 100TL 4  500.3  0.45   227  216.8  0.07    16  229.3  0.85  229.9  0.85  230.9  0.83   244   253 1.000  38.3  13538 AB44
31.03.2025 18:48:00  *01n 20 100TL 4  490.7  0.40   199  216.7  0.07    13  228.7  0.83  229.8  0.83  230.3  0.83   213   253 1.000  38.3  13540 D527
31.03.2025 18:48:20  *01n 20 100TL 4  500.0  0.46   230  216.8  0.09    19  228.8  0.89  229.7  0.87  230.4  0.86   250   254 1.000  38.3  13541 A7C3
31.03.2025 18:48:40  *01n 20 100TL 4  489.9  0.49   244  216.7  0.08    18  228.9  0.86  229.8  0.84  230.3  0.81   262   250 1.000  38.3  13543 F487
31.03.2025 18:49:00  *01n 20 100TL 4  499.3  0.42   213  216.8  0.06    12  228.8  0.86  229.7  0.82  230.4  0.82   225   245 0.999c  38.3  13544 FA3F
31.03.2025 18:49:20  *01n 20 100TL 4  500.3  0.51   257  216.7  0.08    19  228.9  0.84  229.8  0.82  230.4  0.83   277   245 1.000  38.3  13545 61E5
31.03.2025 18:49:40  *01n 20 100TL 4  498.5  0.42   212  216.8  0.08    18  229.1  0.83  229.6  0.83  230.4  0.84   230   247 0.999c  38.3  13547 E69D
31.03.2025 18:50:00  *01n 20 100TL 4  489.3  0.45   224  216.4  0.07    15  229.2  0.84  229.9  0.83  230.4  0.84   239   245 1.000  38.3  13548 0CD6
31.03.2025 18:50:20  *01n 20 100TL 4  488.8  0.43   210  216.7  0.06    13  229.1  0.84  229.9  0.82  230.7  0.83   224   242 1.000  38.3  13549 82A2
31.03.2025 18:50:40  *01n 20 100TL 4  488.5  0.50   248  216.4  0.10    22  229.0  0.83  229.7  0.85  230.5  0.82   271   242 0.998c  38.3  13551 2A04
31.03.2025 18:51:00  *01n 20 100TL 4  498.1  0.42   209  216.7  0.07    16  229.0  0.83  229.7  0.84  230.5  0.83   225   241 1.000  38.3  13552 9E10
31.03.2025 18:51:20  *01n 20 100TL 4  488.6  0.56   277  216.7  0.09    18  229.0  0.82  229.8  0.81  230.3  0.83   296   241 1.000  38.3  13554 7594
31.03.2025 18:51:40  *01n 20 100TL 4  488.2  0.43   213  216.7  0.07    15  228.9  0.83  229.6  0.82  230.4  0.81   228   241 1.000  38.3  13555 1BD6
31.03.2025 18:52:00  *01n 20 100TL 4  468.6  0.53   250  216.7  0.10    19  228.8  0.83  229.7  0.83  230.3  0.83   270   236 0.999c  38.3  13556 891F
31.03.2025 18:52:20  *01n 20 100TL 4  477.8  0.44   212  216.6  0.07    15  228.8  0.87  229.7  0.86  230.4  0.85   227   241 0.999c  38.3  13558 1FFA
31.03.2025 18:52:41  *01n 20 100TL 4  486.8  0.54   263  217.0  0.08    18  228.9  0.83  229.6  0.83  230.2  0.82   282   236 0.999c  38.3  13559 E089
31.03.2025 18:53:01  *01n 20 100TL 4  486.7  0.50   245  216.8  0.09    19  228.8  0.87  229.7  0.84  230.3  0.84   265   234 0.999c  38.3  13560 E15A
31.03.2025 18:53:21  *01n 20 100TL 4  486.5  0.46   227  216.5  0.07    15  228.8  0.87  229.6  0.86  230.4  0.82   242   231 1.000  38.3  13562 3566
31.03.2025 18:53:41  *01n 20 100TL 4  467.6  0.42   199  216.6  0.06    13  228.9  0.83  230.0  0.83  230.5  0.84   213   228 1.000  38.3  13563 ED02
31.03.2025 18:54:01  *01n 20 100TL 4  467.0  0.43   205  216.8  0.05    12  228.7  0.85  229.6  0.85  230.3  0.83   218   224 1.000  38.3  13564 297B
31.03.2025 18:54:21  *01n 20 100TL 4  475.8  0.36   177  216.7  0.06    12  228.7  0.86  229.9  0.84  230.3  0.83   189   222 0.999i  38.2  13565 46EA
31.03.2025 18:54:41  *01n 20 100TL 4  466.7  0.41   193  216.8  0.05     9  229.5  0.87  229.3  0.86  230.7  0.83   202   222 1.000  38.2  13567 F068
31.03.2025 18:55:01  *01n 20 100TL 4  475.8  0.46   221  216.7  0.05    10  228.7  0.86  229.7  0.86  230.3  0.85   231   222 1.000  38.3  13568 3031
31.03.2025 18:55:21  *01n 20 100TL 4  485.2  0.39   192  216.6  0.04     9  228.7  0.86  229.7  0.86  230.5  0.81   201   222 0.999c  38.2  13569 65FD
31.03.2025 18:55:41  *01n 20 100TL 4  485.1  0.39   192  216.7  0.04     9  228.9  0.84  229.7  0.83  230.3  0.84   201   216 1.000  38.2  13570 1944
31.03.2025 18:56:01  *01n 20 100TL 4  474.9  0.44   212  216.8  0.04     9  228.6  0.84  229.5  0.81  230.0  0.83   221   213 0.999i  38.2  13571 E7DD
31.03.2025 18:56:21  *01n 20 100TL 4  474.8  0.46   222  216.8  0.05    10  228.8  0.86  229.6  0.81  230.1  0.83   233   210 1.000  38.2  13573 0C60
31.03.2025 18:56:41  *01n 20 100TL 4  465.0  0.39   186  216.7  0.05    10  228.5  0.86  229.3  0.85  230.0  0.83   196   209 0.999i  38.2  13574 B98B
31.03.2025 18:57:01  *01n 20 100TL 4  464.8  0.48   224  216.6  0.05    10  228.5  0.88  229.3  0.83  230.1  0.84   234   209 0.999i  38.2  13575 1B7D
31.03.2025 18:57:21  *01n 20 100TL 4  474.1  0.47   225  216.8  0.03     6  228.5  0.84  229.5  0.85  230.1  0.81   231   205 0.999i  38.2  13576 4A0F
31.03.2025 18:57:41  *01n 20 100TL 4  461.0  0.41   190  216.8  0.04     9  228.6  0.83  229.6  0.86  230.2  0.85   199   201 0.999c  38.2  13577 9D54
31.03.2025 18:58:01  *01n 20 100TL 4  442.2  0.39   170  216.8  0.03     7  228.6  0.86  229.7  0.82  230.2  0.83   178   192 0.999i  38.2  13578 B56A
31.03.2025 18:58:21  *01n 20 100TL 4  422.0  0.41   177  216.7  0.03     7  228.4  0.82  229.5  0.82  230.0  0.82   184   186 1.000  38.2  13579 4255
31.03.2025 18:58:41  *01n 20 100TL 4  402.1  0.41   164  216.7  0.03     6  228.5  0.81  229.6  0.84  230.3  0.82   170   177 0.999c  38.2  13580 7BB2
31.03.2025 18:59:01  *01n 20 100TL 4  393.2  0.42   167  216.7  0.04     9  228.3  0.82  229.5  0.83  229.9  0.84   177   175 0.999i  38.3  13581 13D7
31.03.2025 18:59:22  *01n 20 100TL 4  393.3  0.45   177  216.9  0.04     9  228.5  0.82  229.6  0.81  230.2  0.78   186   172 1.000  38.2  13582 36AA
31.03.2025 18:59:42  *01n 20 100TL 4  393.3  0.33   132  216.5  0.02     3  228.5  0.82  229.4  0.82  230.1  0.79   135   169 1.000  38.2  13583 82FA
31.03.2025 19:00:02  *01n 20 100TL 4  393.2  0.45   180  216.7  0.04    10  228.7  0.83  229.6  0.81  230.1  0.79   190   170 1.000  38.2  13584 7D2D
31.03.2025 19:00:22  *01n 20 100TL 4  392.9  0.42   164  216.6  0.04     7  228.7  0.81  229.8  0.82  230.5  0.83   172   170 0.999c  38.2  13585 CCC6
31.03.2025 19:00:42  *01n 20 100TL 4  393.1  0.41   160  216.6  0.03     6  228.6  0.82  228.9  0.82  230.4  0.81   166   166 1.000  38.2  13586 0C5C
31.03.2025 19:01:02  *01n 20 100TL 4  392.9  0.39   154  216.6  0.02     4  228.5  0.85  229.4  0.85  230.0  0.81   158   172 0.999i  38.2  13587 DC56
31.03.2025 19:01:22  *01n 20 100TL 4  393.3  0.39   157  216.8  0.03     6  228.6  0.79  229.0  0.79  230.3  0.79   163   166 0.999c  38.2  13588 FDD6
31.03.2025 19:01:42  *01n 20 100TL 4  393.1  0.40   158  216.6  0.03     4  228.8  0.82  229.6  0.79  230.3  0.83   163   164 0.999c  38.2  13589 5E29
31.03.2025 19:02:02  *01n 20 100TL 4  393.0  0.37   146  216.7  0.02     4  228.4  0.84  229.3  0.83  230.1  0.79   151   166 1.000  38.2  13590 9802
31.03.2025 19:02:22  *01n 20 100TL 4  393.0  0.34   134  216.6  0.01     3  228.4  0.82  229.4  0.82  230.2  0.83   137   164 0.999c  38.2  13591 09BA
31.03.2025 19:02:42  *01n 20 100TL 4  393.2  0.43   172  216.6  0.03     6  228.5  0.82  229.5  0.81  230.2  0.83   178   164 0.999i  38.2  13592 1F0F
31.03.2025 19:03:02  *01n 20 100TL 4  393.2  0.35   138  216.8  0.02     4  228.2  0.84  229.3  0.83  229.9  0.82   143   164 0.999i  38.2  13593 296F
31.03.2025 19:03:22  *01n 20 100TL 4  393.3  0.32   129  216.8  0.00     1  228.3  0.82  229.3  0.81  230.2  0.83   131   160 0.999c  38.2  13594 7CA0
31.03.2025 19:03:42  *01n 20 100TL 4  393.1  0.46   180  216.7  0.02     4  228.2  0.80  229.2  0.80  230.0  0.80   184   158 1.000  38.2  13594 0C97
31.03.2025 19:04:02  *01n 20 100TL 4  393.3  0.36   141  216.7  0.02     4  228.3  0.81  229.4  0.82  230.0  0.80   146   158 0.999i  38.2  13595 D3FE
31.03.2025 19:04:22  *01n 20 100TL 4  393.2  0.54   212  216.9  0.02     3  228.2  0.83  229.4  0.81  230.0  0.79   215   160 0.999c  38.2  13596 4ADE
31.03.2025 19:04:42  *01n 20 100TL 4  393.2  0.34   135  216.7  0.02     4  228.5  0.82  229.6  0.80  230.1  0.80   140   152 1.000  38.2  13597 1737
31.03.2025 19:05:02  *01n 20 100TL 4  393.1  0.36   141  216.7  0.02     4  228.5  0.84  229.5  0.81  230.0  0.82   146   155 0.999i  38.2  13598 58A3
31.03.2025 19:05:23  *01n 20 100TL 4  392.9  0.35   140  216.6  0.00     1  228.3  0.80  229.5  0.79  230.0  0.79   141   154 0.999c  38.2  13599 D7D4
31.03.2025 19:05:43  *01n 20 100TL 4  393.2  0.39   152  216.8  0.00     1  228.4  0.83  229.4  0.80  230.1  0.84   154   152 0.999c  38.2  13600 E66D
31.03.2025 19:06:03  *01n 20 100TL 4  393.1  0.36   140  216.6  0.01     3  228.3  0.80  229.3  0.84  229.9  0.80   143   152 0.998c  38.2  13601 8348
31.03.2025 19:06:23  *01n 20 100TL 4  393.0  0.34   137  216.8  0.01     3  228.8  0.83  229.7  0.80  230.3  0.81   140   152 0.999c  38.2  13601 FD5D
31.03.2025 19:06:43  *01n 20 100TL 4  393.1  0.37   148  216.8  0.00     0  228.5  0.84  229.4  0.83  230.1  0.82   148   151 0.999c  38.2  13602 00AD
31.03.2025 19:07:03  *01n 20 100TL 4  393.1  0.37   149  216.7  0.00     0  228.6  0.84  229.5  0.79  230.1  0.80   149   149 0.999c  38.2  13603 DE7D
31.03.2025 19:07:23  *01n 20 100TL 4  393.1  0.34   135  216.7  0.01     3  228.6  0.83  229.3  0.79  230.0  0.80   138   148 0.999c  38.2  13604 A8A8
31.03.2025 19:07:43  *01n 20 100TL 4  393.1  0.26   102  216.8  0.00     0  228.4  0.82  229.5  0.80  229.9  0.78   102   144 0.998c  38.2  13605 42BB
31.03.2025 19:08:03  *01n 20 100TL 4  393.2  0.39   157  216.7  0.00     0  228.3  0.82  229.3  0.78  229.8  0.75   157   144 0.999c  38.2  13606 979E
31.03.2025 19:08:23  *01n 20 100TL 4  393.2  0.43   170  216.7  0.00     0  228.3  0.83  229.4  0.79  229.9  0.81   170   144 0.999c  38.2  13606 487E
31.03.2025 19:08:43  *01n 20 100TL 4  393.1  0.32   125  216.6  0.00     0  229.1  0.86  229.2  0.83  229.6  0.82   125   144 0.999i  38.2  13607 52D5
31.03.2025 19:09:03  *01n 20 100TL 4  393.2  0.41   163  216.7  0.00     0  228.5  0.82  229.5  0.83  229.8  0.83   163   143 0.999i  38.2  13608 B252
31.03.2025 19:09:23  *01n 20 100TL 4  393.2  0.41   161  216.7  0.00     1  228.2  0.79  229.3  0.82  229.7  0.80   163   141 0.999i  38.2  13609 830D
31.03.2025 19:09:43  *01n 20 100TL 4  393.1  0.43   169  216.7  0.00     0  228.2  0.86  229.3  0.80  229.6  0.81   169   141 0.999i  38.2  13610 7F12
31.03.2025 19:10:03  *01n 20 100TL 4  393.0  0.28   111  216.7  0.00     0  228.1  0.79  229.1  0.79  229.7  0.78   111   138 0.999c  38.2  13610 BDBB
31.03.2025 19:10:23  *01n 20 100TL 4  393.1  0.35   138  216.8  0.00     0  228.4  0.83  229.2  0.79  229.9  0.80   138   138 0.999i  38.2  13611 4520
31.03.2025 19:10:43  *01n 20 100TL 4  393.1  0.39   158  216.7  0.00     1  228.6  0.78  229.4  0.79  230.0  0.78   160   137 0.999c  38.2  13612 0BB6
31.03.2025 19:11:03  *01n 20 100TL 4  393.1  0.34   134  216.6  0.00     0  228.5  0.83  229.4  0.79  229.9  0.80   134   135 0.999c  38.2  13613 D1D0
31.03.2025 19:11:23  *01n 20 100TL 4  393.2  0.28   114  216.8  0.00     0  228.6  0.84  229.5  0.80  230.1  0.78   114   134 0.999c  38.2  13613 0E99
31.03.2025 19:11:44  *01n 20 100TL 4  393.3  0.43   169  216.7  0.00     0  228.7  0.81  229.6  0.82  229.9  0.80   169   137 0.999i  38.2  13614 EA59
31.03.2025 19:12:04  *01n 20 100TL 4  393.1  0.41   163  216.7  0.00     0  228.5  0.81  229.7  0.80  229.9  0.81   163   134 0.998c  38.2  13615 BD26
31.03.2025 19:12:24  *01n 20 100TL 4  393.3  0.34   134  216.8  0.00     0  228.4  0.80  229.6  0.81  229.9  0.82   134   131 0.999i  38.2  13616 9843
31.03.2025 19:12:44  *01n 20 100TL 4  393.1  0.29   114  216.7  0.00     0  228.4  0.79  229.4  0.79  229.9  0.81   114   131 0.999c  38.2  13616 1D70
31.03.2025 19:13:04  *01n 20 100TL 4  393.2  0.29   117  216.7  0.00     0  228.3  0.86  229.6  0.78  229.8  0.79   117   128 0.999i  38.2  13617 F0E8
31.03.2025 19:13:24  *01n 20 100TL 4  393.1  0.20    79  216.6  0.00     0  228.5  0.79  229.5  0.78  229.8  0.78    79   125 0.998c  38.2  13618 548C
31.03.2025 19:13:44  *01n 20 100TL 4  393.1  0.32   126  216.7  0.00     0  228.4  0.83  229.4  0.82  229.6  0.81   126   122 0.999i  38.2  13618 4B1D
31.03.2025 19:14:04  *01n 20 100TL 4  393.1  0.41   163  216.7  0.00     0  228.8  0.81  229.5  0.80  229.2  0.79   163   122 0.999c  38.2  13619 5247
31.03.2025 19:14:24  *01n 20 100TL 4  393.1  0.37   146  216.7  0.00     0  228.6  0.81  229.5  0.81  229.4  0.81   146   120 0.999i  38.2  13620 4DE4
31.03.2025 19:14:44  *01n 20 100TL 4  393.2  0.31   123  216.6  0.00     0  228.3  0.81  229.7  0.80  229.9  0.82   123   120 0.998c  38.2  13621 D16A
31.03.2025 19:15:04  *01n 20 100TL 4  393.1  0.40   158  216.6  0.00     0  228.3  0.84  229.6  0.80  229.5  0.79   158   119 0.998c  38.2  13621 6449
31.03.2025 19:15:24  *01n 20 100TL 4  393.1  0.36   141  216.8  0.00     0  228.5  0.77  228.9  0.78  229.5  0.75   141   119 0.998c  38.2  13622 F050
31.03.2025 19:15:44  *01n 20 100TL 4  393.1  0.23    93  216.6  0.00     0  228.8  0.84  229.2  0.82  228.9  0.77    93   112 0.998i  38.2  13622 0C4B
31.03.2025 19:16:04  *01n 20 100TL 4  393.2  0.30   117  216.7  0.00     0  228.3  0.83  229.5  0.79  229.6  0.76   117   114 0.998c  38.2  13623 21A2
31.03.2025 19:16:24  *01n 20 100TL 4  393.1  0.26   105  216.4  0.00     0  228.2  0.81  229.3  0.82  229.5  0.76   105   112 0.998c  38.2  13624 1EB4
31.03.2025 19:16:44  *01n 20 100TL 4  393.1  0.27   108  216.4  0.00     0  228.7  0.82  229.4  0.79  229.2  0.82   108   111 0.998c  38.2  13624 E2C4
31.03.2025 19:17:04  *01n 20 100TL 4  393.2  0.31   123  216.7  0.00     0  228.3  0.82  229.4  0.82  229.6  0.79   123   111 0.998i  38.2  13625 37F6
31.03.2025 19:17:24  *01n 20 100TL 4  393.2  0.34   134  216.7  0.00     0  228.2  0.81  229.3  0.78  229.6  0.79   134   106 0.997c  38.2  13626 30EA
31.03.2025 19:17:45  *01n 20 100TL 4  393.1  0.31   122  216.8  0.00     0  228.2  0.81  229.1  0.80  229.6  0.76   122   105 0.998c  38.2  13626 C7D7
31.03.2025 19:18:05  *01n 20 100TL 4  393.1  0.20    79  216.7  0.00     0  228.6  0.83  229.1  0.79  230.0  0.76    79   105 0.998c  38.2  13627 D492
31.03.2025 19:18:25  *01n 20 100TL 4  393.0  0.31   120  216.7  0.00     0  228.3  0.81  229.5  0.81  229.9  0.80   120   102 0.998c  38.2  13627 E3B2
31.03.2025 19:18:45  *01n 20 100TL 4  393.9  0.23    93  216.8  0.00     0  228.4  0.79  229.4  0.77  229.6  0.77    93    99 0.998c  38.2  13628 464A
31.03.2025 19:19:05  *01n 20 100TL 4  392.4  0.15    61  216.9  0.00     0  228.3  0.80  229.6  0.80  229.8  0.78    61    97 0.996i  38.2  13628 F35B
31.03.2025 19:19:25  *01n 20 100TL 4  394.8  0.28   112  216.7  0.00     0  228.5  0.80  229.7  0.80  229.9  0.81   112    96 0.998i  38.2  13629 6BA2
31.03.2025 19:19:45  *01n 20 100TL 4  391.9  0.18    74  216.5  0.00     0  228.3  0.84  229.3  0.78  229.7  0.77    74    91 0.998c  38.2  13630 7D90
31.03.2025 19:20:05  *01n 20 100TL 4  393.7  0.25    97  216.6  0.00     0  228.6  0.81  229.5  0.81  229.7  0.80    97    93 0.996i  38.2  13630 F527
31.03.2025 19:20:25  *01n 20 100TL 4  393.2  0.31   123  216.7  0.00     0  228.3  0.81  229.4  0.80  229.7  0.77   123    91 0.998i  38.2  13631 FF1A
31.03.2025 19:20:45  *01n 20 100TL 4  393.2  0.23    90  216.8  0.00     0  228.6  0.81  229.7  0.79  230.0  0.78    90    88 0.994c  38.2  13631 DDC9
31.03.2025 19:21:05  *01n 20 100TL 4  393.0  0.26   106  216.5  0.00     0  228.7  0.82  229.1  0.79  229.8  0.79   106    88 0.998i  38.1  13632 8E44
31.03.2025 19:21:25  *01n 20 100TL 4  393.1  0.11    45  216.5  0.00     0  229.1  0.81  229.0  0.82  229.6  0.79    45    83 0.998i  38.2  13632 464D
31.03.2025 19:21:45  *01n 20 100TL 4  393.1  0.14    54  216.8  0.00     0  228.3  0.80  229.4  0.80  229.6  0.79    54    83 0.997i  38.1  13633 0621
31.03.2025 19:22:05  *01n 20 100TL 4  393.1  0.11    44  216.6  0.00     0  228.4  0.80  229.6  0.77  229.8  0.76    44    80 0.997c  38.2  13633 6A01
31.03.2025 19:22:25  *01n 20 100TL 4  393.1  0.16    64  216.8  0.00     0  228.6  0.78  229.6  0.82  230.0  0.78    64    80 0.996c  38.2  13633 3654
31.03.2025 19:22:45  *01n 20 100TL 4  393.0  0.23    91  216.7  0.00     0  228.6  0.80  229.4  0.80  229.8  0.76    91    80 0.994c  38.2  13634 C44F
31.03.2025 19:23:05  *01n 20 100TL 4  393.1  0.19    76  216.6  0.00     0  228.3  0.82  229.4  0.79  229.6  0.79    76    82 0.996i  38.1  13634 28DD
31.03.2025 19:23:25  *01n 20 100TL 4  393.2  0.18    71  216.8  0.00     0  228.3  0.83  229.5  0.79  229.7  0.78    71    77 0.994i  38.1  13635 6A60
31.03.2025 19:23:46  *01n 20 100TL 4  393.2  0.28   109  216.7  0.00     0  228.3  0.79  229.4  0.83  229.7  0.79   109    77 0.993i  38.2  13635 3A70
31.03.2025 19:24:06  *01n 20 100TL 4  393.2  0.31   125  216.7  0.00     0  228.4  0.78  229.4  0.79  229.6  0.77   125    77 0.997c  38.2  13636 8648
31.03.2025 19:24:26  *01n 20 100TL 4  393.2  0.22    86  216.8  0.00     0  228.2  0.80  229.2  0.78  229.7  0.78    86    73 0.997c  38.2  13636 90BB
31.03.2025 19:24:46  *01n 20 100TL 4  393.2  0.15    59  216.7  0.00     0  228.1  0.77  229.3  0.80  229.5  0.77    59    74 0.996c  38.1  13637 5C2B
31.03.2025 19:25:06  *01n 20 100TL 4  393.3  0.24    96  216.7  0.00     0  228.5  0.83  229.3  0.78  229.6  0.78    96    71 0.996i  38.1  13637 6DC5
31.03.2025 19:25:26  *01n 20 100TL 4  393.1  0.11    45  216.7  0.00     0  228.1  0.79  229.1  0.78  229.6  0.78    45    68 0.989c  38.1  13637 9131
31.03.2025 19:25:46  *01n 20 100TL 4  393.1  0.10    42  216.8  0.00     0  228.3  0.82  229.3  0.79  229.6  0.81    42    67 0.994i  38.1  13638 7C41
31.03.2025 19:26:06  *01n 20 100TL 4  393.0  0.11    44  216.7  0.00     0  228.4  0.79  229.3  0.78  229.4  0.78    44    67 0.996c  38.1  13638 8D69
31.03.2025 19:26:26  *01n 20 100TL 4  393.1  0.23    93  216.7  0.00     0  228.1  0.84  229.3  0.82  229.5  0.79    93    68 0.996i  38.1  13638 7E38
31.03.2025 19:26:46  *01n 20 100TL 4  393.0  0.28   108  216.7  0.00     0  228.3  0.79  229.2  0.76  229.5  0.75   108    65 0.995c  38.1  13639 8243
31.03.2025 19:27:06  *01n 20 100TL 4  393.0  0.16    64  216.8  0.00     0  228.1  0.82  229.3  0.79  229.3  0.78    64    62 0.994i  38.1  13639 6C24
31.03.2025 19:27:26  *01n 20 100TL 4  393.1  0.18    70  216.7  0.00     0  228.3  0.80  229.3  0.79  229.8  0.79    70    62 0.992i  38.1  13640 52C5
31.03.2025 19:27:46  *01n 20 100TL 4  393.0  0.07    30  216.7  0.00     0  228.2  0.78  229.1  0.78  229.5  0.75    30    56 0.993c  38.2  13640 A2E6
31.03.2025 19:28:06  *01n 20 100TL 4  393.1  0.23    90  216.8  0.00     0  228.1  0.78  229.2  0.76  229.5  0.77    90    59 0.994c  38.1  13640 7E41
31.03.2025 19:28:26  *01n 20 100TL 4  393.2  0.12    50  216.5  0.00     0  228.4  0.81  229.2  0.80  229.3  0.80    50    59 0.994c  38.1  13640 DC3C
31.03.2025 19:28:46  *01n 20 100TL 4  393.2  0.13    54  216.7  0.00     0  228.5  0.80  229.1  0.78  229.3  0.79    54    56 0.993i  38.1  13641 FAB2
31.03.2025 19:29:06  *01n 20 100TL 4  393.3  0.21    85  216.8  0.00     0  228.2  0.80  229.1  0.77  229.3  0.76    85    56 0.994c  38.1  13641 88CC
31.03.2025 19:29:26  *01n 20 100TL 4  393.3  0.27   106  216.7  0.00     0  228.2  0.78  229.0  0.80  229.4  0.75   106    57 0.993c  38.1  13641 6BD9
31.03.2025 19:29:46  *01n 20 100TL 4  393.2  0.07    30  216.6  0.00     0  228.2  0.77  229.1  0.79  229.3  0.80    30    50 0.981i  38.1  13642 650C
31.03.2025 19:30:07  *01n 20 100TL 4  393.3  0.13    51  216.6  0.00     0  228.2  0.79  229.2  0.80  229.3  0.79    51    53 0.992i  38.1  13642 F44D
31.03.2025 19:30:27  *01n 20 100TL 4  393.1  0.08    35  216.8  0.00     0  228.2  0.79  229.0  0.78  229.3  0.79    35    51 0.990i  38.1  13642 5856
31.03.2025 19:30:47  *01n 20 100TL 4  393.1  0.12    48  216.8  0.00     0  229.3  0.75  228.8  0.78  228.8  0.75    48    48 0.991c  38.1  13643 154B
