30.11.2021 10:11:50  *01n 20 100TL 4  491.9  0.09    45  239.6  0.00     0  224.0  0.81  225.0  0.79  226.4  0.80    45    56 0.967i  29.7      0 5164

30.11.2021 10:12:10  *01n 20 100TL 4  471.9  0.18    83  276.1  0.00     0  224.2  0.75  225.6  0.80  226.7  0.78    83    59 0.988c  29.7      0 993E

30.11.2021 10:12:30  *01n 20 100TL 4  451.7  0.17    77  256.2  0.00     0  223.9  0.76  225.2  0.79  226.6  0.77    77    57 0.995i  29.8      0 70BD

30.11.2021 10:12:50  *01n 20 100TL 4  432.1  0.09    38  237.1  0.00     0  224.1  0.77  225.4  0.76  226.9  0.77    38    53 0.993c  29.9      1 F982

30.11.2021 10:13:10  *01n 20 100TL 4  412.0  0.12    48  216.3  0.00     0  224.3  0.78  225.7  0.79  227.0  0.77    48    50 0.988c  29.9      1 3CFD

30.11.2021 10:13:30  *01n 20 100TL 4  391.7  0.09    36  211.0  0.00     0  224.1  0.78  225.4  0.75  226.6  0.76    36    51 0.979c  30.0      1 C8DE

30.11.2021 10:13:50  *01n 20 100TL 4  385.6  0.10    39  210.9  0.00     0  224.4  0.75  225.7  0.82  226.9  0.78    39    50 0.983c  30.1      2 37D2

30.11.2021 10:14:10  *01n 20 100TL 4  385.9  0.06    22  210.8  0.00     0  224.6  0.75  225.7  0.79  227.0  0.77    22    47 0.973i  30.1      2 03A0

30.11.2021 10:14:31  *01n 20 100TL 4  386.0  0.11    44  211.0  0.00     0  224.9  0.73  225.9  0.76  227.1  0.77    44    48 0.983c  30.2      2 4F43

30.11.2021 10:14:51  *01n 20 100TL 4  386.3  0.19    74  210.8  0.00     0  225.7  0.74  225.0  0.81  226.4  0.79    74    53 0.985i  30.2      2 AF08

30.11.2021 10:15:11  *01n 20 100TL 4  386.0  0.16    62  210.7  0.00     0  224.3  0.76  225.7  0.78  226.8  0.77    62    47 0.969i  30.3      3 B0AC

30.11.2021 10:22:32  *01n 20 100TL 4  397.5  0.23    94  428.7  0.00     0  225.6  0.76  225.5  0.81  227.4  0.79    94    67 0.978i  30.2      3 53AC

30.11.2021 10:22:52  *01n 20 100TL 4  389.7  0.13    53  428.7  0.00     0  225.2  0.79  226.0  0.79  227.6  0.79    53    70 0.996i  30.2      4 89DE

30.11.2021 10:23:12  *01n 20 100TL 4  389.4  0.20    80  428.6  0.00     0  225.0  0.75  225.8  0.78  227.4  0.80    80    68 0.996i  30.2      4 48E8

30.11.2021 10:23:32  *01n 20 100TL 4  389.5  0.17    67  428.8  0.00     0  225.1  0.76  226.1  0.82  227.8  0.79    67    70 0.992i  30.3      4 E3A2

30.11.2021 10:23:52  *01n 20 100TL 4  389.6  0.26   102  428.6  0.00     0  224.9  0.77  225.6  0.75  227.2  0.78   102    68 0.996c  30.4      5 2EBF

30.11.2021 10:24:12  *01n 20 100TL 4  389.6  0.21    82  428.7  0.00     1  224.7  0.78  225.5  0.79  227.0  0.78    83    73 0.997c  30.5      5 CCA7

30.11.2021 10:24:32  *01n 20 100TL 4  389.5  0.19    74  428.8  0.00     0  224.9  0.80  225.7  0.78  227.5  0.79    74    70 0.992i  30.5      6 7110

30.11.2021 10:24:52  *01n 20 100TL 4  389.5  0.11    44  428.6  0.00     0  224.8  0.81  225.6  0.80  227.3  0.76    44    68 0.990i  30.6      6 D968

30.11.2021 10:25:12  *01n 20 100TL 4  389.6  0.14    53  428.9  0.00     0  225.0  0.77  225.7  0.79  227.6  0.79    53    70 0.995c  30.6      6 C466

30.11.2021 10:25:32  *01n 20 100TL 4  389.8  0.13    50  428.8  0.00     0  225.1  0.80  225.7  0.82  227.5  0.78    50    70 0.995i  30.7      7 7973

30.11.2021 10:25:52  *01n 20 100TL 4  389.6  0.14    54  428.7  0.00     1  225.4  0.79  226.0  0.75  227.7  0.77    56    71 0.983c  30.7      7 9B33

30.11.2021 10:26:12  *01n 20 100TL 4  389.6  0.12    47  428.5  0.00     0  225.1  0.76  226.1  0.77  227.6  0.77    47    67 0.984c  30.7      8 2399

30.11.2021 10:26:32  *01n 20 100TL 4  389.5  0.29   114  428.6  0.00     0  224.7  0.81  225.9  0.80  227.5  0.78   114    73 0.987i  30.8      8 A8E5

30.11.2021 10:26:52  *01n 20 100TL 4  389.7  0.14    57  428.5  0.00     0  225.5  0.77  225.5  0.80  227.2  0.78    57    73 0.996i  30.8      8 1AED

30.11.2021 10:27:12  *01n 20 100TL 4  389.8  0.13    51  428.7  0.00     0  224.3  0.77  225.4  0.77  226.9  0.75    51    73 0.995c  30.8      9 B11E

30.11.2021 10:27:32  *01n 20 100TL 4  389.5  0.16    64  428.8  0.00     0  224.6  0.78  225.6  0.79  227.3  0.75    64    70 0.997c  30.9      9 0EC2

30.11.2021 10:27:53  *01n 20 100TL 4  389.5  0.15    61  428.7  0.00     0  224.4  0.75  225.5  0.79  227.2  0.77    61    68 0.994c  30.9     10 ED8B

30.11.2021 10:28:13  *01n 20 100TL 4  389.5  0.21    82  428.8  0.00     0  224.5  0.79  225.6  0.80  227.1  0.78    82    70 0.991i  31.0     10 38EB

30.11.2021 10:28:33  *01n 20 100TL 4  389.5  0.31   123  428.8  0.00     0  224.6  0.80  225.7  0.81  227.0  0.82   123    71 0.995i  31.0     10 5EC0

30.11.2021 10:28:53  *01n 20 100TL 4  389.7  0.25    99  428.6  0.00     0  224.1  0.76  225.0  0.76  226.5  0.72    99    71 0.994c  31.0     11 51D2

30.11.2021 10:29:13  *01n 20 100TL 4  389.5  0.09    38  428.6  0.00     0  224.4  0.78  225.4  0.77  226.8  0.77    38    65 0.996c  31.1     11 04B4

30.11.2021 10:29:33  *01n 20 100TL 4  389.5  0.10    42  428.7  0.00     0  224.2  0.79  225.1  0.76  226.5  0.78    42    70 0.996i  31.1     12 B5E2

30.11.2021 10:29:53  *01n 20 100TL 4  389.6  0.17    67  428.8  0.00     0  224.4  0.79  225.1  0.78  226.6  0.78    67    68 0.992i  31.2     12 9852

30.11.2021 10:30:13  *01n 20 100TL 4  389.5  0.13    50  428.6  0.00     0  224.4  0.76  225.4  0.79  226.9  0.76    50    70 0.993c  31.2     12 C222

30.11.2021 10:30:33  *01n 20 100TL 4  389.4  0.23    90  428.6  0.00     0  224.5  0.76  225.6  0.78  226.9  0.77    90    70 0.997i  31.2     13 B43F

30.11.2021 10:30:53  *01n 20 100TL 4  389.4  0.13    51  428.7  0.00     0  224.7  0.77  226.3  0.79  227.1  0.73    51    68 0.996c  31.2     13 3988

30.11.2021 10:31:13  *01n 20 100TL 4  389.6  0.27   105  428.6  0.00     0  225.3  0.77  226.2  0.77  227.7  0.75   105    74 0.995c  31.3     14 371A

30.11.2021 10:31:33  *01n 20 100TL 4  389.4  0.16    65  428.5  0.00     0  225.3  0.76  226.1  0.79  227.6  0.80    65    68 0.994c  31.3     14 57ED

30.11.2021 10:31:53  *01n 20 100TL 4  389.6  0.10    41  428.6  0.00     0  225.3  0.81  226.2  0.82  227.7  0.79    41    70 0.996i  31.3     14 E908

30.11.2021 10:32:13  *01n 20 100TL 4  389.4  0.12    48  428.5  0.00     0  225.4  0.78  226.5  0.79  228.0  0.79    48    68 0.996i  31.4     15 C5F3

30.11.2021 10:32:33  *01n 20 100TL 4  389.6  0.20    77  428.5  0.00     0  225.4  0.78  226.0  0.79  227.6  0.79    77    71 0.995c  31.4     15 1F27

30.11.2021 10:32:53  *01n 20 100TL 4  389.5  0.15    59  428.6  0.00     0  225.6  0.76  226.3  0.77  228.0  0.78    59    71 0.996c  31.4     15 1606

30.11.2021 10:33:13  *01n 20 100TL 4  389.2  0.14    53  428.5  0.00     0  225.6  0.75  226.3  0.76  228.0  0.75    53    67 0.988c  31.5     16 194D

30.11.2021 10:33:33  *01n 20 100TL 4  389.7  0.20    79  428.7  0.00     0  225.4  0.77  226.3  0.80  227.7  0.79    79    70 0.996c  31.5     16 F297

30.11.2021 10:33:53  *01n 20 100TL 4  389.6  0.17    67  428.7  0.00     0  225.6  0.79  226.5  0.81  227.9  0.83    67    70 0.996i  31.5     17 BB4F

30.11.2021 10:34:13  *01n 20 100TL 4  389.6  0.21    80  428.7  0.00     0  226.7  0.77  225.6  0.80  227.2  0.74    80    71 0.994c  31.6     17 4F1A

30.11.2021 10:34:34  *01n 20 100TL 4  389.4  0.28   111  428.7  0.00     0  225.0  0.77  226.2  0.78  227.8  0.75   111    74 0.995c  31.6     17 147E

30.11.2021 10:34:54  *01n 20 100TL 4  389.7  0.13    53  428.6  0.00     0  225.5  0.81  226.1  0.79  227.8  0.75    53    71 0.996c  31.6     18 1339

30.11.2021 10:35:14  *01n 20 100TL 4  389.6  0.11    44  428.6  0.00     0  225.4  0.80  226.3  0.80  227.6  0.77    44    74 0.991i  31.6     18 3657

30.11.2021 10:35:34  *01n 20 100TL 4  389.6  0.19    77  428.6  0.00     0  225.2  0.79  226.2  0.81  227.6  0.81    77    80 0.995i  31.7     19 D7A6

30.11.2021 10:35:54  *01n 20 100TL 4  389.6  0.21    83  428.5  0.00     0  225.7  0.78  226.4  0.81  228.0  0.83    83    80 0.997i  31.7     19 2CA7

30.11.2021 10:36:14  *01n 20 100TL 4  389.5  0.13    50  428.7  0.00     0  225.7  0.78  225.4  0.80  228.0  0.76    50    77 0.997c  31.7     20 8178

30.11.2021 10:36:34  *01n 20 100TL 4  389.5  0.20    79  428.5  0.00     0  225.5  0.78  226.4  0.79  227.8  0.80    79    85 0.996c  31.7     20 C9E0

30.11.2021 10:36:54  *01n 20 100TL 4  389.6  0.12    47  428.7  0.00     0  225.2  0.78  226.1  0.82  227.4  0.82    47    88 0.997i  31.8     21 C442

30.11.2021 10:37:14  *01n 20 100TL 4  389.5  0.34   132  428.5  0.00     0  225.6  0.76  226.4  0.82  227.6  0.79   132    83 0.997c  31.8     21 0D68

30.11.2021 10:37:34  *01n 20 100TL 4  389.6  0.33   128  428.6  0.01     3  225.7  0.78  226.7  0.81  228.0  0.79   131    85 0.998i  31.8     21 4B2C

30.11.2021 10:37:54  *01n 20 100TL 4  389.7  0.15    59  428.7  0.00     3  225.5  0.80  226.5  0.80  227.8  0.79    62    88 0.995i  31.9     22 0313

30.11.2021 10:38:14  *01n 20 100TL 4  389.7  0.30   115  428.7  0.02     6  225.6  0.78  226.5  0.77  228.1  0.79   122    90 0.998c  31.9     22 E69D

30.11.2021 10:38:34  *01n 20 100TL 4  389.8  0.21    83  428.8  0.01     6  225.3  0.75  226.2  0.79  227.7  0.81    90    93 0.998c  31.9     23 38FA

30.11.2021 10:38:54  *01n 20 100TL 4  389.5  0.21    85  428.7  0.01     4  225.4  0.81  226.3  0.83  227.7  0.81    90    90 0.997i  32.0     23 69D1

30.11.2021 10:39:14  *01n 20 100TL 4  389.7  0.18    74  428.6  0.00     1  225.7  0.79  226.8  0.79  228.2  0.81    76    90 0.998i  32.0     24 B1E7

30.11.2021 10:39:34  *01n 20 100TL 4  389.8  0.26   100  428.7  0.01     6  225.7  0.80  226.8  0.78  228.2  0.81   106    86 0.998c  32.0     24 FF38

30.11.2021 10:39:54  *01n 20 100TL 4  389.4  0.15    59  428.7  0.00     1  226.1  0.82  227.1  0.78  228.4  0.80    61    85 0.997i  32.0     25 3905

30.11.2021 10:40:14  *01n 20 100TL 4  389.5  0.26   105  428.6  0.00     0  226.4  0.78  226.9  0.75  228.0  0.79   105    83 0.998c  32.1     25 2CC6

30.11.2021 10:40:34  *01n 20 100TL 4  389.5  0.17    65  428.7  0.00     1  226.3  0.79  227.5  0.77  228.8  0.79    67    83 0.997c  32.1     26 8BFF

30.11.2021 10:40:54  *01n 20 100TL 4  389.7  0.24    93  428.7  0.00     0  226.5  0.81  227.3  0.82  228.6  0.81    93    85 0.997i  32.1     26 6A55

30.11.2021 10:41:15  *01n 20 100TL 4  389.5  0.28   111  428.7  0.00     0  225.9  0.80  227.1  0.81  227.7  0.82   111    85 0.997i  32.1     27 B845

30.11.2021 10:41:35  *01n 20 100TL 4  389.6  0.26   102  428.6  0.00     0  225.9  0.78  226.7  0.81  227.9  0.82   102    85 0.997i  32.2     27 F39A

30.11.2021 10:41:55  *01n 20 100TL 4  389.5  0.18    73  428.8  0.01     4  225.7  0.79  226.9  0.78  228.2  0.81    77    88 0.997c  32.2     28 A9DB

30.11.2021 10:42:15  *01n 20 100TL 4  389.5  0.26   103  428.5  0.00     3  225.7  0.81  226.9  0.81  228.1  0.83   106    91 0.998i  32.2     28 8DE7

30.11.2021 10:42:35  *01n 20 100TL 4  389.4  0.21    82  428.7  0.00     0  226.2  0.81  227.3  0.82  228.5  0.82    82    88 0.996i  32.2     29 7EF8

30.11.2021 10:42:55  *01n 20 100TL 4  389.5  0.19    77  428.6  0.00     1  225.7  0.76  226.8  0.79  228.4  0.82    79    90 0.998c  32.2     29 6327

30.11.2021 10:43:15  *01n 20 100TL 4  389.5  0.15    59  428.7  0.00     1  225.7  0.82  226.8  0.79  228.2  0.80    61    86 0.997i  32.3     30 5633

30.11.2021 10:43:35  *01n 20 100TL 4  389.6  0.20    80  428.7  0.00     1  225.5  0.79  226.7  0.80  228.0  0.82    82    86 0.997i  32.3     30 83F2

30.11.2021 10:43:55  *01n 20 100TL 4  389.6  0.30   115  428.7  0.00     0  225.8  0.82  227.0  0.81  228.2  0.82   115    88 0.997i  32.3     31 5E81

30.11.2021 10:44:15  *01n 20 100TL 4  389.4  0.20    76  428.7  0.00     1  226.2  0.78  226.4  0.81  228.3  0.84    77    82 0.997i  32.3     31 F6B7

30.11.2021 10:44:35  *01n 20 100TL 4  389.5  0.18    71  428.6  0.01     4  226.0  0.79  226.8  0.78  228.1  0.83    76    80 0.997c  32.4     32 58CD

30.11.2021 10:44:55  *01n 20 100TL 4  389.4  0.15    62  428.5  0.00     0  225.6  0.79  226.2  0.77  227.8  0.80    62    82 0.997c  32.4     32 A285

30.11.2021 10:45:15  *01n 20 100TL 4  389.6  0.29   112  428.6  0.00     0  225.9  0.80  226.6  0.80  228.4  0.82   112    83 0.997i  32.4     33 7477

30.11.2021 10:45:35  *01n 20 100TL 4  389.5  0.19    76  428.7  0.00     0  225.4  0.82  226.5  0.84  227.8  0.83    76    85 0.997i  32.4     33 59EA

30.11.2021 10:45:55  *01n 20 100TL 4  389.6  0.13    51  428.6  0.00     0  225.7  0.78  226.6  0.82  228.0  0.83    51    83 0.995i  32.5     34 768A

30.11.2021 10:46:15  *01n 20 100TL 4  389.4  0.11    44  428.6  0.00     1  225.5  0.80  226.6  0.82  228.0  0.83    45    85 0.997i  32.5     34 FA94

30.11.2021 10:46:35  *01n 20 100TL 4  389.5  0.32   125  428.6  0.00     0  225.9  0.83  227.1  0.76  228.3  0.79   125    88 0.998c  32.5     34 03AE

30.11.2021 10:46:55  *01n 20 100TL 4  389.6  0.32   122  428.6  0.00     3  226.0  0.79  226.8  0.85  228.2  0.80   125    88 0.997i  32.5     35 884F

30.11.2021 10:47:15  *01n 20 100TL 4  389.6  0.15    59  428.6  0.00     0  225.9  0.77  226.6  0.79  228.0  0.84    59    83 0.997i  32.5     35 3316

30.11.2021 10:47:36  *01n 20 100TL 4  389.4  0.14    54  428.5  0.00     0  226.0  0.80  227.0  0.79  228.4  0.84    54    85 0.996i  32.6     36 43E2

30.11.2021 10:47:56  *01n 20 100TL 4  389.7  0.37   148  428.7  0.00     0  225.7  0.80  226.9  0.81  228.3  0.81   148    91 0.996c  32.6     36 8056

30.11.2021 10:48:16  *01n 20 100TL 4  389.5  0.28   111  428.7  0.00     0  225.9  0.79  226.9  0.78  228.4  0.82   111    86 0.997c  32.6     37 346C

30.11.2021 10:48:36  *01n 20 100TL 4  389.5  0.16    62  428.6  0.00     1  226.0  0.81  226.8  0.82  227.8  0.84    64    88 0.998i  32.7     37 CE85

30.11.2021 10:48:56  *01n 20 100TL 4  389.6  0.33   131  428.6  0.00     0  225.9  0.78  226.8  0.78  228.4  0.83   131    88 0.998c  32.7     38 12A2

30.11.2021 10:49:16  *01n 20 100TL 4  389.5  0.18    70  428.7  0.00     0  225.8  0.82  226.8  0.80  228.3  0.84    70    90 0.997i  32.7     38 A688

30.11.2021 10:49:36  *01n 20 100TL 4  389.6  0.18    73  428.5  0.00     1  225.7  0.81  226.7  0.79  228.1  0.82    74    90 0.996c  32.7     39 7975

30.11.2021 10:49:56  *01n 20 100TL 4  389.6  0.37   143  428.8  0.00     0  225.7  0.79  226.6  0.80  228.2  0.80   143    96 0.997c  32.7     39 AA7B

30.11.2021 10:50:16  *01n 20 100TL 4  389.6  0.21    82  428.5  0.00     1  225.3  0.83  226.4  0.79  227.9  0.83    83    93 0.997i  32.8     40 C440

30.11.2021 10:50:36  *01n 20 100TL 4  389.5  0.25   102  428.6  0.00     0  226.1  0.76  226.3  0.77  227.5  0.81   102    91 0.998c  32.8     40 9A41

30.11.2021 10:50:56  *01n 20 100TL 4  389.7  0.34   135  428.7  0.02    10  225.7  0.79  226.8  0.81  228.2  0.81   146    99 0.998c  32.8     41 4D60

30.11.2021 10:51:16  *01n 20 100TL 4  389.5  0.35   138  428.7  0.02     7  225.9  0.81  227.0  0.79  228.4  0.82   146    97 0.998c  32.8     41 ED35

30.11.2021 10:51:36  *01n 20 100TL 4  389.7  0.13    54  428.8  0.00     1  225.6  0.78  226.9  0.83  228.1  0.84    56    96 0.998c  32.8     42 9176

30.11.2021 10:51:56  *01n 20 100TL 4  389.5  0.18    71  428.7  0.01     6  225.5  0.79  226.9  0.82  228.0  0.82    77    97 0.998c  32.9     43 4ED9

30.11.2021 10:52:16  *01n 20 100TL 4  389.6  0.18    68  428.6  0.01     6  225.9  0.80  226.8  0.80  228.3  0.83    74    99 0.998c  32.9     43 910F

30.11.2021 10:52:36  *01n 20 100TL 4  389.4  0.18    68  428.5  0.00     1  225.7  0.82  226.8  0.80  228.2  0.83    70    99 0.998c  32.9     44 ED67

30.11.2021 10:52:56  *01n 20 100TL 4  389.7  0.22    88  428.7  0.01     4  225.9  0.79  226.8  0.80  228.2  0.83    93   100 0.997c  32.9     44 CF23

30.11.2021 10:53:16  *01n 20 100TL 4  389.3  0.22    90  428.4  0.00     1  226.7  0.80  226.7  0.80  228.1  0.85    91   100 0.998c  33.0     45 344B

30.11.2021 10:53:36  *01n 20 100TL 4  389.6  0.28   111  428.6  0.01     6  225.7  0.81  226.9  0.80  228.2  0.83   117   102 0.998c  33.0     45 9831

30.11.2021 10:53:56  *01n 20 100TL 4  389.7  0.17    67  428.5  0.00     4  225.9  0.81  227.1  0.80  228.3  0.79    71   102 0.998c  33.0     46 65BB

30.11.2021 10:54:17  *01n 20 100TL 4  389.8  0.21    83  428.4  0.01     6  226.1  0.81  227.2  0.78  228.6  0.80    90   100 0.998c  33.0     46 0EC4

30.11.2021 10:54:37  *01n 20 100TL 4  389.4  0.23    91  428.6  0.01     4  226.2  0.80  227.5  0.79  228.7  0.84    96   102 0.997i  33.0     47 8DD7

30.11.2021 10:54:57  *01n 20 100TL 4  389.7  0.25    96  428.6  0.00     1  226.1  0.79  227.3  0.82  228.6  0.86    97   102 0.998i  33.0     48 B1BD

30.11.2021 10:55:17  *01n 20 100TL 4  389.4  0.28   108  428.7  0.00     1  226.7  0.83  227.3  0.83  227.4  0.83   109   102 0.998i  33.1     48 C2C6

30.11.2021 10:55:37  *01n 20 100TL 4  389.5  0.30   119  428.6  0.03    12  226.4  0.80  227.6  0.82  228.8  0.83   131   105 0.998c  33.1     49 EB31

30.11.2021 10:55:57  *01n 20 100TL 4  389.7  0.32   126  428.7  0.00     3  226.3  0.81  227.7  0.79  228.7  0.84   129   102 0.998c  33.1     49 19FC

30.11.2021 10:56:17  *01n 20 100TL 4  389.5  0.21    83  428.7  0.00     1  226.3  0.81  227.7  0.81  228.7  0.80    85   102 0.998i  33.1     50 7581

30.11.2021 10:56:37  *01n 20 100TL 4  389.6  0.23    90  428.8  0.00     1  226.1  0.81  227.4  0.79  228.1  0.85    91   102 0.998c  33.1     50 D273

30.11.2021 10:56:57  *01n 20 100TL 4  389.6  0.24    96  428.5  0.02    10  225.9  0.83  227.2  0.85  228.3  0.85   106   105 0.998i  33.2     51 AE28

30.11.2021 10:57:17  *01n 20 100TL 4  389.3  0.18    70  428.7  0.01     7  226.0  0.81  227.1  0.81  228.2  0.84    77   105 0.998i  33.2     52 2E81

30.11.2021 10:57:37  *01n 20 100TL 4  389.4  0.16    64  428.7  0.01     6  226.1  0.78  227.3  0.79  228.3  0.83    70   106 0.998c  33.2     52 FE66

30.11.2021 10:57:57  *01n 20 100TL 4  389.5  0.18    71  428.6  0.02    12  226.0  0.82  227.2  0.80  228.3  0.82    83   108 0.998i  33.2     53 E894

30.11.2021 10:58:17  *01n 20 100TL 4  389.6  0.31   122  428.3  0.01     6  226.0  0.83  227.0  0.81  228.2  0.82   128   109 0.998c  33.2     53 1D31

30.11.2021 10:58:37  *01n 20 100TL 4  389.5  0.23    88  428.5  0.03    12  226.0  0.81  226.9  0.83  228.0  0.88   100   111 0.998i  33.3     54 4F09

30.11.2021 10:58:57  *01n 20 100TL 4  389.5  0.29   112  428.8  0.03    12  226.1  0.80  227.3  0.80  228.4  0.82   125   109 0.998c  33.3     55 4EA9

30.11.2021 10:59:17  *01n 20 100TL 4  389.5  0.15    61  428.4  0.01     6  226.0  0.83  227.2  0.82  228.3  0.83    67   109 0.998i  33.3     55 F8E5

30.11.2021 10:59:37  *01n 20 100TL 4  389.5  0.18    70  428.7  0.02    10  226.3  0.81  227.3  0.82  228.2  0.87    80   112 0.999i  33.3     56 ED22

30.11.2021 10:59:57  *01n 20 100TL 4  389.7  0.37   146  428.8  0.03    12  226.3  0.83  227.3  0.81  228.3  0.81   158   114 0.998c  33.4     56 A7F7

30.11.2021 11:00:17  *01n 20 100TL 4  389.5  0.27   105  428.8  0.01     7  225.7  0.83  226.8  0.84  228.0  0.86   112   112 0.998i  33.4     57 BE6A

30.11.2021 11:00:37  *01n 20 100TL 4  389.6  0.29   114  428.4  0.02     7  225.5  0.85  226.6  0.82  228.1  0.83   122   109 0.998i  33.4     58 F740

30.11.2021 11:00:57  *01n 20 100TL 4  389.5  0.22    86  428.3  0.01     6  225.4  0.84  226.5  0.83  227.8  0.82    93   108 0.998i  33.4     58 A39D

30.11.2021 11:01:18  *01n 20 100TL 4  389.4  0.28   112  428.7  0.02     9  225.7  0.79  226.9  0.81  228.1  0.83   122   109 0.998i  33.4     59 D202

30.11.2021 11:01:38  *01n 20 100TL 4  389.6  0.26   103  428.8  0.01     4  225.8  0.83  226.7  0.83  228.0  0.83   108   109 0.998i  33.4     60 4A85

30.11.2021 11:01:58  *01n 20 100TL 4  389.5  0.25    97  428.7  0.01     7  226.1  0.84  227.0  0.81  228.2  0.84   105   106 0.998i  33.4     60 615E

30.11.2021 11:02:18  *01n 20 100TL 4  389.5  0.25   100  428.4  0.03    16  226.1  0.79  227.0  0.82  228.2  0.86   117   106 0.998c  33.5     61 6375

30.11.2021 11:02:38  *01n 20 100TL 4  389.5  0.32   126  428.7  0.01     9  226.0  0.81  227.2  0.79  228.2  0.82   135   108 0.998c  33.5     61 01AF

30.11.2021 11:02:58  *01n 20 100TL 4  389.6  0.27   103  428.2  0.02    10  226.0  0.82  226.8  0.82  228.0  0.83   114   108 0.998i  33.5     62 7359

30.11.2021 11:03:18  *01n 20 100TL 4  389.6  0.22    88  428.8  0.02     9  226.4  0.82  227.0  0.80  228.5  0.83    97   109 0.997c  33.5     63 9B0D

30.11.2021 11:03:38  *01n 20 100TL 4  389.6  0.22    86  428.6  0.02     9  226.3  0.84  227.3  0.79  228.4  0.84    96   108 0.998c  33.5     63 980F

30.11.2021 11:03:58  *01n 20 100TL 4  389.4  0.23    88  428.6  0.01     4  226.4  0.84  227.3  0.86  228.5  0.83    93   108 0.998i  33.5     64 490A

30.11.2021 11:04:18  *01n 20 100TL 4  389.6  0.29   115  428.7  0.02     9  226.4  0.81  227.6  0.79  228.7  0.79   125   109 0.998c  33.6     64 31FD

30.11.2021 11:04:38  *01n 20 100TL 4  389.6  0.28   112  428.9  0.02    10  226.4  0.80  227.3  0.80  228.4  0.82   123   109 0.998c  33.6     65 95A6

30.11.2021 11:04:58  *01n 20 100TL 4  389.4  0.21    85  428.5  0.01     6  227.2  0.83  227.2  0.79  228.6  0.82    91   112 0.998c  33.6     66 D0AA

30.11.2021 11:05:18  *01n 20 100TL 4  389.4  0.16    62  428.7  0.01     4  226.9  0.83  227.7  0.80  228.9  0.84    67   111 0.998i  33.6     66 39BE

30.11.2021 11:05:38  *01n 20 100TL 4  389.5  0.34   134  428.8  0.03    13  226.7  0.88  227.7  0.82  228.9  0.90   148   114 0.998i  33.6     67 6ACF

30.11.2021 11:05:58  *01n 20 100TL 4  389.4  0.16    62  428.5  0.02     9  226.7  0.81  226.9  0.82  228.8  0.83    71   112 0.998c  33.6     68 B731

30.11.2021 11:06:18  *01n 20 100TL 4  389.8  0.20    79  428.4  0.02    10  226.5  0.84  227.5  0.83  228.9  0.85    90   114 0.998i  33.7     68 6A1F

30.11.2021 11:06:38  *01n 20 100TL 4  389.6  0.21    80  428.5  0.03    16  226.8  0.79  227.7  0.82  229.0  0.81    97   117 0.998c  33.7     69 07E8

30.11.2021 11:06:58  *01n 20 100TL 4  389.5  0.21    80  428.5  0.02    10  226.6  0.84  227.5  0.84  228.8  0.83    91   120 0.998i  33.7     69 2D62

30.11.2021 11:07:18  *01n 20 100TL 4  389.5  0.28   108  428.7  0.03    15  226.4  0.81  227.6  0.84  228.9  0.85   123   123 0.999i  33.7     70 1984

30.11.2021 11:07:39  *01n 20 100TL 4  389.6  0.34   132  428.8  0.04    19  226.6  0.83  227.8  0.80  229.0  0.80   152   120 0.999c  33.7     71 FF23

30.11.2021 11:07:59  *01n 20 100TL 4  389.5  0.25    97  428.5  0.02    10  226.5  0.84  227.4  0.83  228.9  0.84   108   122 0.999c  33.7     72 ED30

30.11.2021 11:08:19  *01n 20 100TL 4  389.7  0.26   102  428.7  0.02     9  226.7  0.86  227.8  0.82  229.0  0.84   111   120 0.999i  33.7     72 BB3A

30.11.2021 11:08:39  *01n 20 100TL 4  389.4  0.27   108  428.6  0.03    12  226.6  0.85  227.9  0.84  229.1  0.86   120   123 0.999i  33.7     73 58B9

30.11.2021 11:08:59  *01n 20 100TL 4  389.5  0.23    91  428.6  0.04    16  226.9  0.81  227.9  0.79  229.2  0.83   108   122 0.999c  33.8     74 BB24

30.11.2021 11:09:19  *01n 20 100TL 4  389.4  0.29   117  428.6  0.02     7  226.7  0.82  227.9  0.82  229.3  0.83   125   122 0.998c  33.8     74 0ABA

30.11.2021 11:09:39  *01n 20 100TL 4  389.6  0.31   120  428.6  0.04    18  227.2  0.84  228.0  0.81  229.5  0.83   138   119 0.998c  33.8     75 4901

30.11.2021 11:09:59  *01n 20 100TL 4  389.6  0.25   102  428.7  0.02    10  227.3  0.85  228.0  0.81  229.2  0.86   112   117 0.998i  33.8     76 6BD2

30.11.2021 11:10:19  *01n 20 100TL 4  389.7  0.35   138  428.6  0.02    10  226.7  0.82  227.5  0.79  229.2  0.86   149   115 0.998c  33.8     76 97F1

30.11.2021 11:10:39  *01n 20 100TL 4  389.4  0.32   125  428.6  0.03    12  226.5  0.82  227.5  0.82  228.8  0.79   137   117 0.998c  33.9     77 5FDA

30.11.2021 11:10:59  *01n 20 100TL 4  389.4  0.28   108  428.4  0.02     7  226.6  0.83  227.7  0.80  228.8  0.83   115   115 0.997c  33.9     78 423F

30.11.2021 11:11:19  *01n 20 100TL 4  389.4  0.32   125  428.8  0.01     9  226.8  0.83  227.8  0.81  229.2  0.81   134   112 0.998c  33.9     78 9F2A

30.11.2021 11:11:39  *01n 20 100TL 4  389.6  0.18    70  428.6  0.01     4  226.4  0.83  227.7  0.79  228.9  0.82    74   112 0.999c  33.9     79 0DC9

30.11.2021 11:11:59  *01n 20 100TL 4  389.7  0.26   102  428.4  0.03    13  226.8  0.86  228.0  0.82  229.2  0.86   115   115 0.999i  33.9     79 DF69

30.11.2021 11:12:19  *01n 20 100TL 4  389.6  0.24    96  428.7  0.00     1  226.8  0.86  227.8  0.80  229.0  0.85    97   112 0.998c  33.9     80 25AD

30.11.2021 11:12:39  *01n 20 100TL 4  389.5  0.21    85  428.6  0.00     1  227.1  0.83  228.1  0.78  229.3  0.83    86   111 0.999c  34.0     81 3778

30.11.2021 11:12:59  *01n 20 100TL 4  389.4  0.32   125  428.6  0.01     3  227.1  0.82  228.1  0.83  229.1  0.83   128   109 0.998c  34.0     81 FD85

30.11.2021 11:13:19  *01n 20 100TL 4  389.5  0.35   134  428.6  0.01     3  227.2  0.83  227.9  0.83  229.1  0.84   137   112 0.998c  34.0     82 1184

30.11.2021 11:13:39  *01n 20 100TL 4  389.6  0.22    86  429.0  0.00     1  227.0  0.82  228.0  0.82  228.9  0.78    88   105 0.998c  34.0     82 240B

30.11.2021 11:13:59  *01n 20 100TL 4  389.4  0.32   125  428.7  0.01     3  227.3  0.84  227.1  0.78  228.7  0.80   128   105 0.998i  34.0     83 476B

30.11.2021 11:14:20  *01n 20 100TL 4  389.5  0.30   117  428.6  0.01     3  226.7  0.84  227.6  0.82  228.7  0.85   120   105 0.998i  34.0     84 BFFD

30.11.2021 11:14:40  *01n 20 100TL 4  389.6  0.21    82  428.7  0.00     0  226.7  0.83  227.8  0.83  228.9  0.84    82   102 0.998c  34.0     84 1E68

30.11.2021 11:15:00  *01n 20 100TL 4  389.6  0.38   151  428.5  0.00     0  226.9  0.84  227.9  0.82  229.3  0.83   151   108 0.998c  34.0     85 E24B

30.11.2021 11:15:20  *01n 20 100TL 4  389.5  0.21    80  428.7  0.00     1  226.7  0.82  227.5  0.81  228.7  0.86    82   102 0.998c  34.0     85 CEBE

30.11.2021 11:15:40  *01n 20 100TL 4  389.6  0.32   128  428.6  0.02     6  226.8  0.83  227.8  0.83  228.8  0.82   134   105 0.998i  34.1     86 A61F

30.11.2021 11:16:00  *01n 20 100TL 4  389.6  0.22    86  428.6  0.01     6  226.8  0.79  227.8  0.80  228.9  0.83    93   103 0.998c  34.1     87 4384

30.11.2021 11:16:20  *01n 20 100TL 4  389.5  0.19    74  428.5  0.00     0  226.7  0.84  227.7  0.80  228.9  0.81    74   103 0.998c  34.1     87 BF7C

30.11.2021 11:16:40  *01n 20 100TL 4  389.6  0.33   129  428.7  0.00     0  226.7  0.86  227.8  0.87  228.8  0.86   129   111 0.998i  34.1     88 3ECB

30.11.2021 11:17:00  *01n 20 100TL 4  389.5  0.19    76  428.7  0.01     6  226.9  0.86  227.9  0.82  229.1  0.83    82   106 0.998i  34.1     88 F0B2

30.11.2021 11:17:20  *01n 20 100TL 4  389.6  0.21    85  428.8  0.01     6  227.0  0.86  227.8  0.85  229.1  0.83    91   108 0.998i  34.1     89 DAD1

30.11.2021 11:17:40  *01n 20 100TL 4  389.5  0.25    96  428.7  0.01     7  227.1  0.85  228.0  0.84  229.2  0.83   103   108 0.997i  34.2     90 8BE5

30.11.2021 11:18:00  *01n 20 100TL 4  389.5  0.19    76  428.5  0.01     4  226.7  0.82  227.8  0.79  229.0  0.80    80   108 0.998c  34.2     90 6233

30.11.2021 11:18:20  *01n 20 100TL 4  389.4  0.36   143  428.6  0.01     3  226.7  0.87  227.6  0.83  228.7  0.85   146   111 0.998i  34.2     91 B7AB

30.11.2021 11:18:40  *01n 20 100TL 4  389.6  0.28   112  428.6  0.01     3  227.0  0.81  228.0  0.81  229.1  0.82   115   109 0.998c  34.2     91 298F

30.11.2021 11:19:00  *01n 20 100TL 4  389.5  0.26   103  428.7  0.01     6  226.8  0.84  227.4  0.84  228.9  0.86   109   108 0.998i  34.2     92 097E

30.11.2021 11:19:20  *01n 20 100TL 4  389.5  0.21    83  428.7  0.01     4  226.6  0.83  227.4  0.81  228.7  0.84    88   108 0.998i  34.2     93 ACC5

30.11.2021 11:19:40  *01n 20 100TL 4  389.6  0.37   144  428.5  0.00     3  226.7  0.88  227.5  0.84  228.6  0.83   148   109 0.998i  34.2     93 2FC3

30.11.2021 11:20:00  *01n 20 100TL 4  389.3  0.26   100  428.6  0.01     6  226.7  0.86  227.4  0.82  228.7  0.85   106   106 0.998i  34.2     94 E5AE

30.11.2021 11:20:21  *01n 20 100TL 4  389.6  0.25    94  428.5  0.00     1  226.2  0.86  226.9  0.83  228.1  0.86    96   109 0.998i  34.2     94 588C

30.11.2021 11:20:41  *01n 20 100TL 4  389.6  0.31   119  428.4  0.01     9  226.2  0.82  226.9  0.82  228.3  0.83   128   108 0.998c  34.3     95 6045

30.11.2021 11:21:01  *01n 20 100TL 4  389.6  0.30   115  428.5  0.02     9  226.6  0.86  227.3  0.82  228.3  0.84   125   108 0.999i  34.3     96 31D2

30.11.2021 11:21:21  *01n 20 100TL 4  389.4  0.24    91  428.7  0.00     0  226.9  0.86  226.6  0.83  228.7  0.87    91   109 0.997i  34.3     96 4B25

30.11.2021 11:21:41  *01n 20 100TL 4  389.6  0.25   100  428.4  0.01     7  226.3  0.84  227.1  0.83  228.3  0.87   108   111 0.998c  34.3     97 7480

30.11.2021 11:22:01  *01n 20 100TL 4  389.6  0.29   112  428.6  0.02     9  226.2  0.86  226.9  0.82  228.0  0.86   122   115 0.998i  34.3     97 FDAA

30.11.2021 11:22:21  *01n 20 100TL 4  389.4  0.22    86  428.8  0.02     9  226.3  0.85  227.1  0.82  228.4  0.84    96   112 0.999i  34.3     98 35E8

30.11.2021 11:22:41  *01n 20 100TL 4  389.5  0.36   143  428.7  0.02     7  226.5  0.84  227.5  0.80  228.7  0.83   151   114 0.999c  34.3     99 714B

30.11.2021 11:23:01  *01n 20 100TL 4  389.7  0.30   117  428.6  0.03    15  226.4  0.86  227.2  0.80  228.7  0.86   132   115 0.998i  34.3     99 B3B5

30.11.2021 11:23:21  *01n 20 100TL 4  389.5  0.27   108  428.6  0.01     4  226.4  0.83  227.2  0.86  228.6  0.86   112   115 0.998i  34.4    100 C901

30.11.2021 11:23:41  *01n 20 100TL 4  389.4  0.20    80  428.7  0.01     4  226.0  0.84  226.8  0.79  228.3  0.85    85   115 0.998c  34.4    101 6D99

30.11.2021 11:24:01  *01n 20 100TL 4  389.7  0.21    83  428.8  0.02     9  225.8  0.85  226.8  0.82  228.0  0.81    93   112 0.998c  34.4    101 CF4C

30.11.2021 11:24:21  *01n 20 100TL 4  389.5  0.31   120  428.5  0.01     9  225.9  0.81  226.9  0.81  228.4  0.80   129   114 0.998c  34.4    102 DB33

30.11.2021 11:24:41  *01n 20 100TL 4  389.5  0.36   137  428.7  0.02     9  225.6  0.83  226.6  0.82  227.8  0.84   146   112 0.998c  34.4    103 1069

30.11.2021 11:25:01  *01n 20 100TL 4  389.5  0.32   123  428.7  0.03    13  225.6  0.84  226.5  0.80  227.5  0.84   137   111 0.998i  34.4    103 206E

30.11.2021 11:25:21  *01n 20 100TL 4  389.5  0.28   108  428.5  0.00     1  225.5  0.83  225.9  0.83  227.4  0.79   109   111 0.999i  34.4    104 814F

30.11.2021 11:25:41  *01n 20 100TL 4  389.5  0.20    76  428.6  0.00     1  225.7  0.87  226.1  0.85  227.8  0.85    77   111 0.998i  34.4    104 10E5

30.11.2021 11:26:01  *01n 20 100TL 4  389.5  0.26   100  428.8  0.02    10  225.5  0.83  226.0  0.83  227.2  0.85   111   111 0.999i  34.4    105 F199

30.11.2021 11:26:21  *01n 20 100TL 4  389.6  0.32   123  428.5  0.01     6  225.2  0.85  225.8  0.80  227.1  0.82   129   109 0.998c  34.5    106 3654

30.11.2021 11:26:41  *01n 20 100TL 4  389.5  0.29   111  428.4  0.01     3  225.4  0.89  225.6  0.83  227.0  0.83   114   108 0.998i  34.5    106 8FA1

30.11.2021 11:27:02  *01n 20 100TL 4  389.6  0.35   132  428.7  0.01     3  225.1  0.86  225.6  0.83  227.1  0.82   135   109 0.998i  34.5    107 B8C0

30.11.2021 11:27:22  *01n 20 100TL 4  389.6  0.35   134  428.6  0.00     0  225.1  0.84  226.0  0.85  226.9  0.86   134   111 0.998i  34.5    108 16B4

30.11.2021 11:27:42  *01n 20 100TL 4  389.5  0.17    68  428.7  0.01     3  225.3  0.83  225.9  0.80  227.0  0.84    71   105 0.998c  34.5    108 784B

30.11.2021 11:28:02  *01n 20 100TL 4  389.4  0.25   102  428.6  0.02     7  225.2  0.84  225.7  0.85  226.9  0.86   109   109 0.998i  34.5    109 B0C7

30.11.2021 11:28:22  *01n 20 100TL 4  389.7  0.39   149  428.7  0.00     0  225.1  0.84  225.7  0.83  227.0  0.84   149   103 0.998i  34.5    109 C945

30.11.2021 11:28:42  *01n 20 100TL 4  389.5  0.28   114  428.8  0.00     0  224.9  0.85  225.6  0.81  227.0  0.84   114   105 0.998c  34.5    110 D9FD

30.11.2021 11:29:02  *01n 20 100TL 4  389.4  0.33   129  428.7  0.02     7  225.3  0.83  226.2  0.81  227.3  0.82   137   105 0.998i  34.5    111 2777

30.11.2021 11:29:22  *01n 20 100TL 4  389.7  0.22    85  428.7  0.00     1  225.5  0.85  226.0  0.83  227.4  0.84    86   106 0.998i  34.5    111 AF1B

30.11.2021 11:29:42  *01n 20 100TL 4  389.6  0.25   103  428.4  0.00     0  225.5  0.85  226.2  0.80  227.3  0.85   103   103 0.998i  34.5    112 1D72

30.11.2021 11:30:02  *01n 20 100TL 4  389.5  0.21    82  428.9  0.00     1  226.1  0.84  226.1  0.82  226.4  0.80    83   103 0.998c  34.6    112 C724

30.11.2021 11:30:22  *01n 20 100TL 4  389.6  0.33   131  428.7  0.00     3  225.4  0.86  226.0  0.81  227.7  0.84   134   105 0.998i  34.6    113 BA22

30.11.2021 11:30:42  *01n 20 100TL 4  389.6  0.22    88  428.8  0.00     1  225.4  0.83  226.2  0.82  227.6  0.84    90   105 0.998c  34.6    113 BC5E

30.11.2021 11:31:02  *01n 20 100TL 4  389.5  0.17    65  428.7  0.00     0  225.3  0.84  226.1  0.80  227.6  0.83    65   103 0.998c  34.6    114 0BD3

30.11.2021 11:31:22  *01n 20 100TL 4  389.4  0.26   103  428.6  0.00     1  225.5  0.83  226.3  0.80  227.8  0.81   105   102 0.998i  34.6    115 93B4

30.11.2021 11:31:42  *01n 20 100TL 4  389.4  0.29   111  428.7  0.01     3  225.4  0.84  226.0  0.80  227.6  0.82   114   103 0.998i  34.6    115 D9BD

30.11.2021 11:32:02  *01n 20 100TL 4  389.7  0.25    96  428.8  0.00     0  225.3  0.83  225.9  0.80  227.2  0.82    96   105 0.998c  34.6    116 9AA7

30.11.2021 11:32:22  *01n 20 100TL 4  389.6  0.31   120  428.8  0.02     6  225.0  0.86  225.9  0.82  227.0  0.83   126   106 0.997c  34.6    116 0486

30.11.2021 11:32:42  *01n 20 100TL 4  389.5  0.29   114  428.5  0.01     3  224.9  0.82  225.8  0.83  227.0  0.84   117   106 0.998c  34.7    117 9AF3

30.11.2021 11:33:02  *01n 20 100TL 4  389.6  0.35   140  428.7  0.00     3  225.9  0.85  226.5  0.86  227.6  0.82   143   108 0.997i  34.7    118 B087

30.11.2021 11:33:23  *01n 20 100TL 4  389.5  0.14    54  428.5  0.00     0  225.9  0.87  225.9  0.86  227.6  0.85    54   109 0.998i  34.7    118 2DD3

30.11.2021 11:33:43  *01n 20 100TL 4  389.5  0.26   102  428.8  0.02     7  225.1  0.85  226.1  0.83  227.3  0.83   109   109 0.998i  34.7    119 045B

30.11.2021 11:34:03  *01n 20 100TL 4  389.3  0.28   109  428.7  0.00     3  225.3  0.85  226.2  0.81  227.3  0.81   112   112 0.999c  34.7    119 F974

30.11.2021 11:34:23  *01n 20 100TL 4  389.5  0.18    70  428.6  0.00     3  225.6  0.85  226.1  0.79  227.6  0.83    73   111 0.998c  34.7    120 A31E

30.11.2021 11:34:43  *01n 20 100TL 4  389.5  0.34   131  428.9  0.01     3  225.7  0.80  226.3  0.81  227.6  0.81   134   112 0.998c  34.7    121 D7A7

30.11.2021 11:35:03  *01n 20 100TL 4  389.4  0.20    79  428.5  0.00     1  226.0  0.83  225.9  0.80  227.0  0.87    80   111 0.998c  34.7    121 D301

30.11.2021 11:35:23  *01n 20 100TL 4  389.7  0.35   135  428.6  0.03    10  225.5  0.83  226.3  0.83  227.6  0.82   146   112 0.998c  34.7    122 651C

30.11.2021 11:35:43  *01n 20 100TL 4  389.5  0.25    97  428.6  0.01     4  225.7  0.83  226.5  0.80  227.8  0.85   102   115 0.997c  34.7    123 C089

30.11.2021 11:36:03  *01n 20 100TL 4  389.6  0.29   114  428.8  0.00     0  225.5  0.84  226.3  0.82  227.6  0.84   114   119 0.998c  34.7    123 C8C5

30.11.2021 11:36:23  *01n 20 100TL 4  389.4  0.37   144  428.6  0.03    15  225.6  0.86  226.5  0.81  227.8  0.83   160   119 0.998c  34.8    124 ACB6

30.11.2021 11:36:43  *01n 20 100TL 4  389.7  0.37   144  429.0  0.02     6  226.0  0.84  226.7  0.81  227.9  0.83   151   119 0.999c  34.8    124 4FF8

30.11.2021 11:37:03  *01n 20 100TL 4  389.4  0.33   126  428.4  0.04    16  225.7  0.87  226.2  0.82  227.7  0.83   143   120 0.998c  34.8    125 5870

30.11.2021 11:37:23  *01n 20 100TL 4  389.6  0.31   122  428.9  0.01     3  225.6  0.86  226.7  0.85  227.9  0.84   125   122 0.998c  34.8    126 CD3B

30.11.2021 11:37:43  *01n 20 100TL 4  389.7  0.27   105  428.4  0.00     1  225.8  0.86  226.7  0.83  228.2  0.83   106   119 0.999c  34.8    127 77C3

30.11.2021 11:38:03  *01n 20 100TL 4  389.4  0.29   114  428.7  0.03    16  225.8  0.83  226.5  0.80  227.8  0.80   131   123 0.999i  34.8    127 0DB9

30.11.2021 11:38:23  *01n 20 100TL 4  389.5  0.20    77  428.6  0.00     1  225.6  0.83  226.6  0.82  228.1  0.82    79   122 0.999c  34.8    128 6253

30.11.2021 11:38:43  *01n 20 100TL 4  389.7  0.37   146  428.8  0.03    10  225.7  0.87  226.9  0.82  228.1  0.85   157   125 0.999i  34.8    129 A8C1

30.11.2021 11:39:03  *01n 20 100TL 4  389.1  0.25    97  428.4  0.03    15  225.7  0.84  226.6  0.81  227.9  0.83   112   128 0.999c  34.9    129 6891

30.11.2021 11:39:23  *01n 20 100TL 4  388.2  0.18    71  428.2  0.01     6  225.6  0.84  226.5  0.82  228.0  0.83    77   126 0.998i  34.9    130 365A

30.11.2021 11:39:43  *01n 20 100TL 4  388.6  0.18    68  428.8  0.02     9  225.8  0.86  226.5  0.81  228.1  0.85    77   134 0.998c  34.9    131 AE38

30.11.2021 11:40:04  *01n 20 100TL 4  388.3  0.21    85  428.6  0.03    13  225.7  0.88  226.8  0.83  228.2  0.83    99   131 0.999i  34.9    131 D99D

30.11.2021 11:40:24  *01n 20 100TL 4  389.0  0.28   109  428.6  0.03    15  225.3  0.88  226.3  0.82  227.8  0.82   125   137 0.998c  34.9    132 7FC1

30.11.2021 11:40:44  *01n 20 100TL 4  389.7  0.32   126  428.5  0.06    27  225.7  0.83  226.7  0.83  228.1  0.84   154   140 0.999c  34.9    133 D218

30.11.2021 11:41:04  *01n 20 100TL 4  389.5  0.39   157  428.6  0.06    27  226.5  0.83  226.7  0.83  227.6  0.85   184   144 0.999c  34.9    134 F35F

30.11.2021 11:41:24  *01n 20 100TL 4  389.6  0.36   143  428.3  0.08    33  225.7  0.89  226.5  0.82  227.9  0.82   177   146 0.999i  34.9    135 608A

30.11.2021 11:41:44  *01n 20 100TL 4  389.4  0.31   122  428.5  0.07    30  225.8  0.85  226.7  0.81  227.9  0.83   152   149 0.999c  34.9    135 8449

30.11.2021 11:42:04  *01n 20 100TL 4  389.4  0.36   141  428.3  0.07    30  225.8  0.83  226.8  0.84  228.2  0.84   172   152 0.999i  34.9    136 C0D6

30.11.2021 11:42:24  *01n 20 100TL 4  389.6  0.24    94  428.8  0.06    28  225.9  0.85  226.9  0.84  228.0  0.81   123   154 0.999c  34.9    137 5819

30.11.2021 11:42:44  *01n 20 100TL 4  389.5  0.39   154  428.6  0.10    44  225.7  0.84  226.6  0.85  228.2  0.86   198   158 0.999i  34.9    138 11D3

30.11.2021 11:43:04  *01n 20 100TL 4  389.6  0.37   146  428.6  0.11    50  225.6  0.86  226.4  0.81  227.8  0.86   196   161 0.999i  35.0    139 DCAD

30.11.2021 11:43:24  *01n 20 100TL 4  389.5  0.45   175  429.2  0.06    24  225.8  0.84  226.9  0.81  228.2  0.84   199   164 0.999c  35.0    140 23C0

30.11.2021 11:43:44  *01n 20 100TL 4  389.5  0.35   135  428.6  0.08    38  225.7  0.89  226.5  0.84  228.1  0.83   173   167 0.999i  35.0    141 99AD

30.11.2021 11:44:04  *01n 20 100TL 4  389.5  0.38   146  428.5  0.17    74  225.6  0.84  226.5  0.82  227.7  0.83   221   170 0.999c  35.0    142 862C

30.11.2021 11:44:24  *01n 20 100TL 4  389.4  0.32   126  428.6  0.05    22  225.8  0.86  226.6  0.81  227.9  0.87   149   169 0.999c  35.0    143 6927

30.11.2021 11:44:44  *01n 20 100TL 4  389.5  0.26   100  428.5  0.07    32  226.3  0.85  227.0  0.82  228.1  0.85   132   169 0.999i  35.0    144 840E

30.11.2021 11:45:04  *01n 20 100TL 4  389.5  0.33   132  428.4  0.11    51  226.0  0.84  227.0  0.83  228.0  0.84   184   173 0.999c  35.0    144 9B82

30.11.2021 11:45:24  *01n 20 100TL 4  389.7  0.28   111  428.7  0.06    27  226.3  0.84  227.1  0.84  228.2  0.86   138   167 1.000  35.0    145 4E3D

30.11.2021 11:45:44  *01n 20 100TL 4  389.4  0.41   160  428.6  0.10    47  226.3  0.86  227.1  0.82  228.5  0.84   207   172 0.999i  35.0    146 C342

30.11.2021 11:46:04  *01n 20 100TL 4  389.4  0.28   112  428.6  0.07    32  226.1  0.84  227.1  0.83  228.1  0.86   144   172 0.999c  35.0    147 6AA5

30.11.2021 11:46:25  *01n 20 100TL 4  389.6  0.31   120  428.9  0.08    39  226.1  0.84  226.9  0.79  228.2  0.85   160   173 1.000  35.1    148 630B

30.11.2021 11:46:45  *01n 20 100TL 4  389.5  0.32   125  428.7  0.08    36  226.2  0.90  227.0  0.84  228.2  0.87   161   177 0.999i  35.1    149 8BEA

30.11.2021 11:47:05  *01n 20 100TL 4  389.6  0.30   117  428.8  0.09    39  226.2  0.87  227.1  0.85  228.3  0.85   157   177 1.000  35.1    150 5F35

30.11.2021 11:47:25  *01n 20 100TL 4  389.4  0.37   143  428.6  0.12    41  226.3  0.86  227.2  0.85  228.8  0.86   181   180 0.999i  35.1    151 A77B

30.11.2021 11:47:45  *01n 20 100TL 4  389.6  0.32   125  428.7  0.11    48  226.6  0.86  227.4  0.84  228.6  0.86   173   181 0.999i  35.1    152 9C86

30.11.2021 11:48:05  *01n 20 100TL 4  389.4  0.28   111  428.5  0.07    32  226.5  0.87  227.5  0.82  228.6  0.84   143   181 0.999c  35.1    153 79AA

30.11.2021 11:48:25  *01n 20 100TL 4  389.4  0.35   137  428.8  0.09    42  226.1  0.84  227.2  0.81  228.5  0.83   180   183 1.000  35.1    154 C853

30.11.2021 11:48:45  *01n 20 100TL 4  389.7  0.35   137  428.6  0.11    50  226.4  0.84  227.4  0.83  228.5  0.83   187   183 0.999c  35.1    155 C399

30.11.2021 11:49:05  *01n 20 100TL 4  389.6  0.39   155  428.5  0.09    41  226.4  0.85  227.7  0.85  228.6  0.87   196   183 0.999i  35.1    156 2239

30.11.2021 11:49:25  *01n 20 100TL 4  389.5  0.36   140  428.6  0.10    47  226.5  0.82  227.4  0.84  228.5  0.88   187   177 0.999c  35.1    157 ECE8

30.11.2021 11:49:45  *01n 20 100TL 4  389.5  0.42   166  428.5  0.08    38  226.0  0.86  227.2  0.84  228.3  0.84   204   177 0.999i  35.2    158 8672

30.11.2021 11:50:05  *01n 20 100TL 4  389.5  0.33   129  428.7  0.10    47  226.2  0.87  227.3  0.84  228.5  0.85   177   175 0.999i  35.2    159 E572

30.11.2021 11:50:25  *01n 20 100TL 4  389.5  0.27   106  428.6  0.07    35  225.9  0.83  226.6  0.81  228.1  0.84   141   172 0.999i  35.2    160 92BD

30.11.2021 11:50:45  *01n 20 100TL 4  389.5  0.36   141  428.8  0.07    35  226.2  0.84  227.4  0.82  228.5  0.83   177   169 0.999i  35.2    161 1D19

30.11.2021 11:51:05  *01n 20 100TL 4  389.4  0.35   137  428.7  0.10    47  226.4  0.84  227.4  0.83  228.5  0.84   184   166 0.999i  35.2    162 E870

30.11.2021 11:51:25  *01n 20 100TL 4  389.6  0.26   102  428.7  0.05    22  226.5  0.86  226.6  0.82  228.4  0.85   125   169 0.999c  35.2    163 23BD

30.11.2021 11:51:45  *01n 20 100TL 4  389.5  0.32   126  428.6  0.06    28  226.3  0.85  227.1  0.83  228.2  0.84   155   163 0.999i  35.2    164 747E

30.11.2021 11:52:05  *01n 20 100TL 4  389.4  0.37   144  428.4  0.10    42  226.4  0.86  227.5  0.83  228.8  0.84   187   164 0.999c  35.2    165 AEF7

30.11.2021 11:52:25  *01n 20 100TL 4  389.4  0.32   126  428.7  0.07    30  226.1  0.85  227.1  0.85  228.5  0.82   157   166 1.000  35.2    166 7FB9

30.11.2021 11:52:45  *01n 20 100TL 4  389.6  0.40   155  428.7  0.10    45  226.3  0.86  226.9  0.87  228.3  0.87   201   166 1.000  35.2    167 96E8

30.11.2021 11:53:06  *01n 20 100TL 4  389.6  0.32   125  428.7  0.07    32  226.0  0.81  227.1  0.83  228.5  0.83   157   167 0.999c  35.2    168 CF8D

30.11.2021 11:53:26  *01n 20 100TL 4  389.8  0.37   144  428.9  0.09    41  225.8  0.84  227.2  0.81  228.6  0.83   186   167 0.999c  35.2    169 C191

30.11.2021 11:53:46  *01n 20 100TL 4  389.6  0.25    97  428.6  0.07    32  226.1  0.84  227.2  0.83  228.5  0.81   129   167 0.999c  35.2    170 8687

30.11.2021 11:54:06  *01n 20 100TL 4  389.6  0.31   123  428.6  0.07    33  226.0  0.86  227.2  0.86  228.4  0.87   157   173 0.999i  35.2    171 0BE3

30.11.2021 11:54:26  *01n 20 100TL 4  389.8  0.29   114  428.7  0.07    35  226.1  0.85  227.3  0.83  228.6  0.86   149   170 0.999i  35.3    171 CE98

30.11.2021 11:54:46  *01n 20 100TL 4  389.5  0.23    90  428.7  0.05    25  226.1  0.85  227.1  0.81  228.4  0.86   115   170 0.999i  35.3    172 0BDA

30.11.2021 11:55:06  *01n 20 100TL 4  389.4  0.35   135  428.5  0.09    42  226.0  0.85  227.1  0.82  228.4  0.86   178   173 0.999i  35.3    173 D1E5

30.11.2021 11:55:26  *01n 20 100TL 4  389.5  0.34   132  428.7  0.10    47  225.9  0.89  227.0  0.86  228.4  0.83   180   177 0.999i  35.3    174 0926

30.11.2021 11:55:46  *01n 20 100TL 4  389.5  0.33   128  428.6  0.09    39  226.1  0.85  227.4  0.83  228.5  0.81   167   177 0.999c  35.3    175 EA57

30.11.2021 11:56:06  *01n 20 100TL 4  389.2  0.43   166  428.5  0.13    54  226.3  0.84  227.4  0.83  228.3  0.81   221   181 0.999c  35.3    176 1115

30.11.2021 11:56:26  *01n 20 100TL 4  389.5  0.33   132  428.7  0.09    42  226.3  0.89  227.3  0.84  228.7  0.82   175   177 1.000  35.3    177 2689

30.11.2021 11:56:46  *01n 20 100TL 4  389.5  0.28   112  428.6  0.07    33  226.7  0.86  227.4  0.81  228.9  0.86   146   173 1.000  35.3    178 3A5C

30.11.2021 11:57:06  *01n 20 100TL 4  389.6  0.30   117  428.7  0.10    44  226.2  0.83  227.3  0.79  228.8  0.82   161   175 0.999c  35.3    179 C2FA

30.11.2021 11:57:26  *01n 20 100TL 4  389.5  0.42   166  428.5  0.10    45  226.4  0.83  227.1  0.80  228.7  0.85   212   177 0.999c  35.3    180 ABE8

30.11.2021 11:57:46  *01n 20 100TL 4  389.3  0.32   129  428.7  0.09    38  226.4  0.87  227.1  0.84  229.0  0.83   167   173 1.000  35.4    181 1AE9

30.11.2021 11:58:06  *01n 20 100TL 4  389.6  0.29   114  428.7  0.08    36  226.5  0.86  227.1  0.83  228.7  0.83   151   167 0.999i  35.4    182 A139

30.11.2021 11:58:26  *01n 20 100TL 4  389.5  0.29   115  428.6  0.07    32  226.3  0.86  226.8  0.85  228.5  0.85   148   166 0.999i  35.4    183 1F3A

30.11.2021 11:58:46  *01n 20 100TL 4  389.5  0.26   102  428.6  0.08    33  226.2  0.86  226.8  0.84  228.2  0.83   135   166 0.999c  35.4    184 35D1

30.11.2021 11:59:06  *01n 20 100TL 4  389.4  0.31   125  428.8  0.07    30  226.8  0.88  226.5  0.86  228.6  0.84   155   164 0.999i  35.4    185 033D

30.11.2021 11:59:26  *01n 20 100TL 4  389.5  0.39   151  428.7  0.09    42  226.1  0.88  226.8  0.85  228.3  0.86   193   164 0.999i  35.4    186 2F38

30.11.2021 11:59:47  *01n 20 100TL 4  389.6  0.33   129  428.5  0.08    39  226.2  0.85  226.9  0.84  228.2  0.83   169   164 1.000  35.4    187 756B

30.11.2021 12:00:07  *01n 20 100TL 4  389.4  0.31   119  428.6  0.06    25  225.8  0.83  226.4  0.82  228.1  0.83   144   164 0.999c  35.4    188 EE1B

30.11.2021 12:00:27  *01n 20 100TL 4  389.7  0.24    94  428.8  0.06    27  226.5  0.88  225.2  0.86  227.2  0.87   122   161 0.999i  35.4    189 2B93

30.11.2021 12:00:47  *01n 20 100TL 4  389.5  0.36   138  428.5  0.07    32  225.1  0.85  225.6  0.83  227.0  0.84   170   164 0.999i  35.4    190 840A

30.11.2021 12:01:07  *01n 20 100TL 4  389.7  0.31   125  428.6  0.08    36  225.2  0.83  225.9  0.83  227.3  0.85   161   164 0.999c  35.4    191 A8AF

30.11.2021 12:01:27  *01n 20 100TL 4  389.4  0.32   126  428.6  0.08    35  225.4  0.84  226.2  0.83  227.8  0.83   161   161 0.999c  35.4    191 6BAB

30.11.2021 12:01:47  *01n 20 100TL 4  389.5  0.28   111  428.7  0.07    33  225.6  0.86  225.9  0.84  227.8  0.86   144   157 0.999i  35.4    192 4A99

30.11.2021 12:02:07  *01n 20 100TL 4  389.7  0.32   125  428.8  0.08    36  225.7  0.84  226.4  0.83  228.0  0.82   161   160 0.999i  35.4    193 AA34

30.11.2021 12:02:27  *01n 20 100TL 4  389.5  0.40   157  428.5  0.08    36  226.1  0.83  226.3  0.84  228.1  0.82   193   163 0.999c  35.5    194 C512

30.11.2021 12:02:47  *01n 20 100TL 4  389.6  0.30   117  428.7  0.07    32  226.1  0.83  226.4  0.82  228.3  0.86   149   167 0.999c  35.5    195 FDB6

30.11.2021 12:03:07  *01n 20 100TL 4  389.5  0.36   140  428.6  0.10    45  225.8  0.85  226.4  0.81  228.2  0.80   186   172 0.999c  35.5    196 88CF

30.11.2021 12:03:27  *01n 20 100TL 4  389.5  0.38   148  428.7  0.09    42  226.2  0.85  226.4  0.83  228.4  0.83   190   173 0.999c  35.5    197 CF10

30.11.2021 12:03:47  *01n 20 100TL 4  389.5  0.34   134  428.5  0.09    41  226.1  0.87  226.4  0.82  228.4  0.83   175   172 0.999c  35.5    198 3049

30.11.2021 12:04:07  *01n 20 100TL 4  389.5  0.40   155  428.7  0.10    42  226.1  0.87  226.8  0.85  228.7  0.85   198   167 0.999i  35.5    199 D129

30.11.2021 12:04:27  *01n 20 100TL 4  389.6  0.36   138  428.6  0.09    39  227.1  0.85  226.8  0.82  228.0  0.84   178   169 0.999c  35.5    200 6FE7

30.11.2021 12:04:47  *01n 20 100TL 4  389.6  0.36   141  428.8  0.09    41  226.5  0.85  226.9  0.86  229.1  0.85   183   175 1.000  35.5    201 5EED

30.11.2021 12:05:07  *01n 20 100TL 4  389.5  0.32   125  428.4  0.09    36  226.3  0.86  226.9  0.83  229.1  0.82   161   180 1.000  35.5    202 34FD

30.11.2021 12:05:27  *01n 20 100TL 4  389.6  0.35   135  428.6  0.13    56  226.0  0.86  227.2  0.82  228.9  0.82   192   184 0.999c  35.5    203 200D

30.11.2021 12:05:47  *01n 20 100TL 4  389.6  0.29   114  428.5  0.08    33  225.7  0.87  226.8  0.86  228.6  0.85   148   178 1.000  35.5    204 FA6D

30.11.2021 12:06:08  *01n 20 100TL 4  389.6  0.30   115  428.6  0.10    44  225.4  0.84  226.9  0.81  228.7  0.83   160   177 1.000  35.5    205 89AA

30.11.2021 12:06:28  *01n 20 100TL 4  389.7  0.36   140  428.5  0.10    45  225.5  0.84  227.1  0.80  229.0  0.86   186   178 0.999c  35.6    206 28EF

30.11.2021 12:06:48  *01n 20 100TL 4  389.5  0.34   135  428.7  0.09    39  225.7  0.88  227.3  0.87  228.9  0.86   175   183 0.999i  35.6    207 F1F0

30.11.2021 12:07:08  *01n 20 100TL 4  389.6  0.37   144  428.7  0.11    48  225.7  0.86  227.2  0.84  229.0  0.87   193   184 1.000  35.6    208 70D6

30.11.2021 12:07:28  *01n 20 100TL 4  389.5  0.40   158  428.7  0.11    47  225.6  0.85  227.1  0.81  228.6  0.82   205   181 1.000  35.6    209 2EEB

30.11.2021 12:07:48  *01n 20 100TL 4  389.7  0.36   143  428.6  0.10    45  226.2  0.90  227.5  0.85  229.1  0.88   189   180 1.000  35.6    210 3FB1

30.11.2021 12:08:08  *01n 20 100TL 4  389.5  0.36   141  428.4  0.11    48  225.6  0.85  227.2  0.82  228.5  0.84   190   180 0.999c  35.6    211 7385

30.11.2021 12:08:28  *01n 20 100TL 4  389.4  0.37   146  428.7  0.10    44  225.8  0.84  227.4  0.78  228.9  0.84   190   181 1.000  35.6    212 EADA

30.11.2021 12:08:48  *01n 20 100TL 4  389.6  0.35   135  428.6  0.11    51  226.7  0.85  227.3  0.83  228.9  0.83   187   183 0.999c  35.6    213 39EF

30.11.2021 12:09:08  *01n 20 100TL 4  389.6  0.30   117  428.7  0.09    38  226.8  0.85  227.6  0.83  229.2  0.84   155   184 1.000  35.6    214 A70B

30.11.2021 12:09:28  *01n 20 100TL 4  389.5  0.36   140  428.6  0.13    56  226.4  0.86  227.5  0.83  229.1  0.85   196   189 0.999i  35.6    215 A5C9

30.11.2021 12:09:48  *01n 20 100TL 4  389.7  0.37   148  428.6  0.13    59  226.5  0.85  227.5  0.82  229.3  0.86   207   193 0.999c  35.6    216 3FCA

30.11.2021 12:10:08  *01n 20 100TL 4  389.4  0.31   122  428.6  0.11    50  226.5  0.87  227.4  0.86  229.3  0.83   172   190 1.000  35.6    217 F554

30.11.2021 12:10:28  *01n 20 100TL 4  389.7  0.34   137  428.7  0.10    47  226.7  0.83  227.6  0.81  228.4  0.81   184   196 0.999c  35.6    218 0C27

30.11.2021 12:10:48  *01n 20 100TL 4  389.6  0.43   167  428.5  0.13    57  226.9  0.86  227.3  0.83  228.2  0.82   225   201 1.000  35.7    219 4812

30.11.2021 12:11:08  *01n 20 100TL 4  389.5  0.37   143  428.5  0.14    61  226.8  0.89  227.9  0.87  229.3  0.83   204   204 1.000  35.6    220 1273

30.11.2021 12:11:28  *01n 20 100TL 4  389.7  0.44   173  428.7  0.14    65  226.5  0.87  227.6  0.86  229.1  0.87   239   215 1.000  35.6    222 C207

30.11.2021 12:11:48  *01n 20 100TL 4  389.5  0.38   149  428.5  0.14    61  226.9  0.86  227.8  0.84  228.3  0.86   210   218 1.000  35.7    223 8AB0

30.11.2021 12:12:08  *01n 20 100TL 4  389.5  0.42   166  428.7  0.17    74  227.2  0.88  227.1  0.88  228.3  0.87   241   227 1.000  35.7    224 5596

30.11.2021 12:12:28  *01n 20 100TL 4  389.7  0.39   155  428.8  0.16    68  226.8  0.89  227.2  0.88  228.1  0.87   224   238 1.000  35.7    225 0EEC

30.11.2021 12:12:49  *01n 20 100TL 4  389.4  0.39   155  428.7  0.17    76  226.7  0.89  227.3  0.88  228.6  0.87   231   239 0.999i  35.7    227 60B6

30.11.2021 12:13:09  *01n 20 100TL 4  389.5  0.48   187  428.5  0.18    79  226.9  0.87  227.4  0.88  229.1  0.86   267   241 1.000  35.7    228 55EB

30.11.2021 12:13:29  *01n 20 100TL 4  389.4  0.38   148  428.6  0.17    74  226.9  0.88  227.7  0.87  229.4  0.87   222   244 1.000  35.7    229 1850

30.11.2021 12:13:49  *01n 20 100TL 4  389.5  0.49   192  428.7  0.20    85  227.4  0.85  227.8  0.84  228.7  0.84   277   245 1.000  35.7    231 B92A

30.11.2021 12:14:09  *01n 20 100TL 4  389.5  0.51   201  428.6  0.21    90  227.1  0.84  227.7  0.86  228.7  0.88   291   244 1.000  35.7    232 BA05

30.11.2021 12:14:29  *01n 20 100TL 4  389.4  0.48   187  428.6  0.21    90  227.6  0.86  228.2  0.83  229.0  0.86   277   244 1.000  35.7    233 97E4

30.11.2021 12:14:49  *01n 20 100TL 4  389.6  0.40   158  428.6  0.15    67  227.4  0.88  228.0  0.85  228.9  0.85   225   239 1.000  35.7    235 EF71

30.11.2021 12:15:09  *01n 20 100TL 4  389.5  0.35   138  428.7  0.15    67  227.8  0.87  227.9  0.86  229.0  0.85   205   238 1.000  35.7    236 80D9

30.11.2021 12:15:29  *01n 20 100TL 4  389.4  0.42   164  428.7  0.16    70  227.5  0.83  227.8  0.83  228.9  0.83   234   233 0.999c  35.7    237 4192

30.11.2021 12:15:49  *01n 20 100TL 4  389.6  0.36   141  428.6  0.14    64  227.6  0.88  227.9  0.87  228.8  0.89   205   230 0.999i  35.7    239 2E6E

30.11.2021 12:16:09  *01n 20 100TL 4  389.6  0.50   195  428.6  0.18    77  227.5  0.84  227.8  0.83  228.6  0.85   273   224 1.000  35.7    240 1FE3

30.11.2021 12:16:29  *01n 20 100TL 4  389.5  0.42   164  428.7  0.15    65  227.6  0.89  228.1  0.86  228.8  0.86   230   222 1.000  35.8    241 B2FB

30.11.2021 12:16:49  *01n 20 100TL 4  389.5  0.41   161  428.8  0.18    77  227.7  0.86  228.2  0.82  228.8  0.84   239   218 1.000  35.8    242 8DD6

30.11.2021 12:17:09  *01n 20 100TL 4  389.6  0.43   166  428.6  0.16    68  227.1  0.87  227.8  0.82  228.7  0.85   234   215 1.000  35.8    244 FF28

30.11.2021 12:17:29  *01n 20 100TL 4  389.7  0.35   137  428.7  0.14    62  227.4  0.85  228.2  0.85  229.3  0.85   199   209 1.000  35.8    245 9243

30.11.2021 12:17:49  *01n 20 100TL 4  389.5  0.41   163  428.7  0.14    62  227.5  0.86  228.4  0.84  229.3  0.86   225   205 1.000  35.8    246 6700

30.11.2021 12:18:09  *01n 20 100TL 4  389.4  0.41   160  428.8  0.15    68  228.0  0.87  228.7  0.84  229.7  0.85   228   202 1.000  35.8    247 9CF5

30.11.2021 12:18:29  *01n 20 100TL 4  389.4  0.36   140  428.6  0.14    64  227.7  0.86  228.6  0.83  229.5  0.83   204   201 1.000  35.8    248 EC21

30.11.2021 12:18:49  *01n 20 100TL 4  389.6  0.28   109  428.5  0.10    42  228.1  0.83  228.8  0.83  229.8  0.86   152   198 1.000  35.8    249 9F4D

30.11.2021 12:19:09  *01n 20 100TL 4  389.8  0.42   166  428.5  0.16    70  227.9  0.83  228.6  0.85  229.4  0.83   236   201 1.000  35.8    251 B3DE

30.11.2021 12:19:29  *01n 20 100TL 4  389.6  0.36   138  428.6  0.12    53  227.7  0.87  228.4  0.81  229.3  0.83   192   199 1.000  35.8    252 D5A8

30.11.2021 12:19:50  *01n 20 100TL 4  389.5  0.38   149  428.5  0.15    67  227.5  0.85  228.5  0.86  229.4  0.81   216   201 1.000  35.8    253 3DAF

30.11.2021 12:20:10  *01n 20 100TL 4  389.6  0.41   161  428.6  0.17    73  227.6  0.88  228.1  0.83  228.9  0.86   234   204 0.999c  35.8    254 5F87

30.11.2021 12:20:30  *01n 20 100TL 4  389.4  0.28   111  428.8  0.10    42  227.4  0.89  228.1  0.84  228.5  0.82   154   202 1.000  35.8    255 2CE2

30.11.2021 12:20:50  *01n 20 100TL 4  389.5  0.40   157  428.4  0.16    68  227.4  0.86  228.3  0.84  229.1  0.83   225   205 0.999c  35.8    256 430A

30.11.2021 12:21:10  *01n 20 100TL 4  389.4  0.36   140  428.8  0.12    51  228.5  0.91  228.1  0.86  229.1  0.85   192   205 1.000  35.8    257 49C0

30.11.2021 12:21:30  *01n 20 100TL 4  389.4  0.33   129  428.7  0.14    62  228.2  0.87  228.6  0.84  229.3  0.84   192   205 1.000  35.8    259 DCC4

30.11.2021 12:21:50  *01n 20 100TL 4  389.5  0.41   158  428.7  0.14    62  227.5  0.84  228.5  0.85  229.6  0.81   221   205 0.999c  35.9    260 7D22

30.11.2021 12:22:10  *01n 20 100TL 4  389.5  0.48   184  428.6  0.18    79  227.3  0.87  228.2  0.85  229.4  0.84   263   209 0.999c  35.9    261 6AD0

30.11.2021 12:22:30  *01n 20 100TL 4  389.5  0.33   128  428.7  0.14    64  227.7  0.86  228.5  0.88  229.6  0.84   192   213 1.000  35.9    262 16B0

30.11.2021 12:22:50  *01n 20 100TL 4  389.7  0.48   190  428.6  0.20    86  227.5  0.84  228.2  0.84  229.5  0.89   277   218 1.000  35.9    263 A636

30.11.2021 12:23:10  *01n 20 100TL 4  389.7  0.40   155  428.8  0.18    77  227.6  0.88  227.9  0.86  229.6  0.86   233   212 1.000  35.9    264 C38F

30.11.2021 12:23:30  *01n 20 100TL 4  389.6  0.36   140  428.6  0.13    57  227.6  0.88  228.4  0.86  229.7  0.86   198   213 0.999i  35.9    266 B944

30.11.2021 12:23:50  *01n 20 100TL 4  389.5  0.43   167  428.6  0.18    77  227.5  0.86  228.2  0.84  229.4  0.82   245   215 0.999c  35.9    267 1AA8

30.11.2021 12:24:10  *01n 20 100TL 4  389.5  0.36   141  428.7  0.15    68  227.4  0.87  228.3  0.84  229.3  0.85   210   213 1.000  35.9    268 0448

30.11.2021 12:24:30  *01n 20 100TL 4  389.6  0.37   143  428.5  0.16    68  227.4  0.89  228.3  0.84  229.4  0.87   212   215 1.000  35.9    269 364F

30.11.2021 12:24:50  *01n 20 100TL 4  389.5  0.32   126  428.7  0.14    64  227.6  0.86  228.1  0.84  229.6  0.83   190   212 1.000  35.9    270 39D0

30.11.2021 12:25:10  *01n 20 100TL 4  389.4  0.39   152  428.5  0.16    70  227.5  0.85  227.9  0.85  229.5  0.85   222   215 1.000  35.9    272 34B2

30.11.2021 12:25:30  *01n 20 100TL 4  389.6  0.40   158  428.4  0.17    74  227.8  0.87  227.4  0.86  229.7  0.85   233   210 1.000  35.9    273 0EBB

30.11.2021 12:25:51  *01n 20 100TL 4  389.3  0.29   114  428.6  0.11    47  227.8  0.87  227.5  0.85  229.9  0.84   161   201 0.999c  35.9    274 738E

30.11.2021 12:26:11  *01n 20 100TL 4  389.6  0.32   128  428.8  0.14    59  227.7  0.85  227.1  0.84  229.5  0.82   187   198 0.999c  35.9    275 2D79

30.11.2021 12:26:31  *01n 20 100TL 4  389.6  0.37   143  428.5  0.15    64  228.0  0.87  227.4  0.84  230.0  0.86   207   201 1.000  35.9    276 63E5

30.11.2021 12:26:51  *01n 20 100TL 4  389.4  0.36   141  428.7  0.13    57  227.6  0.86  227.4  0.83  230.1  0.84   199   198 0.999c  35.9    277 B65B

30.11.2021 12:27:11  *01n 20 100TL 4  389.6  0.33   128  428.3  0.15    65  227.8  0.84  227.5  0.82  230.2  0.84   193   196 1.000  35.9    278 B72F

30.11.2021 12:27:31  *01n 20 100TL 4  389.5  0.40   158  428.3  0.15    64  227.8  0.90  227.8  0.84  230.3  0.84   222   192 0.999i  35.9    279 FADC

30.11.2021 12:27:51  *01n 20 100TL 4  389.6  0.39   154  428.5  0.17    74  227.7  0.87  227.7  0.82  230.0  0.85   228   199 1.000  35.9    280 003B

30.11.2021 12:28:11  *01n 20 100TL 4  389.5  0.32   126  428.5  0.12    54  227.7  0.83  228.2  0.86  229.9  0.84   181   192 1.000  35.9    282 E35F

30.11.2021 12:28:31  *01n 20 100TL 4  389.6  0.30   115  429.0  0.12    51  227.6  0.86  228.0  0.86  229.8  0.85   167   189 1.000  35.9    283 AAE0

30.11.2021 12:28:51  *01n 20 100TL 4  389.7  0.37   146  429.2  0.14    64  227.9  0.82  228.2  0.84  230.0  0.83   210   189 1.000  36.0    284 EFA1

30.11.2021 12:29:11  *01n 20 100TL 4  389.8  0.32   126  428.4  0.13    56  228.1  0.85  228.6  0.84  230.3  0.84   183   189 0.999i  36.0    285 BF5A

30.11.2021 12:29:31  *01n 20 100TL 4  389.4  0.25   100  428.3  0.10    45  228.5  0.84  228.8  0.85  230.4  0.84   146   181 1.000  36.0    286 74DF

30.11.2021 12:29:51  *01n 20 100TL 4  389.4  0.30   117  428.7  0.10    44  228.1  0.87  228.8  0.83  230.3  0.84   161   184 0.999i  36.0    287 7709

30.11.2021 12:30:11  *01n 20 100TL 4  389.3  0.22    88  428.6  0.09    39  228.0  0.89  228.7  0.89  230.0  0.84   128   177 0.999i  36.0    288 9B8F

30.11.2021 12:30:31  *01n 20 100TL 4  389.5  0.28   111  428.6  0.09    42  227.7  0.87  228.5  0.86  230.0  0.85   154   173 0.999i  36.0    289 9178

30.11.2021 12:30:51  *01n 20 100TL 4  389.6  0.26   102  428.5  0.10    42  228.2  0.84  228.9  0.81  230.3  0.82   144   169 0.999c  36.0    290 CF08

30.11.2021 12:31:11  *01n 20 100TL 4  389.5  0.29   114  428.7  0.10    48  228.2  0.84  228.9  0.83  230.3  0.84   163   167 0.999c  36.0    291 EDC0

30.11.2021 12:31:31  *01n 20 100TL 4  389.6  0.32   126  428.5  0.10    44  229.0  0.84  228.4  0.83  229.3  0.85   170   172 1.000  36.0    292 A97D

30.11.2021 12:31:51  *01n 20 100TL 4  389.7  0.27   106  428.8  0.11    47  228.2  0.86  228.7  0.83  230.3  0.85   154   170 1.000  36.0    293 8A3A

30.11.2021 12:32:11  *01n 20 100TL 4  389.3  0.30   117  428.7  0.09    42  228.2  0.88  228.5  0.83  230.1  0.84   160   172 0.999i  36.0    294 09D7

30.11.2021 12:32:31  *01n 20 100TL 4  389.6  0.33   128  428.6  0.13    56  228.2  0.86  228.5  0.84  230.3  0.85   184   172 1.000  36.0    294 8A18

30.11.2021 12:32:52  *01n 20 100TL 4  389.5  0.27   106  428.7  0.09    41  228.2  0.86  228.8  0.84  230.4  0.82   148   167 1.000  36.0    295 E0B9

30.11.2021 12:33:12  *01n 20 100TL 4  389.7  0.32   126  428.6  0.10    47  228.2  0.87  228.6  0.85  230.5  0.84   173   164 1.000  36.0    296 86F8

30.11.2021 12:33:32  *01n 20 100TL 4  389.5  0.32   123  428.7  0.12    50  228.4  0.85  228.6  0.85  230.6  0.84   173   160 0.999i  36.0    297 E0C5

30.11.2021 12:33:52  *01n 20 100TL 4  389.6  0.32   125  428.7  0.10    44  228.5  0.87  229.0  0.85  230.8  0.87   169   160 0.999i  36.0    298 54C6

30.11.2021 12:34:12  *01n 20 100TL 4  389.5  0.33   129  428.7  0.11    48  228.6  0.87  229.1  0.82  230.7  0.80   178   157 0.999c  36.0    299 A2D5

30.11.2021 12:34:32  *01n 20 100TL 4  389.6  0.33   131  428.8  0.13    54  228.7  0.84  229.3  0.85  230.8  0.82   186   158 0.999i  36.0    300 711B

30.11.2021 12:34:52  *01n 20 100TL 4  389.5  0.32   125  428.5  0.12    54  228.7  0.83  229.0  0.82  230.7  0.82   180   158 0.999c  36.0    301 EF91

30.11.2021 12:35:12  *01n 20 100TL 4  389.8  0.25    99  428.7  0.07    36  228.3  0.85  228.8  0.83  230.6  0.85   135   154 0.999i  36.0    302 A8F4

30.11.2021 12:35:32  *01n 20 100TL 4  389.5  0.28   109  428.7  0.08    38  228.8  0.83  228.3  0.83  229.9  0.81   148   154 0.999c  36.0    303 FB67

30.11.2021 12:35:52  *01n 20 100TL 4  389.5  0.32   125  428.8  0.12    51  228.2  0.86  228.7  0.85  230.3  0.84   177   155 0.999c  36.1    303 1F2E

30.11.2021 12:36:12  *01n 20 100TL 4  389.7  0.38   149  428.6  0.11    48  228.2  0.87  228.8  0.85  230.3  0.81   198   160 0.999i  36.0    304 241B

30.11.2021 12:36:32  *01n 20 100TL 4  389.7  0.24    94  428.5  0.08    38  228.4  0.86  229.0  0.84  230.4  0.82   132   155 0.999c  36.1    305 B38A

30.11.2021 12:36:52  *01n 20 100TL 4  389.8  0.32   126  428.7  0.10    45  228.5  0.86  229.1  0.84  230.5  0.83   172   163 0.999c  36.1    306 5B6C

30.11.2021 12:37:12  *01n 20 100TL 4  389.7  0.25    97  428.5  0.09    41  228.4  0.86  228.9  0.84  230.3  0.84   138   160 0.999i  36.1    307 5185

30.11.2021 12:37:32  *01n 20 100TL 4  389.4  0.33   131  428.7  0.10    45  228.4  0.84  229.0  0.84  230.4  0.80   177   161 0.999c  36.1    308 2299

30.11.2021 12:37:52  *01n 20 100TL 4  389.5  0.28   112  428.6  0.11    51  228.4  0.87  228.9  0.84  230.5  0.83   164   164 0.999i  36.1    309 E196

30.11.2021 12:38:12  *01n 20 100TL 4  389.5  0.37   144  428.7  0.17    73  228.6  0.87  228.8  0.84  230.5  0.82   218   172 0.999c  36.1    310 56CC

30.11.2021 12:38:32  *01n 20 100TL 4  389.5  0.31   120  428.8  0.11    48  228.5  0.86  229.1  0.83  230.7  0.84   169   170 0.999i  36.1    311 8910

30.11.2021 12:38:52  *01n 20 100TL 4  389.5  0.26   105  428.7  0.11    48  228.6  0.87  228.8  0.82  230.7  0.86   154   177 1.000  36.1    312 CF22

30.11.2021 12:39:12  *01n 20 100TL 4  389.5  0.35   135  428.2  0.13    56  228.5  0.85  228.9  0.86  230.9  0.82   192   180 1.000  36.1    313 D752

30.11.2021 12:39:33  *01n 20 100TL 4  389.4  0.24    93  429.1  0.10    47  228.7  0.88  229.0  0.81  230.6  0.83   140   177 0.999i  36.1    314 523A

30.11.2021 12:39:53  *01n 20 100TL 4  389.7  0.29   114  428.2  0.10    42  228.8  0.85  229.2  0.83  231.1  0.86   157   180 0.999c  36.1    315 74A6

30.11.2021 12:40:13  *01n 20 100TL 4  389.7  0.31   122  428.4  0.12    53  228.7  0.85  229.2  0.82  231.1  0.84   175   177 1.000  36.1    316 9B6F

30.11.2021 12:40:33  *01n 20 100TL 4  389.3  0.35   135  428.4  0.13    54  228.6  0.85  229.5  0.82  231.0  0.85   190   180 0.999c  36.1    317 0BB2

30.11.2021 12:40:53  *01n 20 100TL 4  389.7  0.36   143  428.7  0.14    59  229.2  0.88  229.5  0.86  231.4  0.83   202   180 0.999i  36.1    318 8984

30.11.2021 12:41:13  *01n 20 100TL 4  389.6  0.31   123  428.8  0.13    59  229.4  0.90  229.8  0.88  231.4  0.84   183   181 1.000  36.1    319 42B1

30.11.2021 12:41:33  *01n 20 100TL 4  389.5  0.43   166  429.5  0.16    68  229.3  0.89  229.6  0.83  231.7  0.86   234   187 1.000  36.1    320 442C

30.11.2021 12:41:53  *01n 20 100TL 4  389.4  0.29   115  429.2  0.14    57  229.6  0.87  229.4  0.84  231.6  0.83   173   183 1.000  36.1    321 A222

30.11.2021 12:42:13  *01n 20 100TL 4  389.5  0.22    85  427.9  0.09    39  229.6  0.88  229.3  0.85  231.0  0.83   125   181 0.998i  36.1    322 D24C

30.11.2021 12:42:33  *01n 20 100TL 4  389.5  0.32   123  428.6  0.15    67  229.8  0.85  229.3  0.86  231.2  0.83   190   192 1.000  36.1    323 3D51

30.11.2021 12:42:53  *01n 20 100TL 4  389.5  0.35   135  428.8  0.17    76  229.3  0.85  229.6  0.81  231.5  0.83   212   187 1.000  36.2    324 516A

30.11.2021 12:43:13  *01n 20 100TL 4  389.4  0.34   131  428.3  0.14    61  229.3  0.86  229.7  0.85  231.5  0.85   192   189 1.000  36.2    325 37D5

30.11.2021 12:43:33  *01n 20 100TL 4  389.6  0.40   158  428.7  0.19    80  229.2  0.85  229.6  0.85  231.5  0.84   239   190 0.999c  36.2    326 F08C

30.11.2021 12:43:53  *01n 20 100TL 4  389.5  0.34   134  428.7  0.14    62  229.3  0.82  230.1  0.83  231.5  0.85   196   190 1.000  36.2    327 99FB

30.11.2021 12:44:13  *01n 20 100TL 4  389.6  0.26   103  428.9  0.13    59  229.1  0.87  229.9  0.88  231.5  0.88   163   192 1.000  36.2    328 BE70

30.11.2021 12:44:33  *01n 20 100TL 4  389.6  0.32   123  428.6  0.14    57  229.3  0.89  229.2  0.86  231.3  0.84   181   192 0.999i  36.2    329 0EE6

30.11.2021 12:44:53  *01n 20 100TL 4  389.3  0.24    94  428.6  0.11    47  228.9  0.87  229.6  0.83  231.3  0.85   141   190 0.999i  36.2    330 4117

30.11.2021 12:45:13  *01n 20 100TL 4  389.5  0.33   129  428.6  0.16    68  228.6  0.88  229.4  0.87  230.9  0.83   198   195 1.000  36.2    331 167A

30.11.2021 12:45:33  *01n 20 100TL 4  389.7  0.30   119  428.8  0.13    57  228.5  0.85  229.4  0.86  230.7  0.83   177   193 1.000  36.2    332 BBAF

30.11.2021 12:45:54  *01n 20 100TL 4  389.4  0.32   126  428.6  0.14    59  228.4  0.84  229.3  0.81  230.8  0.80   186   193 0.999c  36.2    333 99DA

30.11.2021 12:46:14  *01n 20 100TL 4  389.4  0.32   125  428.2  0.15    65  228.4  0.83  229.2  0.84  230.8  0.81   190   192 1.000  36.2    334 F2CE

30.11.2021 12:46:34  *01n 20 100TL 4  389.5  0.30   120  428.4  0.16    71  228.5  0.85  229.4  0.86  230.9  0.86   192   198 1.000  36.2    335 33A9

30.11.2021 12:46:54  *01n 20 100TL 4  389.5  0.43   169  428.6  0.18    77  228.6  0.86  228.9  0.87  230.9  0.87   247   201 0.999i  36.2    337 C73A

30.11.2021 12:47:14  *01n 20 100TL 4  389.7  0.37   144  428.8  0.18    79  228.5  0.87  229.3  0.86  230.8  0.83   224   201 0.999c  36.2    338 2A5C

30.11.2021 12:47:34  *01n 20 100TL 4  389.6  0.31   122  428.8  0.16    70  228.9  0.89  229.5  0.84  230.9  0.86   192   198 0.999i  36.2    339 7ADA

30.11.2021 12:47:54  *01n 20 100TL 4  389.5  0.32   126  428.4  0.17    71  228.3  0.84  229.2  0.83  230.6  0.80   198   201 1.000  36.2    340 461F

30.11.2021 12:48:14  *01n 20 100TL 4  389.5  0.27   108  428.6  0.12    54  226.4  0.87  229.6  0.87  231.0  0.87   163   198 1.000  36.2    341 FAB5

30.11.2021 12:48:34  *01n 20 100TL 4  389.5  0.38   149  428.7  0.19    80  228.2  0.85  229.2  0.84  230.5  0.85   230   202 1.000  36.2    342 E862

30.11.2021 12:48:54  *01n 20 100TL 4  389.4  0.32   123  428.8  0.17    73  228.3  0.89  229.0  0.86  230.5  0.88   196   204 1.000  36.2    343 7532

30.11.2021 12:49:14  *01n 20 100TL 4  389.8  0.38   148  429.0  0.17    76  228.3  0.87  229.3  0.84  230.8  0.84   224   201 0.999i  36.2    344 A15E

30.11.2021 12:49:34  *01n 20 100TL 4  389.3  0.31   123  428.6  0.18    74  229.3  0.87  228.2  0.83  230.0  0.83   198   202 1.000  36.2    346 2382

30.11.2021 12:49:54  *01n 20 100TL 4  389.4  0.26   105  428.7  0.11    50  228.3  0.89  229.1  0.85  230.4  0.87   155   205 1.000  36.2    347 1739

30.11.2021 12:50:14  *01n 20 100TL 4  389.5  0.32   125  428.9  0.15    65  226.1  0.83  229.4  0.82  230.7  0.81   190   204 1.000  36.2    348 DF8F

30.11.2021 12:50:34  *01n 20 100TL 4  389.7  0.28   109  428.1  0.13    56  226.1  0.84  229.1  0.87  230.7  0.84   166   204 0.999i  36.2    349 73F9

30.11.2021 12:50:54  *01n 20 100TL 4  389.8  0.34   135  427.8  0.16    68  228.5  0.85  229.2  0.85  230.7  0.85   204   205 1.000  36.2    350 0D7C

30.11.2021 12:51:14  *01n 20 100TL 4  389.7  0.38   148  428.8  0.20    86  226.3  0.84  230.0  0.81  231.0  0.83   234   205 1.000  36.2    351 D24E

30.11.2021 12:51:34  *01n 20 100TL 4  389.4  0.33   129  428.6  0.16    68  228.6  0.87  229.1  0.83  230.8  0.83   198   205 1.000  36.2    352 DAD2

30.11.2021 12:51:54  *01n 20 100TL 4  389.7  0.37   143  428.8  0.21    90  228.3  0.88  229.1  0.81  230.5  0.84   233   209 0.999c  36.2    354 B4C3

30.11.2021 12:52:14  *01n 20 100TL 4  389.6  0.32   128  429.4  0.15    68  228.2  0.89  228.8  0.85  230.6  0.87   196   209 0.999i  36.2    355 26D6

30.11.2021 12:52:35  *01n 20 100TL 4  389.7  0.37   148  428.6  0.21    93  228.1  0.88  228.6  0.84  230.3  0.87   241   212 1.000  36.2    356 A836

30.11.2021 12:52:55  *01n 20 100TL 4  389.5  0.34   134  428.7  0.16    71  228.1  0.87  228.7  0.85  230.5  0.84   205   210 1.000  36.2    357 979A

30.11.2021 12:53:15  *01n 20 100TL 4  389.6  0.39   151  428.5  0.20    86  228.4  0.86  228.7  0.88  230.6  0.84   238   216 1.000  36.2    358 D32B

30.11.2021 12:53:35  *01n 20 100TL 4  389.6  0.41   164  428.6  0.21    94  226.1  0.90  229.5  0.88  230.8  0.86   259   216 1.000  36.2    359 0410

30.11.2021 12:53:55  *01n 20 100TL 4  389.7  0.37   144  428.9  0.18    77  228.2  0.87  228.9  0.85  230.6  0.87   222   219 0.999i  36.3    361 9825

30.11.2021 12:54:15  *01n 20 100TL 4  389.4  0.37   146  428.8  0.22    96  227.9  0.89  229.1  0.85  230.3  0.84   242   221 1.000  36.3    362 5180

30.11.2021 12:54:35  *01n 20 100TL 4  389.6  0.34   137  428.9  0.16    71  228.9  0.87  227.6  0.84  230.3  0.86   209   218 0.999c  36.3    363 EAAE

30.11.2021 12:54:55  *01n 20 100TL 4  389.6  0.41   160  428.7  0.24   102  228.3  0.86  229.1  0.81  230.7  0.85   262   216 1.000  36.3    364 941D

30.11.2021 12:55:15  *01n 20 100TL 4  389.5  0.43   166  428.2  0.20    88  227.8  0.86  228.9  0.83  230.3  0.84   254   218 1.000  36.3    365 7CF1

30.11.2021 12:55:35  *01n 20 100TL 4  389.7  0.34   134  428.7  0.18    79  228.6  0.88  228.2  0.81  229.9  0.82   213   212 1.000  36.3    367 5BFE

30.11.2021 12:55:55  *01n 20 100TL 4  389.4  0.30   119  429.1  0.16    68  228.0  0.88  228.2  0.86  230.0  0.86   187   209 1.000  36.3    368 7251

30.11.2021 12:56:15  *01n 20 100TL 4  389.5  0.34   134  429.0  0.16    68  227.8  0.86  228.0  0.83  230.4  0.84   202   205 1.000  36.3    369 23F5

30.11.2021 12:56:35  *01n 20 100TL 4  389.4  0.40   155  428.8  0.22    93  227.7  0.83  228.7  0.82  230.1  0.81   248   205 0.999c  36.3    370 B417

30.11.2021 12:56:55  *01n 20 100TL 4  389.8  0.32   125  428.8  0.15    65  228.0  0.86  228.7  0.87  230.4  0.82   190   205 1.000  36.3    371 896F

30.11.2021 12:57:15  *01n 20 100TL 4  389.7  0.42   164  428.6  0.22    97  227.9  0.83  228.8  0.82  230.2  0.84   262   207 1.000  36.3    372 4F9A

30.11.2021 12:57:35  *01n 20 100TL 4  389.5  0.38   149  429.0  0.18    76  228.3  0.89  228.5  0.85  229.6  0.86   225   209 1.000  36.3    374 37D9

30.11.2021 12:57:55  *01n 20 100TL 4  389.6  0.35   140  428.7  0.18    80  227.7  0.87  228.8  0.86  230.1  0.82   221   209 1.000  36.3    375 5F1F

30.11.2021 12:58:15  *01n 20 100TL 4  389.6  0.27   106  428.4  0.13    54  227.9  0.86  228.6  0.83  230.2  0.83   161   209 1.000  36.3    376 8793

30.11.2021 12:58:36  *01n 20 100TL 4  389.5  0.39   154  429.1  0.18    80  227.8  0.85  228.6  0.83  230.2  0.82   234   213 0.999c  36.3    377 B51C

30.11.2021 12:58:55  *01n 20 100TL 4  389.4  0.36   141  428.8  0.20    88  227.9  0.87  229.2  0.87  230.3  0.87   230   215 1.000  36.3    378 C22D

30.11.2021 12:59:16  *01n 20 100TL 4  389.5  0.41   161  428.7  0.21    93  227.9  0.83  228.7  0.82  230.0  0.80   254   218 1.000  36.3    379 C226

30.11.2021 12:59:36  *01n 20 100TL 4  389.2  0.39   151  428.5  0.20    86  227.8  0.85  228.8  0.84  230.0  0.82   238   218 1.000  36.3    381 F842

30.11.2021 12:59:56  *01n 20 100TL 4  389.3  0.43   167  428.3  0.20    88  227.7  0.85  228.7  0.81  230.1  0.80   256   219 1.000  36.3    382 B5BF

30.11.2021 13:00:16  *01n 20 100TL 4  389.6  0.47   183  428.6  0.26   114  227.6  0.87  228.4  0.86  230.0  0.83   297   228 0.999c  36.3    383 D093

30.11.2021 13:00:36  *01n 20 100TL 4  389.4  0.43   167  428.4  0.22    97  227.9  0.86  228.8  0.84  230.1  0.81   265   225 1.000  36.3    384 8C15

30.11.2021 13:00:56  *01n 20 100TL 4  389.4  0.34   132  428.9  0.19    83  227.8  0.85  228.5  0.85  230.0  0.82   216   227 1.000  36.3    386 B8CD

30.11.2021 13:01:16  *01n 20 100TL 4  389.6  0.42   164  427.9  0.22    97  227.9  0.86  228.8  0.84  229.9  0.83   262   228 1.000  36.3    387 362B

30.11.2021 13:01:36  *01n 20 100TL 4  389.3  0.41   161  429.4  0.22    99  227.5  0.84  228.4  0.83  230.0  0.86   260   228 1.000  36.3    388 F620

30.11.2021 13:01:56  *01n 20 100TL 4  389.7  0.45   178  427.3  0.23   100  227.7  0.86  228.4  0.81  229.9  0.81   279   231 1.000  36.3    390 3E02

30.11.2021 13:02:16  *01n 20 100TL 4  389.3  0.32   128  427.8  0.18    77  227.1  0.90  228.3  0.84  229.3  0.85   205   228 1.000  36.3    391 3DD7

30.11.2021 13:02:36  *01n 20 100TL 4  389.2  0.45   173  428.2  0.27   117  227.2  0.91  227.9  0.88  229.1  0.88   291   233 0.999i  36.3    392 DE96

30.11.2021 13:02:56  *01n 20 100TL 4  389.3  0.38   149  425.4  0.20    85  227.1  0.86  228.4  0.89  229.5  0.83   234   230 1.000  36.4    393 6E3F

30.11.2021 13:03:16  *01n 20 100TL 4  389.8  0.36   141  430.3  0.19    86  227.3  0.86  228.4  0.84  229.7  0.80   228   225 1.000  36.4    395 D108

30.11.2021 13:03:36  *01n 20 100TL 4  390.1  0.30   119  427.0  0.15    65  227.2  0.88  228.4  0.86  229.5  0.87   184   221 1.000  36.4    396 0B7A

30.11.2021 13:03:56  *01n 20 100TL 4  389.6  0.38   149  428.0  0.20    86  227.0  0.86  227.9  0.83  229.4  0.83   236   218 1.000  36.4    397 618A

30.11.2021 13:04:16  *01n 20 100TL 4  389.3  0.31   122  427.4  0.14    62  227.7  0.86  227.4  0.84  229.4  0.85   184   222 1.000  36.3    398 DBC4

30.11.2021 13:04:36  *01n 20 100TL 4  388.7  0.39   152  435.9  0.20    90  227.3  0.85  228.2  0.86  229.7  0.84   242   219 0.999i  36.3    400 AEA3

30.11.2021 13:04:56  *01n 20 100TL 4  389.8  0.39   151  430.5  0.18    77  226.7  0.85  228.0  0.84  229.3  0.81   228   221 0.999c  36.4    401 7F78

30.11.2021 13:05:16  *01n 20 100TL 4  389.5  0.30   117  428.2  0.14    62  226.8  0.87  227.6  0.86  229.3  0.84   180   216 1.000  36.4    402 4799

30.11.2021 13:05:37  *01n 20 100TL 4  389.9  0.34   134  425.7  0.18    80  226.5  0.86  227.4  0.87  229.0  0.88   215   221 1.000  36.4    403 57E2

30.11.2021 13:05:57  *01n 20 100TL 4  388.9  0.45   177  433.0  0.21    94  227.4  0.88  227.5  0.84  228.8  0.86   271   225 1.000  36.4    405 9119

30.11.2021 13:06:17  *01n 20 100TL 4  389.9  0.33   132  422.8  0.21    90  227.0  0.86  227.8  0.83  229.3  0.83   222   222 1.000  36.4    406 7970

30.11.2021 13:06:37  *01n 20 100TL 4  390.1  0.35   137  427.4  0.18    79  226.7  0.87  227.7  0.87  229.2  0.87   216   233 1.000  36.4    407 33C8

30.11.2021 13:06:57  *01n 20 100TL 4  388.8  0.39   154  429.8  0.22    96  227.1  0.87  228.1  0.84  229.4  0.84   250   233 1.000  36.4    408 0218

30.11.2021 13:07:17  *01n 20 100TL 4  389.2  0.33   131  433.3  0.17    74  227.2  0.88  228.1  0.84  229.5  0.83   205   239 1.000  36.4    410 14CC

30.11.2021 13:07:37  *01n 20 100TL 4  388.1  0.42   166  428.1  0.22    97  227.2  0.85  228.0  0.84  229.5  0.84   263   247 1.000  36.4    411 5704

30.11.2021 13:07:57  *01n 20 100TL 4  390.3  0.42   163  428.3  0.26   111  227.2  0.85  227.9  0.83  229.2  0.85   274   251 1.000  36.4    412 95A6

30.11.2021 13:08:17  *01n 20 100TL 4  389.3  0.33   131  428.2  0.18    76  226.7  0.88  227.5  0.84  228.9  0.83   207   257 1.000  36.4    414 BE54

30.11.2021 13:08:37  *01n 20 100TL 4  389.4  0.45   177  428.0  0.27   115  226.9  0.86  227.7  0.84  229.3  0.84   292   262 1.000  36.4    415 6221

30.11.2021 13:08:57  *01n 20 100TL 4  389.6  0.39   151  429.0  0.20    86  227.1  0.88  228.2  0.83  229.3  0.87   238   260 1.000  36.4    417 6CC6

30.11.2021 13:09:17  *01n 20 100TL 4  389.9  0.44   173  428.4  0.26   114  226.9  0.84  228.0  0.81  229.3  0.81   288   259 1.000  36.4    418 9408

30.11.2021 13:09:37  *01n 20 100TL 4  389.4  0.41   160  428.3  0.21    93  226.8  0.90  227.5  0.86  229.0  0.88   253   262 1.000  36.4    420 6FDD

30.11.2021 13:09:57  *01n 20 100TL 4  389.0  0.46   181  428.5  0.26   112  227.0  0.83  227.9  0.84  229.3  0.83   294   256 1.000  36.4    421 6D0A

30.11.2021 13:10:17  *01n 20 100TL 4  389.3  0.44   175  428.8  0.25   108  226.8  0.90  227.9  0.89  229.3  0.87   283   259 1.000  36.4    423 8A69

30.11.2021 13:10:37  *01n 20 100TL 4  389.4  0.37   146  428.6  0.22    94  226.9  0.87  227.6  0.86  229.0  0.85   241   257 1.000  36.4    424 CF3C

30.11.2021 13:10:57  *01n 20 100TL 4  389.6  0.48   189  429.3  0.25   108  226.6  0.84  227.5  0.83  229.0  0.85   297   257 1.000  36.4    425 FA84

30.11.2021 13:11:17  *01n 20 100TL 4  389.7  0.49   190  429.0  0.26   111  226.7  0.89  227.4  0.84  228.9  0.84   302   260 1.000  36.4    427 5406

30.11.2021 13:11:37  *01n 20 100TL 4  389.5  0.32   126  428.9  0.18    79  226.8  0.88  227.5  0.84  229.1  0.85   205   251 0.999c  36.4    428 A8A0

30.11.2021 13:11:58  *01n 20 100TL 4  389.5  0.46   180  429.5  0.22    94  226.4  0.85  227.4  0.81  228.9  0.83   274   250 0.999c  36.4    430 BE54

30.11.2021 13:12:18  *01n 20 100TL 4  389.4  0.39   154  428.4  0.23    99  226.5  0.86  227.0  0.84  228.7  0.84   253   248 0.999c  36.4    431 906C

30.11.2021 13:12:38  *01n 20 100TL 4  389.8  0.38   148  429.4  0.19    83  226.4  0.89  227.2  0.87  228.8  0.86   231   247 1.000  36.4    432 A326

30.11.2021 13:12:58  *01n 20 100TL 4  389.3  0.34   132  428.5  0.19    82  226.6  0.87  227.4  0.87  228.8  0.86   215   242 0.999i  36.4    434 7D02

30.11.2021 13:13:18  *01n 20 100TL 4  389.6  0.49   190  429.0  0.22    97  226.5  0.84  227.2  0.79  228.9  0.83   288   239 1.000  36.4    435 FC42

30.11.2021 13:13:38  *01n 20 100TL 4  389.3  0.42   161  428.4  0.21    93  226.3  0.81  227.1  0.81  228.5  0.80   254   234 0.999c  36.4    436 4E38

30.11.2021 13:13:58  *01n 20 100TL 4  389.4  0.37   146  428.5  0.19    83  226.6  0.84  227.2  0.84  228.4  0.83   230   236 1.000  36.4    438 4E45

30.11.2021 13:14:18  *01n 20 100TL 4  389.6  0.46   178  428.5  0.21    93  226.5  0.85  227.3  0.83  228.8  0.84   271   233 1.000  36.5    439 9433

30.11.2021 13:14:38  *01n 20 100TL 4  389.6  0.41   160  428.7  0.20    88  226.7  0.86  227.4  0.84  229.1  0.84   248   231 0.999c  36.4    440 CE61

30.11.2021 13:14:58  *01n 20 100TL 4  389.6  0.38   148  428.8  0.17    70  226.8  0.86  227.4  0.84  229.2  0.82   218   230 0.999c  36.5    442 367B

30.11.2021 13:15:18  *01n 20 100TL 4  389.5  0.42   164  428.7  0.21    94  226.6  0.86  227.4  0.84  229.2  0.85   259   231 1.000  36.4    443 C24A

30.11.2021 13:15:38  *01n 20 100TL 4  389.5  0.50   196  428.8  0.21    94  226.5  0.85  227.6  0.82  229.2  0.80   291   228 1.000  36.5    444 9408

30.11.2021 13:15:58  *01n 20 100TL 4  389.5  0.39   154  428.6  0.18    82  226.5  0.85  227.8  0.85  229.3  0.83   236   233 1.000  36.5    445 46D0

30.11.2021 13:16:18  *01n 20 100TL 4  389.7  0.43   169  428.8  0.19    82  226.8  0.87  228.1  0.85  229.4  0.82   251   234 0.999c  36.5    447 0EF3

30.11.2021 13:16:38  *01n 20 100TL 4  389.4  0.35   138  428.4  0.16    71  226.8  0.86  227.8  0.83  229.6  0.83   210   234 1.000  36.5    448 0392

30.11.2021 13:16:58  *01n 20 100TL 4  389.5  0.46   181  429.2  0.20    90  226.9  0.86  227.9  0.82  229.6  0.81   271   238 1.000  36.5    449 CC20

30.11.2021 13:17:18  *01n 20 100TL 4  389.2  0.37   144  428.5  0.17    76  226.9  0.86  228.0  0.86  229.4  0.85   265   239 1.000  36.5    451 6648

30.11.2021 13:17:38  *01n 20 100TL 4  389.2  0.44   170  428.5  0.20    86  226.8  0.83  227.7  0.83  229.0  0.81   257   245 1.000  36.5    452 2011

30.11.2021 13:17:58  *01n 20 100TL 4  389.6  0.48   187  428.8  0.21    91  228.0  0.87  227.0  0.82  228.7  0.83   279   247 0.999c  36.5    453 92B6

30.11.2021 13:18:19  *01n 20 100TL 4  389.5  0.51   201  428.7  0.25   108  226.8  0.87  227.8  0.84  229.4  0.83   309   253 1.000  36.5    455 B2E1

30.11.2021 13:18:39  *01n 20 100TL 4  389.5  0.35   135  428.5  0.15    65  226.7  0.86  227.4  0.86  229.1  0.83   201   253 0.999i  36.5    456 0441

30.11.2021 13:18:59  *01n 20 100TL 4  389.5  0.39   155  428.7  0.20    88  226.7  0.88  228.2  0.83  229.5  0.83   244   259 1.000  36.5    458 6691

30.11.2021 13:19:19  *01n 20 100TL 4  389.6  0.51   198  428.4  0.24   103  227.0  0.88  228.0  0.86  229.3  0.85   302   265 1.000  36.5    459 FD8F

30.11.2021 13:19:39  *01n 20 100TL 4  389.5  0.41   161  428.5  0.21    94  227.0  0.88  228.2  0.87  229.4  0.87   256   270 0.999i  36.5    461 1256

30.11.2021 13:19:59  *01n 20 100TL 4  389.6  0.42   163  428.4  0.19    82  226.8  0.93  227.9  0.91  229.2  0.89   245   274 1.000  36.5    462 8BD4

30.11.2021 13:20:19  *01n 20 100TL 4  389.5  0.50   196  428.1  0.24   105  226.5  0.86  227.9  0.83  229.2  0.84   302   273 1.000  36.5    464 9F2E

30.11.2021 13:20:39  *01n 20 100TL 4  389.4  0.51   201  428.7  0.25   109  227.2  0.91  228.0  0.87  229.4  0.87   311   274 1.000  36.5    465 70C4

30.11.2021 13:20:59  *01n 20 100TL 4  389.6  0.51   201  428.7  0.23    99  227.2  0.90  228.0  0.86  229.5  0.86   300   276 0.999i  36.5    467 4EA0

30.11.2021 13:21:19  *01n 20 100TL 4  389.5  0.51   199  428.8  0.25   109  227.5  0.91  227.7  0.87  228.8  0.86   309   274 1.000  36.5    468 72A7

30.11.2021 13:21:39  *01n 20 100TL 4  389.5  0.43   169  428.6  0.19    83  226.9  0.89  227.7  0.89  229.2  0.86   253   277 1.000  36.5    470 49D2

30.11.2021 13:21:59  *01n 20 100TL 4  389.7  0.50   199  428.6  0.25   111  227.0  0.86  227.9  0.82  229.3  0.82   311   277 0.999c  36.5    471 79E3

30.11.2021 13:22:19  *01n 20 100TL 4  389.4  0.43   164  429.0  0.19    80  227.2  0.88  227.9  0.87  229.6  0.87   245   279 1.000  36.5    473 14FD

30.11.2021 13:22:39  *01n 20 100TL 4  389.3  0.49   192  428.6  0.24   105  226.9  0.87  228.2  0.85  229.4  0.83   297   279 1.000  36.5    474 1643

30.11.2021 13:22:59  *01n 20 100TL 4  389.6  0.55   216  428.7  0.24   103  227.1  0.84  228.1  0.82  229.3  0.85   320   279 0.999c  36.5    476 DA78

30.11.2021 13:23:19  *01n 20 100TL 4  389.6  0.43   166  428.7  0.18    80  227.0  0.90  227.9  0.90  229.4  0.85   247   279 1.000  36.5    478 D8F2

30.11.2021 13:23:39  *01n 20 100TL 4  389.6  0.49   190  428.8  0.22    96  227.0  0.90  228.0  0.87  229.2  0.86   286   280 1.000  36.5    479 593A

30.11.2021 13:23:59  *01n 20 100TL 4  389.2  0.45   175  428.5  0.18    80  226.8  0.90  227.4  0.86  229.2  0.85   256   282 1.000  36.5    481 EB52

30.11.2021 13:24:19  *01n 20 100TL 4  389.4  0.43   172  428.6  0.21    88  226.8  0.89  227.8  0.88  229.2  0.90   260   283 1.000  36.5    482 F96D

30.11.2021 13:24:40  *01n 20 100TL 4  389.4  0.52   204  428.6  0.21    93  226.8  0.88  227.1  0.88  229.3  0.86   297   285 1.000  36.5    484 3E01

30.11.2021 13:25:00  *01n 20 100TL 4  389.2  0.53   207  427.8  0.24   103  226.7  0.86  227.6  0.84  229.2  0.85   311   280 1.000  36.5    486 10F4

30.11.2021 13:25:20  *01n 20 100TL 4  389.4  0.52   204  428.5  0.21    94  227.1  0.90  227.7  0.88  229.3  0.86   299   283 1.000  36.5    487 4BCB

30.11.2021 13:25:40  *01n 20 100TL 4  389.2  0.41   163  428.6  0.18    77  227.1  0.87  227.9  0.85  229.4  0.85   241   276 1.000  36.5    489 4A08

30.11.2021 13:26:00  *01n 20 100TL 4  389.7  0.54   210  428.8  0.22    99  227.0  0.92  227.8  0.90  229.4  0.88   309   273 0.999i  36.5    490 423D

30.11.2021 13:26:20  *01n 20 100TL 4  389.5  0.52   201  429.6  0.22    99  226.9  0.87  227.3  0.82  229.6  0.83   300   267 1.000  36.5    492 434B

30.11.2021 13:26:40  *01n 20 100TL 4  389.6  0.45   180  428.6  0.18    77  227.0  0.90  227.8  0.89  229.3  0.87   257   265 1.000  36.5    493 3944

30.11.2021 13:27:00  *01n 20 100TL 4  389.7  0.49   190  429.3  0.20    86  227.0  0.85  227.8  0.85  229.5  0.81   277   257 1.000  36.5    495 9A82

30.11.2021 13:27:20  *01n 20 100TL 4  389.7  0.54   212  427.9  0.22    94  226.9  0.85  227.7  0.83  229.2  0.84   306   254 1.000  36.5    496 0D24

30.11.2021 13:27:40  *01n 20 100TL 4  389.8  0.43   169  426.5  0.15    65  226.9  0.90  227.3  0.88  229.4  0.86   234   250 1.000  36.5    497 A322

30.11.2021 13:28:00  *01n 20 100TL 4  389.7  0.44   172  428.4  0.18    79  227.2  0.86  227.9  0.83  229.5  0.83   251   242 1.000  36.5    499 D1D9

30.11.2021 13:28:20  *01n 20 100TL 4  389.6  0.50   198  428.7  0.17    76  226.9  0.88  227.9  0.87  229.4  0.88   274   242 1.000  36.6    500 41AE

30.11.2021 13:28:40  *01n 20 100TL 4  389.4  0.44   173  428.6  0.18    76  227.2  0.84  227.8  0.84  229.6  0.78   250   239 1.000  36.5    501 1AC4

30.11.2021 13:29:00  *01n 20 100TL 4  389.3  0.42   164  428.7  0.13    56  227.1  0.87  228.0  0.85  229.5  0.86   221   234 0.999i  36.5    503 282E

30.11.2021 13:29:20  *01n 20 100TL 4  389.4  0.49   190  428.7  0.18    79  227.1  0.85  228.0  0.82  229.6  0.80   270   236 1.000  36.5    504 3FE3

30.11.2021 13:29:40  *01n 20 100TL 4  389.6  0.43   169  428.5  0.14    61  226.9  0.91  227.9  0.90  229.4  0.85   230   242 1.000  36.6    505 19BF

30.11.2021 13:30:00  *01n 20 100TL 4  389.6  0.48   189  428.5  0.17    74  227.2  0.84  227.7  0.82  229.3  0.82   263   239 1.000  36.5    507 8362

30.11.2021 13:30:20  *01n 20 100TL 4  389.6  0.36   140  428.6  0.13    57  226.8  0.86  227.7  0.85  229.1  0.85   198   241 1.000  36.5    508 57D3

30.11.2021 13:30:40  *01n 20 100TL 4  389.6  0.41   160  428.8  0.15    64  226.9  0.86  227.9  0.85  229.5  0.86   224   242 1.000  36.5    509 DCB7

30.11.2021 13:31:01  *01n 20 100TL 4  389.6  0.53   205  428.4  0.18    82  227.1  0.87  227.7  0.85  229.3  0.86   288   248 0.999i  36.6    511 6312

30.11.2021 13:31:20  *01n 20 100TL 4  389.5  0.40   160  428.5  0.14    59  227.6  0.89  227.6  0.88  229.4  0.85   219   250 1.000  36.5    512 2D91

30.11.2021 13:31:41  *01n 20 100TL 4  389.5  0.47   186  428.6  0.19    82  227.1  0.89  227.9  0.87  229.5  0.86   268   253 1.000  36.5    514 E759

30.11.2021 13:32:01  *01n 20 100TL 4  389.5  0.46   183  428.7  0.16    71  226.9  0.88  227.9  0.83  229.2  0.85   254   253 0.999c  36.6    515 36B0

30.11.2021 13:32:21  *01n 20 100TL 4  389.6  0.44   172  428.5  0.17    73  227.2  0.89  228.3  0.89  229.7  0.85   245   254 1.000  36.6    516 B5CF

30.11.2021 13:32:41  *01n 20 100TL 4  389.5  0.46   181  428.8  0.15    67  227.3  0.89  228.5  0.87  229.9  0.86   248   254 1.000  36.5    518 4764

30.11.2021 13:33:01  *01n 20 100TL 4  389.6  0.48   190  428.5  0.18    80  227.3  0.84  228.4  0.85  229.7  0.82   271   256 1.000  36.6    519 DA99

30.11.2021 13:33:21  *01n 20 100TL 4  389.6  0.58   225  428.7  0.19    83  227.4  0.85  228.5  0.81  229.8  0.81   309   254 1.000  36.6    521 001B

30.11.2021 13:33:41  *01n 20 100TL 4  389.7  0.59   233  428.8  0.20    88  227.8  0.85  228.5  0.82  230.0  0.84   321   259 1.000  36.6    522 1372

30.11.2021 13:34:01  *01n 20 100TL 4  389.5  0.54   210  428.4  0.18    77  227.7  0.88  228.2  0.85  229.9  0.83   288   256 1.000  36.6    524 2B94

30.11.2021 13:34:21  *01n 20 100TL 4  389.6  0.49   193  428.5  0.18    77  227.5  0.89  228.5  0.85  229.9  0.85   271   257 1.000  36.6    525 5FA3

30.11.2021 13:34:41  *01n 20 100TL 4  389.7  0.43   167  428.8  0.16    71  227.7  0.86  228.4  0.85  229.8  0.84   239   257 0.999c  36.6    526 065E

30.11.2021 13:35:01  *01n 20 100TL 4  389.5  0.52   205  428.5  0.17    71  227.6  0.87  228.7  0.83  230.1  0.85   277   257 1.000  36.6    528 E883

30.11.2021 13:35:21  *01n 20 100TL 4  389.7  0.54   215  428.8  0.18    80  227.5  0.90  228.2  0.89  229.9  0.89   296   257 1.000  36.6    529 935C

30.11.2021 13:35:41  *01n 20 100TL 4  389.5  0.60   234  428.5  0.18    77  227.5  0.87  227.8  0.90  229.8  0.85   312   257 1.000  36.6    531 4344

30.11.2021 13:36:01  *01n 20 100TL 4  389.4  0.46   181  428.7  0.17    74  227.5  0.92  228.0  0.89  229.9  0.89   256   254 1.000  36.6    532 592B

30.11.2021 13:36:21  *01n 20 100TL 4  389.6  0.44   170  428.7  0.13    56  226.9  0.86  228.0  0.83  229.6  0.82   227   253 0.999c  36.6    534 4824

30.11.2021 13:36:41  *01n 20 100TL 4  389.7  0.46   181  428.6  0.16    68  227.4  0.90  228.1  0.89  229.8  0.86   250   256 1.000  36.6    535 26F6

30.11.2021 13:37:01  *01n 20 100TL 4  389.3  0.44   172  428.6  0.15    67  227.3  0.82  228.3  0.82  229.7  0.79   239   259 1.000  36.6    536 1CEC

30.11.2021 13:37:21  *01n 20 100TL 4  389.6  0.53   209  428.6  0.17    74  227.4  0.83  228.3  0.81  229.8  0.86   283   263 1.000  36.6    538 99E8

30.11.2021 13:37:42  *01n 20 100TL 4  389.6  0.49   193  428.5  0.15    68  227.5  0.90  228.6  0.83  229.7  0.85   262   265 0.999i  36.6    539 D5D6

30.11.2021 13:38:01  *01n 20 100TL 4  389.7  0.62   242  428.8  0.20    86  227.3  0.89  228.1  0.82  229.6  0.85   329   268 1.000  36.6    541 6E2E

30.11.2021 13:38:22  *01n 20 100TL 4  389.6  0.43   167  428.4  0.16    68  227.1  0.88  227.6  0.87  229.6  0.86   236   268 1.000  36.6    542 0D4A

30.11.2021 13:38:42  *01n 20 100TL 4  389.5  0.54   209  428.6  0.17    71  227.0  0.86  227.8  0.88  229.3  0.87   280   274 1.000  36.6    544 4BAC

30.11.2021 13:39:02  *01n 20 100TL 4  389.3  0.56   219  428.8  0.19    83  227.6  0.86  227.3  0.84  228.9  0.86   303   276 1.000  36.6    545 6CBD

30.11.2021 13:39:22  *01n 20 100TL 4  389.6  0.58   228  428.5  0.18    79  226.9  0.85  227.9  0.85  229.5  0.83   308   279 1.000  36.6    547 7C93

30.11.2021 13:39:42  *01n 20 100TL 4  389.5  0.43   169  428.6  0.15    65  226.7  0.87  227.7  0.88  229.3  0.84   234   279 1.000  36.6    548 9AAB

30.11.2021 13:40:02  *01n 20 100TL 4  389.6  0.68   268  428.6  0.21    90  227.1  0.93  227.8  0.92  229.3  0.91   358   285 1.000  36.6    550 9DA3

30.11.2021 13:40:22  *01n 20 100TL 4  389.8  0.46   183  428.7  0.15    68  227.0  0.95  227.9  0.92  229.6  0.90   251   277 1.000  36.6    552 98E4

30.11.2021 13:40:42  *01n 20 100TL 4  389.3  0.51   199  428.6  0.16    68  226.9  0.88  228.0  0.87  229.4  0.86   268   276 1.000  36.6    553 45FD

30.11.2021 13:41:02  *01n 20 100TL 4  389.5  0.48   189  428.7  0.15    67  226.7  0.90  228.0  0.86  229.4  0.86   256   271 1.000  36.6    555 35C7

30.11.2021 13:41:22  *01n 20 100TL 4  389.7  0.44   172  428.6  0.15    65  227.0  0.90  227.9  0.91  229.3  0.90   238   270 0.999i  36.6    556 47DD

30.11.2021 13:41:42  *01n 20 100TL 4  389.5  0.48   187  428.6  0.13    61  227.1  0.90  227.8  0.86  229.5  0.86   248   265 1.000  36.6    558 8A72

30.11.2021 13:42:02  *01n 20 100TL 4  389.5  0.49   193  428.8  0.16    70  226.8  0.89  227.8  0.84  229.4  0.86   263   263 1.000  36.6    559 86FE

30.11.2021 13:42:22  *01n 20 100TL 4  389.6  0.51   201  428.6  0.15    67  226.9  0.90  227.8  0.85  229.3  0.83   268   260 1.000  36.7    561 7033

30.11.2021 13:42:42  *01n 20 100TL 4  389.4  0.46   181  428.6  0.15    67  227.2  0.90  228.0  0.89  229.6  0.89   248   257 1.000  36.6    562 3EFF

30.11.2021 13:43:02  *01n 20 100TL 4  389.6  0.46   183  428.5  0.13    56  227.3  0.89  228.4  0.86  229.7  0.84   239   254 1.000  36.7    564 A006

30.11.2021 13:43:22  *01n 20 100TL 4  389.6  0.49   193  428.6  0.14    62  227.4  0.85  228.6  0.84  229.7  0.85   256   251 1.000  36.6    565 F78D

30.11.2021 13:43:42  *01n 20 100TL 4  389.5  0.54   210  428.7  0.14    64  227.4  0.87  228.6  0.84  229.7  0.83   274   253 1.000  36.7    566 FA1E

30.11.2021 13:44:03  *01n 20 100TL 4  389.3  0.43   170  428.6  0.13    57  227.2  0.88  228.5  0.86  229.5  0.84   228   253 0.999i  36.7    568 362F

30.11.2021 13:44:22  *01n 20 100TL 4  389.5  0.50   193  428.7  0.13    57  227.2  0.88  228.3  0.87  229.7  0.85   251   250 1.000  36.7    569 B6BF

30.11.2021 13:44:43  *01n 20 100TL 4  389.4  0.39   155  428.9  0.11    51  227.5  0.86  228.4  0.83  229.8  0.83   207   242 1.000  36.7    571 F8D2

30.11.2021 13:45:03  *01n 20 100TL 4  389.6  0.39   152  428.6  0.11    48  227.6  0.87  228.0  0.86  230.0  0.85   201   238 1.000  36.7    572 BA55

30.11.2021 13:45:23  *01n 20 100TL 4  389.6  0.42   164  428.4  0.10    45  227.3  0.85  228.5  0.81  229.6  0.82   210   238 1.000  36.7    573 4B4F

30.11.2021 13:45:43  *01n 20 100TL 4  389.4  0.46   180  428.9  0.13    54  227.9  0.87  228.5  0.85  230.0  0.83   234   233 0.999c  36.7    575 B620

30.11.2021 13:46:03  *01n 20 100TL 4  389.4  0.54   210  428.6  0.13    57  227.7  0.87  228.6  0.81  229.7  0.82   268   236 1.000  36.7    576 E6AE

30.11.2021 13:46:23  *01n 20 100TL 4  389.4  0.53   205  428.6  0.15    65  227.4  0.86  228.3  0.84  229.7  0.80   271   233 1.000  36.7    577 CA1C

30.11.2021 13:46:43  *01n 20 100TL 4  389.6  0.46   177  428.7  0.11    48  227.7  0.87  228.0  0.83  228.4  0.83   225   230 1.000  36.7    578 F206

30.11.2021 13:47:03  *01n 20 100TL 4  389.7  0.43   166  428.6  0.11    48  227.1  0.87  228.0  0.86  229.1  0.83   215   228 1.000  36.7    580 1BE3

30.11.2021 13:47:23  *01n 20 100TL 4  389.4  0.52   201  428.9  0.11    51  226.9  0.88  227.9  0.87  229.0  0.87   253   227 1.000  36.7    581 582F

30.11.2021 13:47:43  *01n 20 100TL 4  389.6  0.40   155  429.0  0.10    42  227.2  0.87  228.0  0.83  229.2  0.81   198   221 1.000  36.7    582 80DF

30.11.2021 13:48:03  *01n 20 100TL 4  389.1  0.53   205  429.0  0.12    53  227.0  0.87  227.7  0.83  229.2  0.84   259   221 1.000  36.7    584 F9CF

30.11.2021 13:48:23  *01n 20 100TL 4  389.8  0.39   152  428.4  0.09    39  226.8  0.86  227.5  0.81  228.9  0.82   192   216 1.000  36.7    585 DE97

30.11.2021 13:48:43  *01n 20 100TL 4  389.0  0.43   167  428.4  0.09    42  226.9  0.86  227.7  0.85  228.9  0.83   210   216 1.000  36.7    586 4ABD

30.11.2021 13:49:03  *01n 20 100TL 4  389.6  0.54   212  428.4  0.12    53  226.6  0.85  227.5  0.83  228.7  0.79   265   209 1.000  36.7    587 BC93

30.11.2021 13:49:23  *01n 20 100TL 4  389.2  0.44   173  428.6  0.11    48  226.4  0.86  227.2  0.82  228.4  0.82   222   207 1.000  36.7    588 B83C

30.11.2021 13:49:43  *01n 20 100TL 4  389.5  0.45   175  428.6  0.08    38  226.5  0.86  227.5  0.86  228.7  0.86   213   210 1.000  36.7    589 2A68

30.11.2021 13:50:03  *01n 20 100TL 4  389.5  0.50   193  429.0  0.12    50  226.4  0.83  227.7  0.83  228.8  0.80   244   204 1.000  36.7    591 786A

30.11.2021 13:50:24  *01n 20 100TL 4  389.4  0.57   225  428.7  0.10    45  226.6  0.84  227.5  0.84  228.8  0.83   271   205 1.000  36.7    592 79A8

30.11.2021 13:50:43  *01n 20 100TL 4  389.4  0.40   155  428.7  0.08    38  226.8  0.82  227.9  0.82  229.0  0.83   193   198 1.000  36.7    593 370B

30.11.2021 13:51:04  *01n 20 100TL 4  389.6  0.29   114  428.7  0.04    21  226.6  0.86  227.7  0.87  229.0  0.83   135   195 1.000  36.7    594 9405

30.11.2021 13:51:24  *01n 20 100TL 4  389.4  0.47   186  428.7  0.09    39  226.7  0.86  227.9  0.83  229.0  0.84   225   195 1.000  36.7    595 AC91

30.11.2021 13:51:44  *01n 20 100TL 4  389.4  0.41   161  428.7  0.07    30  226.9  0.79  228.0  0.81  229.1  0.78   192   187 1.000  36.7    596 B2F8

30.11.2021 13:52:04  *01n 20 100TL 4  389.6  0.45   175  428.8  0.08    38  227.0  0.85  228.0  0.84  229.3  0.82   213   187 1.000  36.7    597 0A57

30.11.2021 13:52:24  *01n 20 100TL 4  389.5  0.32   125  428.7  0.05    24  226.9  0.87  227.8  0.83  229.1  0.85   149   184 1.000  36.7    598 2C87

30.11.2021 13:52:44  *01n 20 100TL 4  389.4  0.36   140  428.6  0.05    21  226.9  0.85  227.6  0.86  229.0  0.86   161   181 0.999i  36.7    599 794E

30.11.2021 13:53:04  *01n 20 100TL 4  389.3  0.38   151  428.6  0.07    32  226.8  0.88  227.7  0.84  229.1  0.83   183   184 1.000  36.7    600 9EBD

30.11.2021 13:53:24  *01n 20 100TL 4  389.5  0.47   186  428.7  0.07    30  226.8  0.89  227.8  0.83  228.9  0.82   216   181 1.000  36.7    601 6157

30.11.2021 13:53:44  *01n 20 100TL 4  389.4  0.29   115  428.4  0.05    24  226.6  0.84  226.9  0.83  228.8  0.80   140   180 0.999c  36.7    602 8743

30.11.2021 13:54:04  *01n 20 100TL 4  389.6  0.36   143  428.8  0.05    21  226.6  0.84  227.2  0.83  228.7  0.80   164   184 0.999i  36.7    603 0661

30.11.2021 13:54:24  *01n 20 100TL 4  389.5  0.35   137  428.6  0.05    24  226.6  0.85  227.5  0.80  228.5  0.81   161   184 0.999c  36.7    604 CE8B

30.11.2021 13:54:44  *01n 20 100TL 4  389.3  0.35   138  428.5  0.05    22  226.6  0.86  227.3  0.85  228.6  0.83   161   184 1.000  36.7    605 819F

30.11.2021 13:55:04  *01n 20 100TL 4  389.6  0.48   186  428.5  0.07    33  226.9  0.85  227.3  0.82  229.1  0.83   219   184 1.000  36.7    606 28AA

30.11.2021 13:55:24  *01n 20 100TL 4  389.6  0.42   164  428.7  0.07    27  226.8  0.87  227.1  0.83  228.9  0.83   192   186 1.000  36.7    608 AD53

30.11.2021 13:55:44  *01n 20 100TL 4  389.6  0.36   141  428.8  0.06    25  226.7  0.84  227.6  0.82  228.7  0.81   167   189 1.000  36.7    609 E5A6

30.11.2021 13:56:04  *01n 20 100TL 4  389.6  0.41   160  428.7  0.06    27  226.6  0.87  227.5  0.83  228.6  0.83   187   192 1.000  36.7    610 B96B

30.11.2021 13:56:24  *01n 20 100TL 4  389.3  0.45   177  428.7  0.07    30  226.9  0.86  227.8  0.85  229.0  0.83   207   190 1.000  36.7    611 B3B6

30.11.2021 13:56:45  *01n 20 100TL 4  389.4  0.46   183  428.7  0.08    38  227.0  0.84  227.5  0.82  229.0  0.79   221   190 1.000  36.7    612 BFF1

30.11.2021 13:57:04  *01n 20 100TL 4  389.6  0.42   163  428.8  0.05    22  226.9  0.81  227.8  0.82  228.8  0.83   186   186 1.000  36.7    613 EE8D

30.11.2021 13:57:25  *01n 20 100TL 4  389.3  0.33   131  428.6  0.06    24  227.2  0.85  227.5  0.82  229.3  0.81   155   180 1.000  36.7    614 A3BA

30.11.2021 13:57:45  *01n 20 100TL 4  389.3  0.38   149  428.6  0.05    21  227.1  0.83  228.3  0.81  229.2  0.81   170   178 1.000  36.7    615 4B1E

30.11.2021 13:58:05  *01n 20 100TL 4  389.5  0.38   151  428.6  0.06    25  226.6  0.88  227.8  0.82  228.6  0.81   177   181 1.000  36.7    616 26E6

30.11.2021 13:58:25  *01n 20 100TL 4  389.4  0.40   157  428.6  0.04    18  227.0  0.83  227.1  0.81  229.0  0.83   175   175 1.000  36.7    617 7FB5

30.11.2021 13:58:45  *01n 20 100TL 4  389.5  0.46   178  428.5  0.06    25  227.1  0.89  228.1  0.83  229.3  0.81   204   175 0.999i  36.7    618 8BB7

30.11.2021 13:59:05  *01n 20 100TL 4  389.6  0.37   146  428.7  0.03    13  226.6  0.86  227.4  0.81  228.6  0.83   160   172 0.999i  36.7    619 49D5

30.11.2021 13:59:25  *01n 20 100TL 4  389.3  0.41   163  428.6  0.04    22  226.6  0.83  227.5  0.80  228.7  0.81   186   164 1.000  36.7    620 3191

30.11.2021 13:59:45  *01n 20 100TL 4  389.5  0.37   144  428.6  0.03    16  226.6  0.82  227.6  0.78  228.5  0.85   161   161 1.000  36.7    621 1C83

30.11.2021 14:00:05  *01n 20 100TL 4  389.4  0.33   131  428.7  0.03    13  226.5  0.85  227.6  0.83  228.5  0.84   144   163 1.000  36.7    621 9FFE

30.11.2021 14:00:25  *01n 20 100TL 4  389.6  0.42   164  428.6  0.03    15  227.2  0.85  227.2  0.80  228.6  0.78   180   161 0.999c  36.7    622 22F7

30.11.2021 14:00:45  *01n 20 100TL 4  389.5  0.43   169  428.5  0.03    16  226.2  0.83  227.0  0.83  228.3  0.81   186   158 1.000  36.7    623 7B6D

30.11.2021 14:01:05  *01n 20 100TL 4  389.5  0.29   114  428.5  0.03    13  226.0  0.86  227.2  0.83  228.4  0.80   128   158 0.999c  36.7    624 B863

30.11.2021 14:01:25  *01n 20 100TL 4  389.4  0.36   138  428.8  0.01     6  226.4  0.83  227.3  0.83  227.9  0.81   144   157 0.999c  36.7    625 033F

30.11.2021 14:01:45  *01n 20 100TL 4  389.4  0.40   155  428.7  0.03    13  225.8  0.85  227.3  0.83  228.3  0.81   169   157 0.999i  36.7    626 FD27

30.11.2021 14:02:05  *01n 20 100TL 4  389.5  0.43   166  428.6  0.03    13  225.9  0.84  227.6  0.83  228.4  0.81   180   157 0.999i  36.7    627 FD6B

30.11.2021 14:02:25  *01n 20 100TL 4  389.5  0.45   175  428.6  0.04    21  225.8  0.85  227.2  0.84  228.3  0.80   196   163 1.000  36.7    628 2AF4

30.11.2021 14:02:45  *01n 20 100TL 4  389.7  0.41   160  428.6  0.03    15  226.0  0.82  227.5  0.85  228.4  0.82   175   160 0.999i  36.7    629 B96E

30.11.2021 14:03:06  *01n 20 100TL 4  389.4  0.33   129  428.6  0.03    13  226.0  0.87  226.8  0.83  228.6  0.83   143   160 0.999i  36.8    629 4995

30.11.2021 14:03:26  *01n 20 100TL 4  389.5  0.28   111  428.6  0.02     9  225.8  0.84  226.6  0.82  228.6  0.78   120   160 0.999c  36.7    630 6C8F

30.11.2021 14:03:46  *01n 20 100TL 4  389.4  0.38   148  428.8  0.03    15  225.5  0.87  227.0  0.83  228.3  0.82   163   163 1.000  36.8    631 BF22

30.11.2021 14:04:06  *01n 20 100TL 4  389.6  0.40   155  428.5  0.05    19  225.6  0.86  227.1  0.80  228.4  0.81   175   166 0.999c  36.8    632 2A31

30.11.2021 14:04:26  *01n 20 100TL 4  389.5  0.36   141  428.8  0.03    15  225.8  0.86  227.2  0.83  228.4  0.83   157   163 0.999i  36.8    633 A4CA

30.11.2021 14:04:46  *01n 20 100TL 4  389.6  0.49   189  428.7  0.06    24  225.5  0.83  227.0  0.79  228.1  0.78   213   163 0.999c  36.8    634 FF6C

30.11.2021 14:05:06  *01n 20 100TL 4  389.5  0.27   103  428.5  0.02     9  225.6  0.81  226.7  0.79  228.1  0.76   112   158 0.999c  36.8    635 D7D1

30.11.2021 14:05:26  *01n 20 100TL 4  389.4  0.36   140  428.7  0.02     9  225.9  0.85  226.7  0.81  228.0  0.80   149   158 1.000  36.8    636 4FB0

30.11.2021 14:05:46  *01n 20 100TL 4  389.6  0.32   128  428.7  0.02    10  225.6  0.86  226.7  0.81  228.2  0.81   138   157 0.999c  36.8    637 B09C

30.11.2021 14:06:06  *01n 20 100TL 4  389.5  0.30   119  428.6  0.02    12  225.8  0.83  226.8  0.82  228.5  0.82   131   154 1.000  36.8    638 D9B9

30.11.2021 14:06:26  *01n 20 100TL 4  389.4  0.39   154  428.5  0.02    10  225.8  0.84  226.6  0.81  228.2  0.81   164   152 0.999i  36.8    638 7080

30.11.2021 14:06:46  *01n 20 100TL 4  389.6  0.29   114  428.6  0.02    12  225.7  0.84  226.5  0.81  227.9  0.78   126   149 0.999c  36.8    639 916B

30.11.2021 14:07:06  *01n 20 100TL 4  389.6  0.33   128  428.6  0.01     4  225.4  0.85  226.5  0.82  227.9  0.79   132   144 0.999i  36.8    640 F4E2

30.11.2021 14:07:26  *01n 20 100TL 4  389.5  0.33   128  428.6  0.01     4  225.8  0.83  226.4  0.81  227.6  0.79   132   143 0.999c  36.8    641 5BC1

30.11.2021 14:07:46  *01n 20 100TL 4  389.6  0.46   177  428.6  0.00     0  225.9  0.84  227.1  0.80  228.2  0.81   177   140 0.999c  36.8    642 8266

30.11.2021 14:08:06  *01n 20 100TL 4  389.5  0.36   141  428.5  0.00     0  225.9  0.84  227.0  0.80  228.1  0.79   141   138 0.999c  36.8    642 2B20

30.11.2021 14:08:26  *01n 20 100TL 4  389.4  0.34   132  428.6  0.01     4  226.0  0.84  226.9  0.83  228.0  0.81   137   137 0.999i  36.8    643 1EA4

30.11.2021 14:08:46  *01n 20 100TL 4  389.7  0.43   169  428.8  0.00     3  226.2  0.83  227.4  0.83  228.8  0.83   172   141 0.999i  36.8    644 B0E9

30.11.2021 14:09:06  *01n 20 100TL 4  389.4  0.21    83  428.5  0.00     3  226.0  0.82  226.9  0.79  228.3  0.80    86   137 0.999c  36.8    645 336E

30.11.2021 14:09:26  *01n 20 100TL 4  389.7  0.38   151  428.6  0.00     1  225.8  0.83  227.1  0.81  228.4  0.83   152   140 0.999c  36.8    646 0D7D

30.11.2021 14:09:46  *01n 20 100TL 4  389.7  0.32   125  428.6  0.00     1  225.7  0.85  227.0  0.82  228.5  0.80   126   140 0.999c  36.8    646 EACC

30.11.2021 14:10:07  *01n 20 100TL 4  389.6  0.29   115  428.5  0.00     0  226.2  0.83  227.2  0.81  228.6  0.79   115   141 0.999c  36.8    647 7E56

30.11.2021 14:10:27  *01n 20 100TL 4  389.5  0.31   122  428.6  0.01     4  225.9  0.82  227.0  0.80  228.4  0.78   126   144 0.999c  36.8    648 9A2A

30.11.2021 14:10:47  *01n 20 100TL 4  389.5  0.36   141  428.6  0.01     4  226.7  0.83  226.6  0.81  228.2  0.79   146   144 0.999c  36.8    649 92A4

30.11.2021 14:11:07  *01n 20 100TL 4  389.6  0.37   146  428.7  0.01     4  226.4  0.84  226.4  0.81  227.9  0.82   151   144 0.999i  36.8    650 B54A

30.11.2021 14:11:27  *01n 20 100TL 4  389.4  0.43   169  428.5  0.01     3  225.6  0.86  226.7  0.83  228.1  0.83   172   148 0.999i  36.8    650 6339

30.11.2021 14:11:47  *01n 20 100TL 4  389.6  0.36   141  428.6  0.00     1  225.8  0.84  227.0  0.79  228.2  0.78   143   140 0.999c  36.8    651 493E

30.11.2021 14:12:07  *01n 20 100TL 4  389.5  0.32   126  428.6  0.00     0  226.0  0.84  226.6  0.80  228.5  0.78   126   141 0.999c  36.8    652 1798

30.11.2021 14:12:27  *01n 20 100TL 4  389.4  0.39   152  428.7  0.00     1  225.8  0.82  227.1  0.81  228.4  0.80   154   140 0.999c  36.8    653 9CD9

30.11.2021 14:12:47  *01n 20 100TL 4  389.8  0.45   178  428.7  0.00     0  225.8  0.84  226.8  0.80  228.2  0.79   178   138 0.999i  36.8    654 73FD

30.11.2021 14:13:07  *01n 20 100TL 4  389.7  0.36   141  428.7  0.00     1  225.8  0.83  226.6  0.79  228.3  0.78   143   137 0.999c  36.8    654 7909

30.11.2021 14:13:27  *01n 20 100TL 4  389.8  0.43   167  428.6  0.00     0  226.0  0.86  227.2  0.83  228.5  0.81   167   140 0.999c  36.8    655 4A95

30.11.2021 14:13:47  *01n 20 100TL 4  389.7  0.37   144  428.9  0.00     0  225.6  0.85  226.8  0.78  228.1  0.83   144   137 0.998i  36.8    656 E2EE

30.11.2021 14:14:07  *01n 20 100TL 4  389.5  0.26   102  428.5  0.00     1  225.6  0.85  226.9  0.79  228.3  0.82   103   135 0.999i  36.8    657 DE36

30.11.2021 14:14:27  *01n 20 100TL 4  389.4  0.34   132  428.7  0.00     0  225.7  0.85  227.2  0.80  228.3  0.80   132   134 0.999i  36.8    657 7C7E

30.11.2021 14:14:47  *01n 20 100TL 4  389.3  0.38   151  428.5  0.00     3  225.8  0.83  226.9  0.80  228.2  0.81   154   132 0.999c  36.8    658 BFD8

30.11.2021 14:15:07  *01n 20 100TL 4  389.4  0.36   143  428.8  0.00     0  225.9  0.85  227.0  0.82  228.4  0.81   143   131 0.999i  36.8    659 036A

30.11.2021 14:15:27  *01n 20 100TL 4  389.6  0.35   134  428.7  0.00     0  226.1  0.87  227.2  0.84  228.6  0.82   134   131 0.999i  36.8    660 DAF3

30.11.2021 14:15:47  *01n 20 100TL 4  389.3  0.21    82  428.6  0.00     0  226.0  0.80  227.1  0.81  228.7  0.82    82   125 0.999c  36.8    660 F3C8

30.11.2021 14:16:07  *01n 20 100TL 4  389.6  0.22    86  428.3  0.00     0  225.7  0.83  226.8  0.78  228.3  0.79    86   125 0.999c  36.8    661 E8D2

30.11.2021 14:16:27  *01n 20 100TL 4  388.0  0.19    73  428.1  0.00     0  225.9  0.81  226.3  0.81  228.2  0.79    73   123 0.999c  36.8    662 AEF3

30.11.2021 14:16:48  *01n 20 100TL 4  390.9  0.45   177  429.7  0.00     0  225.7  0.84  226.6  0.83  228.0  0.79   177   126 0.998i  36.8    662 CB15

30.11.2021 14:17:08  *01n 20 100TL 4  390.8  0.23    91  429.0  0.00     1  225.4  0.87  226.5  0.78  227.7  0.79    93   120 0.998i  36.8    663 73FF

30.11.2021 14:17:28  *01n 20 100TL 4  388.3  0.32   122  427.8  0.00     0  225.4  0.80  226.6  0.78  227.9  0.79   122   123 0.999c  36.9    664 4CEE

30.11.2021 14:17:48  *01n 20 100TL 4  390.4  0.31   123  428.8  0.00     1  225.8  0.83  226.8  0.81  228.0  0.81   125   125 0.999i  36.8    664 8169

30.11.2021 14:18:08  *01n 20 100TL 4  389.9  0.31   120  428.8  0.00     0  225.7  0.86  226.7  0.85  227.8  0.80   120   131 0.999i  36.8    665 43DD

30.11.2021 14:18:28  *01n 20 100TL 4  389.5  0.39   152  428.5  0.00     0  226.1  0.82  227.2  0.82  228.4  0.80   152   129 0.999c  36.9    666 7C77

30.11.2021 14:18:48  *01n 20 100TL 4  389.9  0.40   158  428.6  0.00     0  226.0  0.84  227.2  0.80  228.4  0.78   158   129 0.999c  36.8    667 CEF3

30.11.2021 14:19:08  *01n 20 100TL 4  389.3  0.27   105  428.7  0.00     1  226.1  0.85  227.2  0.81  228.4  0.84   106   129 0.999c  36.8    667 25DE

30.11.2021 14:19:28  *01n 20 100TL 4  389.4  0.40   157  428.8  0.00     0  226.2  0.84  227.3  0.78  228.6  0.80   157   129 0.999c  36.9    668 0376

30.11.2021 14:19:48  *01n 20 100TL 4  389.6  0.32   123  428.7  0.00     1  226.5  0.82  227.5  0.79  228.8  0.82   125   129 0.999c  36.9    669 3B2F

30.11.2021 14:20:08  *01n 20 100TL 4  389.8  0.24    94  428.8  0.00     0  226.4  0.83  227.4  0.80  228.6  0.82    94   132 0.999c  36.9    669 5CD6

30.11.2021 14:20:28  *01n 20 100TL 4  389.5  0.26   102  428.5  0.01     3  226.3  0.83  227.3  0.78  228.5  0.80   105   131 0.999c  36.9    670 C09E

30.11.2021 14:20:48  *01n 20 100TL 4  389.7  0.35   135  428.7  0.00     0  226.4  0.82  227.5  0.82  228.6  0.82   135   129 0.999i  36.9    671 C7B5

30.11.2021 14:21:08  *01n 20 100TL 4  389.7  0.40   160  428.7  0.00     0  226.4  0.86  227.5  0.84  228.7  0.83   160   132 0.999i  36.9    672 6D46

30.11.2021 14:21:28  *01n 20 100TL 4  389.3  0.33   131  428.5  0.00     0  226.6  0.83  227.4  0.80  228.7  0.79   131   128 0.999c  36.9    672 4ED3

30.11.2021 14:21:48  *01n 20 100TL 4  390.0  0.39   157  428.9  0.00     0  226.2  0.84  227.1  0.83  228.3  0.80   157   134 0.999c  36.9    673 06BC

30.11.2021 14:22:08  *01n 20 100TL 4  389.6  0.23    91  428.8  0.00     1  225.8  0.83  226.9  0.79  228.1  0.76    93   129 0.999c  36.9    674 DBB5

30.11.2021 14:22:28  *01n 20 100TL 4  389.8  0.24    96  428.7  0.00     1  226.1  0.84  227.1  0.80  228.4  0.82    97   129 0.999c  36.9    675 54D0

30.11.2021 14:22:48  *01n 20 100TL 4  389.6  0.29   115  428.8  0.00     0  226.1  0.85  226.9  0.82  228.2  0.81   115   131 0.999i  36.9    675 2DE7

30.11.2021 14:23:08  *01n 20 100TL 4  390.5  0.34   134  429.4  0.00     0  226.0  0.83  227.2  0.82  228.4  0.80   134   126 0.999c  36.9    676 98DA

30.11.2021 14:23:29  *01n 20 100TL 4  388.5  0.23    90  427.7  0.00     0  226.0  0.84  227.2  0.80  228.3  0.79    90   125 0.998i  36.9    677 A6CC

30.11.2021 14:23:49  *01n 20 100TL 4  391.2  0.42   161  429.6  0.00     0  226.5  0.87  227.7  0.79  229.2  0.81   161   131 0.998i  36.9    677 A924

30.11.2021 14:24:09  *01n 20 100TL 4  389.0  0.22    88  427.6  0.00     1  226.2  0.84  227.5  0.83  228.9  0.82    90   125 0.998c  36.9    678 28A8

30.11.2021 14:24:29  *01n 20 100TL 4  391.4  0.32   126  429.5  0.00     0  226.4  0.84  227.3  0.81  228.7  0.81   126   123 0.997i  36.9    679 A563

30.11.2021 14:24:49  *01n 20 100TL 4  391.0  0.35   138  430.0  0.00     0  226.3  0.85  227.5  0.81  228.9  0.83   138   123 0.998c  36.9    679 B88C

30.11.2021 14:25:09  *01n 20 100TL 4  390.6  0.39   151  430.0  0.00     0  226.5  0.87  227.3  0.83  228.7  0.83   151   122 0.998i  36.9    680 3072

30.11.2021 14:25:29  *01n 20 100TL 4  390.5  0.39   155  430.0  0.00     0  226.7  0.86  227.4  0.80  228.8  0.82   155   123 0.998c  36.9    681 9C22

30.11.2021 14:25:49  *01n 20 100TL 4  391.5  0.25   100  429.3  0.00     0  226.4  0.86  227.0  0.85  228.8  0.79   100   125 0.998i  36.9    682 F323

30.11.2021 14:26:09  *01n 20 100TL 4  391.5  0.32   125  429.5  0.00     0  226.9  0.86  227.4  0.79  228.9  0.83   125   122 0.998i  36.9    682 D2EA

30.11.2021 14:26:29  *01n 20 100TL 4  391.2  0.32   126  428.6  0.00     0  226.4  0.83  227.2  0.79  228.6  0.78   126   117 0.998i  36.9    683 BBBB

30.11.2021 14:26:49  *01n 20 100TL 4  391.4  0.36   141  429.5  0.00     0  226.5  0.89  227.3  0.81  229.0  0.83   141   123 0.998i  36.9    684 DEB0

30.11.2021 14:27:09  *01n 20 100TL 4  391.1  0.31   120  429.7  0.00     0  226.3  0.88  227.3  0.84  228.8  0.83   120   125 0.998i  36.9    684 A44F

30.11.2021 14:27:29  *01n 20 100TL 4  390.3  0.52   202  429.6  0.00     0  226.1  0.85  227.0  0.83  228.4  0.82   202   128 0.998c  36.9    685 DC21

30.11.2021 14:27:49  *01n 20 100TL 4  390.8  0.22    86  428.5  0.00     0  226.0  0.85  226.8  0.80  228.2  0.80    86   120 0.998i  36.9    686 3188

30.11.2021 14:28:09  *01n 20 100TL 4  390.1  0.20    79  428.2  0.00     0  226.2  0.84  227.0  0.81  228.3  0.79    79   123 0.998i  36.9    686 745D

30.11.2021 14:28:29  *01n 20 100TL 4  387.9  0.27   103  428.3  0.00     1  226.2  0.83  226.9  0.78  228.2  0.79   105   128 0.998c  36.9    687 E5BF

30.11.2021 14:28:49  *01n 20 100TL 4  389.2  0.26   103  428.4  0.00     0  225.7  0.82  226.7  0.82  228.2  0.83   103   126 0.999c  36.9    688 7125

30.11.2021 14:29:09  *01n 20 100TL 4  390.1  0.28   111  428.9  0.00     0  226.2  0.85  227.1  0.80  228.5  0.81   111   128 0.998c  36.9    688 02DD

30.11.2021 14:29:29  *01n 20 100TL 4  389.9  0.35   134  428.8  0.00     0  226.3  0.86  227.0  0.80  228.2  0.85   134   131 0.999i  36.9    689 7726

30.11.2021 14:29:49  *01n 20 100TL 4  389.4  0.27   105  428.4  0.01     4  226.3  0.85  227.1  0.78  228.4  0.81   109   129 0.999i  36.9    690 FD3E

30.11.2021 14:30:10  *01n 20 100TL 4  389.5  0.40   158  428.6  0.00     0  226.6  0.82  227.4  0.81  228.7  0.81   158   132 0.999c  36.9    691 1E3B

30.11.2021 14:30:30  *01n 20 100TL 4  389.5  0.35   137  428.5  0.00     0  226.5  0.83  227.4  0.81  228.6  0.80   137   132 0.999c  36.9    691 5C54

30.11.2021 14:30:50  *01n 20 100TL 4  389.5  0.27   106  428.6  0.00     0  226.3  0.83  227.3  0.81  228.6  0.79   106   132 0.999c  36.9    692 7D14

30.11.2021 14:31:10  *01n 20 100TL 4  389.6  0.40   155  428.7  0.00     0  226.2  0.84  227.1  0.81  228.6  0.82   155   132 0.999c  36.9    693 DBF7

30.11.2021 14:31:30  *01n 20 100TL 4  389.7  0.29   112  428.7  0.00     0  226.1  0.84  227.1  0.79  228.5  0.79   112   129 0.999c  36.9    694 1022

30.11.2021 14:31:50  *01n 20 100TL 4  389.7  0.31   123  428.7  0.00     0  225.9  0.83  226.8  0.78  228.2  0.81   123   128 0.999i  36.9    694 4658

30.11.2021 14:32:10  *01n 20 100TL 4  389.7  0.42   164  428.8  0.00     3  226.0  0.88  226.8  0.83  228.1  0.81   167   132 0.999i  36.9    695 182F

30.11.2021 14:32:30  *01n 20 100TL 4  389.5  0.32   126  428.8  0.00     0  226.2  0.84  226.9  0.79  228.3  0.81   126   132 0.999c  36.9    696 93AF

30.11.2021 14:32:50  *01n 20 100TL 4  389.5  0.25    96  428.7  0.00     0  226.3  0.85  227.2  0.82  228.5  0.84    96   129 0.999c  36.9    696 8B3D

30.11.2021 14:33:10  *01n 20 100TL 4  389.7  0.44   175  428.8  0.00     0  226.0  0.84  226.7  0.83  228.2  0.80   175   131 0.999i  36.9    697 FE7E

30.11.2021 14:33:30  *01n 20 100TL 4  389.7  0.32   126  428.8  0.00     1  226.3  0.85  226.9  0.83  228.4  0.79   128   131 0.998i  36.9    698 CCF2

30.11.2021 14:33:50  *01n 20 100TL 4  389.8  0.44   172  428.8  0.00     0  226.2  0.83  227.0  0.83  228.4  0.83   172   129 0.999c  36.9    699 3678

30.11.2021 14:34:10  *01n 20 100TL 4  389.8  0.34   132  428.6  0.00     0  226.1  0.84  226.7  0.81  228.5  0.79   132   129 0.999i  36.9    699 B4D0

30.11.2021 14:34:30  *01n 20 100TL 4  389.5  0.46   181  428.7  0.00     0  225.8  0.85  226.6  0.76  228.1  0.82   181   129 0.999c  36.9    700 89A9

30.11.2021 14:34:50  *01n 20 100TL 4  389.4  0.39   151  428.6  0.00     3  225.9  0.82  226.8  0.79  228.3  0.79   154   129 0.999c  36.9    701 09F6

30.11.2021 14:35:10  *01n 20 100TL 4  389.8  0.31   123  429.1  0.00     0  226.1  0.83  227.0  0.80  228.4  0.78   123   128 0.999c  36.9    702 0F50

30.11.2021 14:35:30  *01n 20 100TL 4  390.8  0.38   146  429.4  0.00     0  225.5  0.88  226.2  0.81  227.9  0.81   146   128 0.999i  36.9    702 D547

30.11.2021 14:35:50  *01n 20 100TL 4  391.0  0.33   129  429.0  0.00     1  225.9  0.84  226.8  0.80  228.3  0.79   131   122 0.998c  36.9    703 C134

30.11.2021 14:36:11  *01n 20 100TL 4  390.6  0.21    82  429.0  0.00     0  225.9  0.84  226.9  0.82  228.3  0.81    82   125 0.998c  36.9    704 53FE

30.11.2021 14:36:31  *01n 20 100TL 4  389.0  0.41   160  428.4  0.00     0  225.9  0.84  226.7  0.81  228.2  0.84   160   131 0.999i  36.9    704 F75C

30.11.2021 14:36:51  *01n 20 100TL 4  390.6  0.35   138  429.1  0.00     0  226.0  0.84  226.8  0.82  228.3  0.81   138   126 0.999i  36.9    705 DAEB

30.11.2021 14:37:11  *01n 20 100TL 4  388.3  0.34   134  428.0  0.00     0  225.9  0.86  226.8  0.82  228.3  0.82   134   126 0.998i  36.9    706 BBA0

30.11.2021 14:37:31  *01n 20 100TL 4  388.4  0.39   149  428.8  0.00     0  226.1  0.85  227.0  0.79  228.3  0.80   149   126 0.998c  36.9    706 1706

30.11.2021 14:37:51  *01n 20 100TL 4  390.6  0.18    71  428.1  0.00     0  226.1  0.83  227.1  0.83  228.7  0.83    71   122 0.998c  36.9    707 6E7E

30.11.2021 14:38:11  *01n 20 100TL 4  387.7  0.19    76  427.5  0.00     0  226.1  0.86  227.2  0.83  228.5  0.78    76   120 0.998i  36.9    708 71E0

30.11.2021 14:38:31  *01n 20 100TL 4  387.5  0.32   128  427.8  0.00     0  226.1  0.81  227.0  0.78  228.6  0.79   128   120 0.998c  36.9    708 3890

30.11.2021 14:38:51  *01n 20 100TL 4  387.6  0.39   149  428.1  0.00     0  226.1  0.82  226.7  0.78  228.3  0.83   149   119 0.998i  36.9    709 28F8

30.11.2021 14:39:11  *01n 20 100TL 4  391.2  0.23    91  428.3  0.00     0  226.7  0.86  227.6  0.83  228.9  0.81    91   117 0.999i  36.9    710 5B69

30.11.2021 14:39:31  *01n 20 100TL 4  388.3  0.25    99  428.1  0.00     0  226.8  0.86  227.6  0.82  229.0  0.79    99   117 0.998i  36.9    710 A757

30.11.2021 14:39:51  *01n 20 100TL 4  388.9  0.25    94  428.7  0.00     0  226.9  0.85  227.6  0.79  229.1  0.79    94   114 0.998c  36.9    711 CAA5

30.11.2021 14:40:11  *01n 20 100TL 4  389.7  0.41   160  428.6  0.00     0  226.8  0.85  227.7  0.79  229.3  0.83   160   117 0.999i  36.9    712 8610

30.11.2021 14:40:31  *01n 20 100TL 4  389.5  0.27   106  428.7  0.00     0  226.7  0.81  227.4  0.80  229.1  0.77   106   115 0.998c  36.9    712 023A

30.11.2021 14:40:51  *01n 20 100TL 4  389.7  0.21    83  428.6  0.00     0  227.2  0.83  227.6  0.80  229.4  0.82    83   112 0.998c  36.9    713 5CD8

30.11.2021 14:41:11  *01n 20 100TL 4  389.6  0.35   134  428.7  0.00     0  227.0  0.83  227.7  0.82  229.4  0.80   134   111 0.998i  36.9    714 4262

30.11.2021 14:41:31  *01n 20 100TL 4  389.3  0.14    57  428.7  0.00     0  227.2  0.83  228.0  0.83  229.4  0.82    57   108 0.998i  36.9    714 CEE6

30.11.2021 14:41:51  *01n 20 100TL 4  389.5  0.34   132  428.6  0.00     0  227.3  0.86  228.1  0.82  229.5  0.82   132   108 0.998i  36.9    715 8511

30.11.2021 14:42:11  *01n 20 100TL 4  389.7  0.28   111  428.6  0.00     0  227.4  0.85  228.2  0.83  229.4  0.80   111   111 0.997i  36.9    715 1BAC

30.11.2021 14:42:31  *01n 20 100TL 4  389.5  0.21    80  428.8  0.00     0  227.4  0.87  228.2  0.83  229.7  0.82    80   111 0.998i  36.9    716 AA6A

30.11.2021 14:42:52  *01n 20 100TL 4  389.6  0.25    99  428.6  0.00     0  227.3  0.84  228.1  0.83  229.6  0.80    99   109 0.999i  36.9    717 77FD

30.11.2021 14:43:12  *01n 20 100TL 4  389.5  0.19    77  428.7  0.00     0  227.2  0.84  228.1  0.80  229.6  0.76    77   103 0.998c  36.9    717 7F83

30.11.2021 14:43:32  *01n 20 100TL 4  389.5  0.33   129  428.6  0.00     3  227.0  0.82  227.7  0.81  229.1  0.78   132   102 0.997i  36.9    718 1CAA

30.11.2021 14:43:52  *01n 20 100TL 4  389.7  0.18    73  428.5  0.00     0  227.0  0.85  228.1  0.81  229.5  0.80    73   102 0.998i  37.0    718 A5B7

30.11.2021 14:44:12  *01n 20 100TL 4  389.5  0.30   119  428.6  0.00     0  227.4  0.86  228.0  0.79  229.4  0.78   119   100 0.998c  37.0    719 EF61

30.11.2021 14:44:32  *01n 20 100TL 4  389.6  0.32   123  428.8  0.00     0  227.1  0.85  228.1  0.82  229.3  0.78   123   102 0.998i  37.0    720 0012

30.11.2021 14:44:52  *01n 20 100TL 4  389.7  0.27   106  428.7  0.00     0  227.1  0.79  228.2  0.77  229.4  0.79   106   103 0.998c  37.0    720 F3C8

30.11.2021 14:45:12  *01n 20 100TL 4  389.6  0.22    88  428.5  0.00     0  227.2  0.86  227.9  0.80  229.3  0.79    88   102 0.998i  37.0    721 9E54

30.11.2021 14:45:32  *01n 20 100TL 4  389.5  0.34   135  428.7  0.00     0  227.1  0.83  227.8  0.79  229.2  0.82   135   105 0.998i  37.0    721 4A7A

30.11.2021 14:45:52  *01n 20 100TL 4  389.6  0.36   141  428.8  0.00     0  227.2  0.86  228.0  0.83  229.4  0.80   141   108 0.998i  37.0    722 903F

30.11.2021 14:46:12  *01n 20 100TL 4  389.6  0.20    76  428.7  0.00     0  227.4  0.83  228.3  0.81  229.7  0.78    76   106 0.998i  37.0    722 51A1

30.11.2021 14:46:32  *01n 20 100TL 4  389.4  0.14    54  428.7  0.00     0  227.4  0.84  227.7  0.80  229.5  0.81    54   102 0.998i  37.0    723 8013

30.11.2021 14:46:52  *01n 20 100TL 4  389.5  0.30   117  428.6  0.00     0  227.3  0.85  227.7  0.78  229.4  0.80   117   102 0.997i  37.0    724 7A3D

30.11.2021 14:47:12  *01n 20 100TL 4  389.4  0.31   120  428.6  0.00     0  227.3  0.87  228.0  0.80  229.4  0.81   120   106 0.998i  37.0    724 78F7

30.11.2021 14:47:32  *01n 20 100TL 4  389.5  0.30   122  428.6  0.00     0  227.2  0.84  228.0  0.81  229.5  0.77   122   103 0.998c  37.0    725 EB64

30.11.2021 14:47:52  *01n 20 100TL 4  389.4  0.22    88  428.6  0.00     0  227.2  0.85  227.8  0.77  229.4  0.77    88   103 0.995c  37.0    725 756B

30.11.2021 14:48:12  *01n 20 100TL 4  389.6  0.21    80  428.8  0.00     0  227.2  0.85  227.7  0.81  229.2  0.82    80   102 0.998i  37.0    726 3528

30.11.2021 14:48:32  *01n 20 100TL 4  389.5  0.30   115  428.6  0.00     0  227.5  0.83  227.7  0.82  229.4  0.82   115   103 0.998i  37.0    727 D18D

30.11.2021 14:48:52  *01n 20 100TL 4  389.5  0.30   117  428.5  0.00     0  227.2  0.85  227.7  0.80  229.5  0.79   117   102 0.998i  37.0    727 1E1C

30.11.2021 14:49:12  *01n 20 100TL 4  389.7  0.36   143  428.8  0.00     0  227.3  0.81  227.7  0.79  229.5  0.75   143   105 0.998c  37.0    728 BA45

30.11.2021 14:49:33  *01n 20 100TL 4  389.5  0.20    79  428.5  0.00     0  227.0  0.82  227.5  0.79  229.2  0.83    79   103 0.998i  37.0    728 D9EB

30.11.2021 14:49:53  *01n 20 100TL 4  389.6  0.28   111  428.6  0.00     0  227.2  0.87  227.8  0.83  229.5  0.84   111   105 0.998i  37.0    729 2960

30.11.2021 14:50:13  *01n 20 100TL 4  389.6  0.30   117  428.5  0.00     0  227.3  0.83  227.8  0.80  229.4  0.79   117   105 0.998i  37.0    729 AE4B

30.11.2021 14:50:33  *01n 20 100TL 4  389.4  0.39   155  428.6  0.00     0  227.8  0.82  227.4  0.83  229.3  0.81   155   111 0.998i  37.0    730 B5A0

30.11.2021 14:50:53  *01n 20 100TL 4  389.5  0.32   126  428.6  0.00     0  227.2  0.84  227.8  0.79  229.2  0.79   126   109 0.998i  37.0    731 98EF

30.11.2021 14:51:13  *01n 20 100TL 4  389.5  0.21    83  428.7  0.00     0  226.9  0.83  227.6  0.79  229.2  0.79    83   109 0.998i  37.0    731 59D2

30.11.2021 14:51:33  *01n 20 100TL 4  389.6  0.26   103  428.7  0.00     0  227.1  0.81  227.8  0.81  229.4  0.81   103   112 0.999c  37.0    732 6779

30.11.2021 14:51:53  *01n 20 100TL 4  389.5  0.27   105  428.4  0.00     0  227.2  0.84  227.8  0.82  229.5  0.82   105   114 0.998i  37.0    732 780D

30.11.2021 14:52:13  *01n 20 100TL 4  389.6  0.38   146  428.7  0.00     0  227.5  0.82  227.9  0.79  229.3  0.81   146   114 0.998i  37.0    733 F708

30.11.2021 14:52:33  *01n 20 100TL 4  390.4  0.23    91  428.0  0.00     0  227.4  0.87  227.8  0.82  229.3  0.83    91   119 0.999i  37.0    734 9928

30.11.2021 14:52:53  *01n 20 100TL 4  387.9  0.27   103  427.8  0.00     0  227.6  0.83  228.3  0.81  230.0  0.80   103   115 0.998i  37.0    734 D55B

30.11.2021 14:53:13  *01n 20 100TL 4  390.8  0.29   114  429.6  0.00     0  227.5  0.82  228.1  0.80  229.7  0.80   114   122 0.998c  37.0    735 DD94

30.11.2021 14:53:33  *01n 20 100TL 4  390.3  0.22    85  427.8  0.00     0  227.2  0.81  227.8  0.80  229.5  0.83    85   115 0.999c  37.0    736 F392

30.11.2021 14:53:53  *01n 20 100TL 4  388.2  0.33   129  427.6  0.00     3  227.9  0.82  227.4  0.81  229.2  0.76   132   120 0.998c  37.0    736 8E3E

30.11.2021 14:54:13  *01n 20 100TL 4  389.8  0.40   158  429.8  0.00     0  227.0  0.80  228.0  0.79  229.4  0.78   158   125 0.998c  37.0    737 1224

30.11.2021 14:54:33  *01n 20 100TL 4  391.0  0.40   157  430.1  0.00     0  227.6  0.86  228.2  0.83  230.0  0.79   157   125 0.999i  37.0    738 3ACE

30.11.2021 14:54:53  *01n 20 100TL 4  389.4  0.57   221  429.4  0.00     0  227.1  0.82  228.0  0.80  229.5  0.77   221   129 0.998c  37.0    738 A025

30.11.2021 14:55:14  *01n 20 100TL 4  388.0  0.36   138  428.1  0.00     0  227.2  0.83  227.7  0.81  229.3  0.76   138   129 0.998c  37.0    739 6A2B

30.11.2021 14:55:34  *01n 20 100TL 4  389.1  0.21    86  427.8  0.00     1  227.3  0.83  227.8  0.79  229.3  0.77    88   126 0.999c  37.0    740 2CA5

30.11.2021 14:55:54  *01n 20 100TL 4  390.8  0.34   132  429.7  0.00     0  227.3  0.84  228.0  0.81  229.8  0.81   132   129 0.999c  37.0    741 D6DD

30.11.2021 14:56:14  *01n 20 100TL 4  388.5  0.32   123  427.9  0.00     1  227.1  0.82  228.0  0.78  229.4  0.75   125   132 0.998c  37.0    741 3A6A

30.11.2021 14:56:34  *01n 20 100TL 4  389.4  0.54   210  429.2  0.00     0  227.2  0.87  228.3  0.86  229.7  0.84   210   134 0.999i  37.0    742 C74F

30.11.2021 14:56:54  *01n 20 100TL 4  388.0  0.27   103  428.1  0.00     1  228.7  0.83  227.2  0.80  229.3  0.78   105   128 0.998c  37.0    743 665E

30.11.2021 14:57:14  *01n 20 100TL 4  387.8  0.19    74  427.6  0.00     0  227.3  0.83  228.3  0.81  229.6  0.75    74   126 0.999c  37.0    744 1004

30.11.2021 14:57:34  *01n 20 100TL 4  391.5  0.22    88  428.9  0.00     0  227.4  0.85  228.1  0.81  229.7  0.79    88   120 0.998i  37.0    744 A811

30.11.2021 14:57:54  *01n 20 100TL 4  390.9  0.26   103  428.1  0.00     0  228.1  0.84  228.3  0.79  229.5  0.81   103   117 0.998c  37.0    745 7475

30.11.2021 14:58:14  *01n 20 100TL 4  390.1  0.24    94  427.6  0.00     0  227.7  0.84  228.4  0.82  229.8  0.77    94   119 0.998i  37.0    746 FD51

30.11.2021 14:58:34  *01n 20 100TL 4  390.3  0.29   117  427.7  0.00     0  227.5  0.86  228.8  0.79  230.1  0.80   117   120 0.998i  37.0    746 BC7A

30.11.2021 14:58:54  *01n 20 100TL 4  389.5  0.29   111  430.0  0.00     1  227.8  0.83  228.5  0.80  229.9  0.82   112   120 0.998i  37.0    747 AA08

30.11.2021 14:59:14  *01n 20 100TL 4  390.6  0.33   128  428.2  0.00     0  227.6  0.84  228.4  0.79  229.7  0.80   128   114 0.998c  37.0    748 1F4D

30.11.2021 14:59:34  *01n 20 100TL 4  389.9  0.31   120  428.5  0.00     0  227.2  0.81  228.5  0.80  229.8  0.78   120   114 0.999c  37.0    748 8651

30.11.2021 14:59:54  *01n 20 100TL 4  389.6  0.39   154  428.6  0.00     0  226.9  0.84  228.2  0.82  229.3  0.79   154   115 0.998i  37.0    749 5395

30.11.2021 15:00:14  *01n 20 100TL 4  389.5  0.36   140  428.5  0.00     0  226.8  0.83  227.7  0.80  229.0  0.79   140   117 0.998i  37.0    749 E15F

30.11.2021 15:00:34  *01n 20 100TL 4  389.6  0.36   141  428.7  0.00     0  225.9  0.83  226.9  0.81  228.2  0.80   141   112 0.999i  37.0    750 D914

30.11.2021 15:00:54  *01n 20 100TL 4  389.3  0.26   106  428.6  0.00     0  225.5  0.84  226.2  0.78  227.9  0.80   106   111 0.998c  37.0    751 F0E7

30.11.2021 15:01:14  *01n 20 100TL 4  389.7  0.34   131  428.6  0.00     0  225.6  0.79  226.4  0.79  228.0  0.78   131   111 0.998i  37.0    751 0B61

30.11.2021 15:01:35  *01n 20 100TL 4  389.5  0.32   123  428.7  0.00     0  225.2  0.83  225.7  0.78  227.2  0.79   123   106 0.998c  37.0    752 D394

30.11.2021 15:01:55  *01n 20 100TL 4  389.6  0.25    97  428.6  0.00     0  225.4  0.83  226.0  0.77  227.7  0.79    97   102 0.998c  37.0    753 1B35

30.11.2021 15:02:15  *01n 20 100TL 4  389.3  0.34   135  428.6  0.00     0  225.5  0.82  225.9  0.82  228.1  0.83   135   105 0.998i  37.0    753 F63D

30.11.2021 15:02:35  *01n 20 100TL 4  389.4  0.27   102  428.6  0.00     0  225.8  0.84  226.4  0.80  228.3  0.80   102   105 0.998i  37.0    754 5666

30.11.2021 15:02:55  *01n 20 100TL 4  389.6  0.30   119  428.6  0.00     0  225.7  0.83  226.3  0.79  228.0  0.78   119    99 0.998i  37.0    754 1A26

30.11.2021 15:03:15  *01n 20 100TL 4  389.6  0.21    83  428.7  0.00     0  225.6  0.84  226.5  0.79  227.9  0.80    83    97 0.998i  37.0    755 59D4

30.11.2021 15:03:35  *01n 20 100TL 4  389.6  0.22    85  428.8  0.00     0  225.5  0.83  226.6  0.81  227.9  0.81    85    94 0.998i  37.0    755 47CD

30.11.2021 15:03:55  *01n 20 100TL 4  389.4  0.22    88  428.7  0.00     0  225.4  0.82  226.1  0.79  227.7  0.80    88    94 0.997i  37.0    756 DC23

30.11.2021 15:04:15  *01n 20 100TL 4  389.5  0.17    64  428.7  0.00     0  225.4  0.82  226.0  0.79  228.0  0.81    64    91 0.998i  37.0    756 5819

30.11.2021 15:04:35  *01n 20 100TL 4  389.7  0.19    76  428.7  0.00     0  225.2  0.83  225.9  0.80  227.8  0.80    76    88 0.997i  37.0    757 D86B

30.11.2021 15:04:55  *01n 20 100TL 4  389.7  0.21    79  428.7  0.00     0  225.3  0.79  225.9  0.79  227.9  0.77    79    88 0.997c  37.0    757 F863

30.11.2021 15:05:15  *01n 20 100TL 4  389.5  0.16    65  428.6  0.00     0  225.4  0.82  226.1  0.81  228.1  0.76    65    90 0.998c  37.0    758 83D6

30.11.2021 15:05:35  *01n 20 100TL 4  389.7  0.19    76  428.6  0.00     0  225.5  0.84  226.3  0.78  228.0  0.79    76    93 0.998c  37.0    758 6FC3

30.11.2021 15:05:55  *01n 20 100TL 4  389.4  0.32   128  428.5  0.00     0  225.2  0.87  226.1  0.80  227.8  0.81   128    94 0.998i  37.0    759 C141

30.11.2021 15:06:15  *01n 20 100TL 4  389.5  0.14    54  428.6  0.00     0  225.1  0.82  225.7  0.76  227.7  0.80    54    93 0.998c  37.0    759 3748

30.11.2021 15:06:35  *01n 20 100TL 4  389.3  0.19    74  428.5  0.00     0  225.2  0.82  225.8  0.80  227.5  0.79    74    93 0.998i  37.0    760 1905

30.11.2021 15:06:55  *01n 20 100TL 4  389.6  0.42   164  428.6  0.00     0  225.1  0.82  225.8  0.77  227.5  0.76   164    93 0.997c  37.0    760 41CE

30.11.2021 15:07:15  *01n 20 100TL 4  389.5  0.23    90  428.6  0.00     0  225.0  0.85  225.7  0.79  227.4  0.78    90    90 0.998i  37.0    761 DA5B

30.11.2021 15:07:35  *01n 20 100TL 4  389.7  0.34   131  428.6  0.00     0  225.0  0.83  225.4  0.78  227.1  0.77   131    91 0.998c  37.0    762 42E9

30.11.2021 15:07:55  *01n 20 100TL 4  389.5  0.18    70  428.6  0.00     0  225.0  0.80  225.4  0.78  227.1  0.76    70    90 0.998c  37.0    762 1725

30.11.2021 15:08:16  *01n 20 100TL 4  389.4  0.15    59  428.6  0.00     0  224.8  0.81  225.4  0.81  227.1  0.77    59    90 0.998c  37.0    763 4049

30.11.2021 15:08:36  *01n 20 100TL 4  389.6  0.23    91  428.7  0.00     0  225.0  0.83  225.6  0.80  227.3  0.82    91    91 0.997i  37.0    763 47C7

30.11.2021 15:08:56  *01n 20 100TL 4  389.8  0.24    94  428.7  0.00     0  225.1  0.84  225.8  0.81  227.4  0.76    94    90 0.998c  37.0    764 BF33

30.11.2021 15:09:16  *01n 20 100TL 4  389.5  0.13    51  428.7  0.00     0  224.9  0.81  225.5  0.78  227.3  0.79    51    88 0.998c  37.0    764 581B

30.11.2021 15:09:36  *01n 20 100TL 4  389.6  0.26   103  428.8  0.00     0  225.0  0.86  225.6  0.80  227.4  0.78   103    94 0.997i  37.0    765 A318

30.11.2021 15:09:56  *01n 20 100TL 4  389.4  0.26   103  428.6  0.00     0  224.8  0.85  225.5  0.79  227.3  0.76   103    90 0.998i  37.0    765 BC1B

30.11.2021 15:10:16  *01n 20 100TL 4  389.4  0.22    88  428.6  0.00     0  224.8  0.83  225.4  0.80  227.3  0.78    88    94 0.998i  37.0    766 F7AA

30.11.2021 15:10:36  *01n 20 100TL 4  389.4  0.27   105  428.6  0.00     0  224.8  0.84  225.7  0.80  227.2  0.77   105    90 0.996c  37.0    766 EA5A

30.11.2021 15:10:56  *01n 20 100TL 4  389.6  0.32   122  428.6  0.00     0  225.0  0.79  225.9  0.81  227.6  0.79   122    90 0.997c  37.0    767 A65A

30.11.2021 15:11:16  *01n 20 100TL 4  389.5  0.16    62  428.6  0.00     0  224.9  0.80  225.6  0.78  227.2  0.76    62    91 0.997c  37.0    767 BA63

30.11.2021 15:11:36  *01n 20 100TL 4  389.5  0.23    93  428.6  0.00     0  225.1  0.82  225.7  0.79  227.2  0.80    93    91 0.998i  37.0    768 D5E9

30.11.2021 15:11:56  *01n 20 100TL 4  389.5  0.28   111  428.8  0.00     0  225.0  0.81  225.6  0.79  227.3  0.79   111    90 0.998i  37.0    768 A6A5

30.11.2021 15:12:16  *01n 20 100TL 4  389.4  0.11    44  428.5  0.00     0  224.7  0.83  225.4  0.75  227.3  0.76    44    88 0.998c  37.0    769 C040

30.11.2021 15:12:36  *01n 20 100TL 4  389.7  0.32   123  428.7  0.00     0  224.8  0.80  225.5  0.79  227.4  0.78   123    93 0.997i  37.0    769 C2B0

30.11.2021 15:12:56  *01n 20 100TL 4  389.7  0.20    79  428.5  0.00     0  225.2  0.81  226.0  0.82  227.9  0.79    79    86 0.997c  37.0    770 7B3A

30.11.2021 15:13:16  *01n 20 100TL 4  389.5  0.28   109  428.7  0.00     0  225.3  0.82  225.7  0.78  227.8  0.78   109    85 0.998c  37.0    770 183E

30.11.2021 15:13:36  *01n 20 100TL 4  389.5  0.31   122  428.7  0.00     0  224.8  0.81  225.7  0.79  227.4  0.74   122    85 0.997c  37.0    771 0189

30.11.2021 15:13:56  *01n 20 100TL 4  389.3  0.13    51  428.7  0.00     0  224.5  0.83  225.5  0.81  227.2  0.78    51    83 0.997i  37.0    771 3D89

30.11.2021 15:14:16  *01n 20 100TL 4  389.6  0.20    77  428.5  0.00     0  224.4  0.85  225.2  0.80  226.9  0.81    77    85 0.998i  37.0    772 B881

30.11.2021 15:14:36  *01n 20 100TL 4  389.6  0.25   100  428.6  0.00     0  224.4  0.85  225.3  0.80  227.1  0.77   100    85 0.996i  37.0    772 73D0

30.11.2021 15:14:56  *01n 20 100TL 4  389.7  0.29   115  428.7  0.00     0  224.7  0.83  225.7  0.80  227.6  0.83   115    85 0.997i  37.0    772 F9F0

30.11.2021 15:15:17  *01n 20 100TL 4  389.5  0.20    80  428.7  0.00     0  224.5  0.82  225.1  0.80  227.5  0.80    80    79 0.990c  37.0    773 8208

30.11.2021 15:15:37  *01n 20 100TL 4  389.5  0.11    44  428.7  0.00     0  224.9  0.78  225.4  0.79  227.4  0.78    44    74 0.997c  37.0    773 068D

30.11.2021 15:15:57  *01n 20 100TL 4  389.6  0.15    59  428.8  0.00     0  225.9  0.81  225.0  0.76  227.4  0.79    59    76 0.996c  37.0    774 8AB4

30.11.2021 15:16:17  *01n 20 100TL 4  389.3  0.08    32  428.5  0.00     0  225.0  0.81  224.7  0.81  227.7  0.78    32    77 0.997c  37.0    774 978A

30.11.2021 15:16:37  *01n 20 100TL 4  389.6  0.21    83  428.6  0.00     0  224.7  0.82  224.8  0.75  227.5  0.78    83    77 0.997c  37.0    775 53DE

30.11.2021 15:16:57  *01n 20 100TL 4  389.7  0.22    90  428.6  0.00     0  224.8  0.77  225.3  0.77  227.3  0.74    90    76 0.996c  37.0    775 0E08

30.11.2021 15:17:17  *01n 20 100TL 4  389.5  0.13    53  428.6  0.00     0  224.4  0.86  224.7  0.80  227.0  0.79    53    76 0.996i  37.0    776 D9BE

30.11.2021 15:17:37  *01n 20 100TL 4  389.3  0.13    53  428.6  0.00     0  224.5  0.83  225.2  0.78  226.9  0.79    53    76 0.997i  37.0    776 FAE8

30.11.2021 15:17:57  *01n 20 100TL 4  389.6  0.18    71  428.8  0.00     0  224.6  0.80  224.5  0.78  227.2  0.74    71    73 0.997c  37.0    776 8EEF

30.11.2021 15:18:17  *01n 20 100TL 4  389.6  0.18    71  428.6  0.00     0  222.0  0.82  222.8  0.76  225.9  0.81    71    73 0.993i  37.0    777 7F71

30.11.2021 15:18:37  *01n 20 100TL 4  389.5  0.25    97  428.7  0.00     0  224.4  0.80  224.9  0.78  226.7  0.76    97    76 0.994c  37.0    777 B7E1

30.11.2021 15:18:57  *01n 20 100TL 4  389.6  0.16    62  428.7  0.00     0  224.5  0.83  225.0  0.82  226.9  0.78    62    71 0.996i  37.0    778 4D2E

30.11.2021 15:19:17  *01n 20 100TL 4  389.6  0.10    39  428.6  0.00     0  224.4  0.78  225.0  0.78  226.9  0.73    39    70 0.995c  37.0    778 BCB2

30.11.2021 15:19:37  *01n 20 100TL 4  389.4  0.25   100  428.8  0.00     0  225.0  0.81  225.0  0.78  227.1  0.78   100    71 0.997i  37.0    778 B7ED

30.11.2021 15:19:57  *01n 20 100TL 4  389.6  0.27   103  428.8  0.00     0  224.7  0.81  225.1  0.78  227.3  0.80   103    71 0.996i  37.0    779 6651

30.11.2021 15:20:17  *01n 20 100TL 4  389.5  0.14    57  428.6  0.00     0  224.6  0.85  225.5  0.79  226.9  0.75    57    73 0.996i  37.0    779 09DE

30.11.2021 15:20:37  *01n 20 100TL 4  389.7  0.33   126  428.7  0.00     0  224.7  0.78  225.3  0.76  226.9  0.77   126    73 0.992c  37.0    780 FA96

30.11.2021 15:20:57  *01n 20 100TL 4  389.6  0.15    57  428.6  0.00     0  225.1  0.81  225.9  0.76  227.5  0.79    57    71 0.997i  37.0    780 DAC3

30.11.2021 15:21:17  *01n 20 100TL 4  389.6  0.22    83  428.7  0.00     0  225.0  0.82  225.8  0.77  227.5  0.77    83    67 0.996c  37.0    780 BF9C

30.11.2021 15:21:37  *01n 20 100TL 4  389.4  0.13    51  428.6  0.00     0  224.7  0.81  225.5  0.77  227.2  0.77    51    64 0.985i  37.0    781 8C76

30.11.2021 15:21:57  *01n 20 100TL 4  389.6  0.19    77  428.7  0.00     0  224.9  0.82  225.6  0.80  227.2  0.74    77    67 0.995c  37.0    781 F46A

30.11.2021 15:22:18  *01n 20 100TL 4  389.5  0.19    76  428.6  0.00     0  224.6  0.83  225.4  0.78  227.1  0.78    76    64 0.995c  37.0    781 AF1C

30.11.2021 15:22:38  *01n 20 100TL 4  389.7  0.17    67  428.8  0.00     0  224.4  0.83  225.3  0.84  226.7  0.80    67    67 0.996i  37.0    782 D48E

30.11.2021 15:22:58  *01n 20 100TL 4  389.3  0.16    61  428.6  0.00     0  224.9  0.81  225.6  0.80  227.1  0.78    61    65 0.993i  37.0    782 FD9A

30.11.2021 15:23:18  *01n 20 100TL 4  389.7  0.28   112  428.5  0.00     0  224.7  0.83  225.5  0.82  227.2  0.82   112    71 0.993i  37.0    783 CEEE

30.11.2021 15:23:38  *01n 20 100TL 4  389.4  0.20    76  428.7  0.00     0  225.1  0.81  225.0  0.79  227.3  0.78    76    67 0.985c  37.0    783 BA2B

30.11.2021 15:23:58  *01n 20 100TL 4  389.5  0.12    48  428.8  0.00     0  224.4  0.79  225.5  0.79  226.8  0.76    48    67 0.993c  37.0    783 FAB9

30.11.2021 15:24:18  *01n 20 100TL 4  389.7  0.18    68  428.7  0.00     0  224.5  0.81  225.5  0.78  227.0  0.79    68    65 0.993i  37.0    784 F159

30.11.2021 15:24:38  *01n 20 100TL 4  389.5  0.13    50  428.7  0.00     0  225.0  0.82  226.0  0.78  227.2  0.78    50    65 0.996i  37.1    784 E41F

30.11.2021 15:24:58  *01n 20 100TL 4  389.5  0.15    61  428.6  0.00     0  224.9  0.80  225.7  0.77  226.9  0.76    61    68 0.996i  37.0    784 9005

30.11.2021 15:25:18  *01n 20 100TL 4  389.6  0.12    48  428.7  0.00     0  225.0  0.86  225.2  0.79  227.1  0.78    48    68 0.996i  37.0    785 BE90

30.11.2021 15:25:38  *01n 20 100TL 4  389.6  0.27   105  428.9  0.00     0  224.5  0.80  225.4  0.81  227.0  0.78   105    70 0.995i  37.0    785 EEE1

30.11.2021 15:25:58  *01n 20 100TL 4  389.4  0.12    48  428.6  0.00     0  224.6  0.78  225.4  0.77  226.8  0.75    48    68 0.996c  37.0    786 CF83

30.11.2021 15:26:18  *01n 20 100TL 4  389.4  0.15    61  428.5  0.00     0  224.5  0.82  225.4  0.81  226.8  0.79    61    68 0.996i  37.0    786 A62B

30.11.2021 15:26:38  *01n 20 100TL 4  389.7  0.22    86  428.6  0.00     0  224.6  0.81  225.5  0.79  226.8  0.77    86    70 0.995i  37.0    786 28E2

30.11.2021 15:26:58  *01n 20 100TL 4  389.5  0.26   103  428.8  0.00     0  224.7  0.81  225.0  0.79  227.1  0.75   103    71 0.996c  37.0    787 C96C

30.11.2021 15:27:18  *01n 20 100TL 4  389.5  0.28   112  428.6  0.00     0  224.8  0.83  225.5  0.79  227.1  0.80   112    73 0.995i  37.1    787 6FC4

30.11.2021 15:27:38  *01n 20 100TL 4  389.5  0.19    76  428.7  0.00     0  225.5  0.82  225.1  0.78  227.2  0.74    76    73 0.994c  37.0    788 1BFE

30.11.2021 15:27:58  *01n 20 100TL 4  389.4  0.08    35  428.7  0.00     0  224.9  0.81  225.6  0.78  227.3  0.76    35    71 0.997c  37.1    788 E4A5

30.11.2021 15:28:18  *01n 20 100TL 4  389.6  0.17    68  428.7  0.00     0  225.1  0.80  225.6  0.78  227.5  0.78    68    73 0.995c  37.1    788 3B43

30.11.2021 15:28:38  *01n 20 100TL 4  389.6  0.18    71  428.8  0.00     0  225.3  0.82  226.1  0.77  227.8  0.82    71    74 0.997i  37.1    789 4423

30.11.2021 15:28:59  *01n 20 100TL 4  389.8  0.27   106  428.7  0.00     0  225.6  0.83  226.2  0.82  228.0  0.75   106    77 0.996i  37.1    789 97F7

30.11.2021 15:29:19  *01n 20 100TL 4  389.4  0.12    50  428.7  0.00     0  225.8  0.83  226.4  0.79  228.3  0.80    50    77 0.996i  37.0    790 5F78

30.11.2021 15:29:39  *01n 20 100TL 4  389.5  0.10    41  428.7  0.00     0  226.4  0.84  226.6  0.81  228.5  0.79    41    77 0.997i  37.1    790 CD8B

30.11.2021 15:29:59  *01n 20 100TL 4  389.5  0.17    65  428.9  0.00     0  226.2  0.83  226.8  0.77  228.6  0.77    65    76 0.996i  37.0    791 0FEE

30.11.2021 15:30:19  *01n 20 100TL 4  389.4  0.20    80  428.6  0.00     0  225.6  0.79  226.1  0.76  228.2  0.78    80    76 0.997c  37.0    791 B052

30.11.2021 15:30:39  *01n 20 100TL 4  389.7  0.22    85  428.3  0.00     0  225.5  0.80  226.1  0.77  228.1  0.75    85    79 0.997c  37.1    791 63C0

30.11.2021 15:30:59  *01n 20 100TL 4  389.5  0.22    86  428.6  0.00     0  225.7  0.83  226.3  0.78  228.2  0.79    86    77 0.995i  37.0    792 DE72

30.11.2021 15:31:19  *01n 20 100TL 4  389.3  0.30   117  428.7  0.00     0  225.5  0.84  226.2  0.77  228.0  0.77   117    80 0.996c  37.0    792 A62F

30.11.2021 15:31:39  *01n 20 100TL 4  389.4  0.25   100  428.6  0.00     0  225.3  0.79  226.1  0.77  227.9  0.77   100    74 0.997c  37.0    793 638D

30.11.2021 15:31:59  *01n 20 100TL 4  389.5  0.15    59  428.7  0.00     0  225.4  0.80  226.3  0.78  228.1  0.80    59    73 0.996i  37.0    793 25D0

30.11.2021 15:32:19  *01n 20 100TL 4  389.4  0.21    83  428.6  0.00     0  225.9  0.80  225.8  0.76  228.1  0.76    83    77 0.997c  37.0    794 E2FD

30.11.2021 15:32:39  *01n 20 100TL 4  389.6  0.20    79  428.7  0.00     0  226.1  0.80  226.1  0.76  227.3  0.78    79    76 0.997c  37.0    794 8980

30.11.2021 15:32:59  *01n 20 100TL 4  389.5  0.17    67  428.8  0.00     0  225.9  0.84  226.8  0.79  228.4  0.77    67    76 0.996i  37.0    794 2716

30.11.2021 15:33:19  *01n 20 100TL 4  389.5  0.09    38  428.6  0.00     0  225.7  0.83  226.6  0.80  228.3  0.79    38    73 0.994i  37.0    795 D27C

30.11.2021 15:33:39  *01n 20 100TL 4  389.5  0.09    38  428.4  0.00     0  226.2  0.82  226.1  0.80  228.0  0.79    38    73 0.997i  37.0    795 3655

30.11.2021 15:33:59  *01n 20 100TL 4  389.8  0.24    94  428.7  0.00     0  225.4  0.84  226.3  0.79  227.8  0.75    94    71 0.996i  37.1    796 6B8A

30.11.2021 15:34:19  *01n 20 100TL 4  389.5  0.15    61  428.5  0.00     0  225.7  0.85  226.7  0.78  228.2  0.76    61    70 0.995i  37.1    796 2DFB

30.11.2021 15:34:39  *01n 20 100TL 4  389.7  0.22    85  428.4  0.00     0  225.6  0.81  226.8  0.77  228.3  0.75    85    70 0.996c  37.0    796 BF4C

30.11.2021 15:34:59  *01n 20 100TL 4  389.6  0.27   106  428.5  0.00     0  225.4  0.81  226.4  0.78  228.1  0.79   106    71 0.996i  37.1    797 7AA0

30.11.2021 15:35:19  *01n 20 100TL 4  389.5  0.29   114  428.3  0.00     0  225.6  0.82  226.4  0.78  227.9  0.77   114    74 0.991i  37.1    797 C7F1

30.11.2021 15:35:40  *01n 20 100TL 4  389.5  0.24    96  428.8  0.00     0  226.0  0.82  226.7  0.76  227.7  0.78    96    70 0.994c  37.0    798 199E

30.11.2021 15:36:00  *01n 20 100TL 4  389.5  0.26   102  428.5  0.00     0  225.4  0.81  226.1  0.75  227.7  0.77   102    67 0.996c  37.1    798 11AB

30.11.2021 15:36:20  *01n 20 100TL 4  389.2  0.29   115  428.4  0.00     0  225.7  0.81  226.8  0.82  228.2  0.78   115    68 0.994i  37.1    798 CD21

30.11.2021 15:36:40  *01n 20 100TL 4  389.7  0.25    99  428.7  0.00     0  225.5  0.79  226.3  0.78  227.9  0.77    99    67 0.996c  37.1    799 9C85

30.11.2021 15:37:00  *01n 20 100TL 4  389.4  0.17    68  428.7  0.00     0  225.7  0.83  226.7  0.78  228.4  0.82    68    64 0.991i  37.1    799 817B

30.11.2021 15:37:20  *01n 20 100TL 4  389.4  0.21    85  428.4  0.00     0  225.8  0.80  227.1  0.78  228.3  0.77    85    64 0.995c  37.1    799 7FB8

30.11.2021 15:37:40  *01n 20 100TL 4  389.3  0.20    74  428.6  0.00     0  225.8  0.80  227.1  0.79  228.4  0.78    74    57 0.995i  37.1    800 AAE4

30.11.2021 15:38:00  *01n 20 100TL 4  389.7  0.14    54  428.8  0.00     0  226.0  0.79  227.1  0.77  228.4  0.78    54    59 0.987c  37.1    800 9C0A

30.11.2021 15:38:20  *01n 20 100TL 4  389.5  0.31   120  428.8  0.00     0  226.1  0.83  227.2  0.77  228.5  0.77   120    64 0.991c  37.1    800 560A

30.11.2021 15:38:40  *01n 20 100TL 4  389.6  0.08    32  428.6  0.00     0  225.9  0.82  227.2  0.79  228.6  0.78    32    61 0.994i  37.1    801 9683

30.11.2021 15:39:00  *01n 20 100TL 4  389.5  0.24    96  428.7  0.00     0  225.8  0.81  226.9  0.79  228.2  0.77    96    62 0.991i  37.1    801 9A64

30.11.2021 15:39:20  *01n 20 100TL 4  389.3  0.16    64  428.7  0.00     0  225.5  0.82  226.9  0.81  228.1  0.77    64    59 0.994i  37.1    801 9C70

30.11.2021 15:39:40  *01n 20 100TL 4  389.5  0.15    61  428.6  0.00     0  225.8  0.83  226.9  0.78  228.3  0.79    61    56 0.990c  37.1    802 6D82

30.11.2021 15:40:00  *01n 20 100TL 4  389.6  0.11    42  428.7  0.00     0  226.5  0.82  226.3  0.78  227.9  0.79    42    54 0.988c  37.1    802 CB2A

30.11.2021 15:40:20  *01n 20 100TL 4  389.4  0.23    86  428.6  0.00     0  225.8  0.83  226.7  0.80  228.2  0.80    86    54 0.990i  37.1    802 BB48

30.11.2021 15:40:40  *01n 20 100TL 4  389.4  0.12    45  428.6  0.00     0  226.4  0.83  227.0  0.79  228.7  0.78    45    51 0.988i  37.0    803 A5B2

30.11.2021 15:41:00  *01n 20 100TL 4  389.5  0.10    41  428.6  0.00     0  226.0  0.80  226.4  0.79  228.5  0.76    41    50 0.986i  37.0    803 DDD0

30.11.2021 15:41:20  *01n 20 100TL 4  389.6  0.05    21  428.5  0.00     0  225.8  0.82  226.6  0.77  228.3  0.79    21    47 0.987c  37.1    803 1C76

30.11.2021 15:41:40  *01n 20 100TL 4  389.5  0.11    48  428.5  0.00     0  225.8  0.86  226.5  0.78  228.2  0.79    48    47 0.990i  37.0    803 B7EF

30.11.2021 15:42:00  *01n 20 100TL 4  389.5  0.18    67  428.6  0.00     0  225.5  0.79  226.3  0.79  227.9  0.77    67    45 0.989c  37.0    804 52D9

