27.01.2023 08:44:53  *01n 20 100TL 4  534.6  0.14    80  319.5  0.00     0  226.0  0.81  226.5  0.84  227.9  0.89    80    86 0.266c  28.8      0 1168
27.01.2023 08:45:14  *01n 20 100TL 4  513.4  0.10    54  371.3  0.00     0  227.0  0.75  226.0  0.79  227.4  0.74    54    74 0.992c  28.8      0 0245
27.01.2023 08:45:33  *01n 20 100TL 4  492.9  0.25   125  385.5  0.00     0  226.0  0.77  226.9  0.78  228.2  0.75   125    86 0.997c  28.9      0 86F9
27.01.2023 08:45:54  *01n 20 100TL 4  472.6  0.20    99  365.4  0.00     0  225.8  0.79  227.0  0.79  228.1  0.76    99    91 0.998c  28.9      1 3136
27.01.2023 08:46:14  *01n 20 100TL 4  452.5  0.19    88  344.7  0.00     0  225.9  0.78  226.9  0.80  228.1  0.77    88    86 0.997i  29.0      1 A4AF
27.01.2023 08:46:34  *01n 20 100TL 4  432.5  0.22    97  324.5  0.00     0  225.8  0.80  227.1  0.80  228.2  0.79    97    88 0.997i  29.1      2 CA0C
27.01.2023 08:46:54  *01n 20 100TL 4  412.3  0.17    73  304.6  0.00     0  226.1  0.81  227.2  0.81  228.5  0.79    73    83 0.997i  29.2      2 DD3C
27.01.2023 08:47:14  *01n 20 100TL 4  409.1  0.16    65  297.3  0.00     0  225.9  0.77  227.0  0.77  228.4  0.74    65    83 0.997c  29.2      3 3CF0
27.01.2023 08:47:34  *01n 20 100TL 4  408.9  0.20    85  297.4  0.00     0  226.4  0.80  226.5  0.80  228.0  0.77    85    85 0.997i  29.2      3 3AD2
27.01.2023 08:47:54  *01n 20 100TL 4  409.0  0.29   119  297.4  0.00     0  226.0  0.82  226.9  0.79  228.4  0.83   119    86 0.995i  29.3      4 42B4
27.01.2023 08:48:14  *01n 20 100TL 4  408.9  0.30   123  297.4  0.00     0  226.3  0.77  227.2  0.79  228.6  0.76   123    86 0.997c  29.3      4 748B
27.01.2023 08:48:34  *01n 20 100TL 4  409.2  0.27   111  297.4  0.00     0  226.8  0.75  226.8  0.80  228.4  0.79   111    88 0.993c  29.4      5 4E14
27.01.2023 08:48:54  *01n 20 100TL 4  409.1  0.22    90  297.4  0.00     0  225.7  0.76  226.8  0.79  228.2  0.78    90    86 0.997c  29.4      5 6C29
27.01.2023 08:49:14  *01n 20 100TL 4  409.0  0.28   117  297.3  0.00     0  226.0  0.78  226.9  0.79  228.1  0.77   117    91 0.998c  29.5      6 826B
27.01.2023 08:49:34  *01n 20 100TL 4  409.1  0.21    88  297.5  0.00     0  225.7  0.81  226.5  0.79  227.9  0.80    88    94 0.998i  29.5      6 6DC3
27.01.2023 08:49:54  *01n 20 100TL 4  408.9  0.27   114  297.4  0.00     0  225.8  0.76  226.9  0.80  228.2  0.79   114    97 0.998c  29.6      7 071E
27.01.2023 08:50:14  *01n 20 100TL 4  408.7  0.23    94  297.3  0.00     0  225.9  0.75  227.0  0.81  228.1  0.79    94    99 0.997c  29.6      7 BB12
27.01.2023 08:50:34  *01n 20 100TL 4  410.2  0.18    76  297.8  0.00     0  226.0  0.79  226.9  0.83  228.1  0.80    76   102 0.998i  29.7      8 0688
27.01.2023 08:50:54  *01n 20 100TL 4  408.6  0.11    45  297.3  0.00     0  226.3  0.81  227.2  0.81  228.5  0.79    45   100 0.998i  29.7      8 7E74
27.01.2023 08:51:14  *01n 20 100TL 4  410.7  0.25   103  298.0  0.00     1  225.9  0.79  227.2  0.79  228.2  0.79   105   102 0.995c  29.7      9 67A6
27.01.2023 08:51:34  *01n 20 100TL 4  409.0  0.18    74  297.4  0.00     0  226.3  0.81  227.4  0.79  228.4  0.78    74   100 0.998c  29.8     10 CF6F
27.01.2023 08:51:54  *01n 20 100TL 4  409.7  0.36   148  297.6  0.00     0  226.0  0.76  227.4  0.79  228.5  0.76   148   103 0.993c  29.8     10 959F
27.01.2023 08:52:14  *01n 20 100TL 4  409.0  0.29   122  297.5  0.00     0  226.2  0.79  227.2  0.80  228.4  0.82   122   102 0.998i  29.9     11 6675
27.01.2023 08:52:35  *01n 20 100TL 4  409.6  0.28   117  297.7  0.00     0  226.2  0.79  227.3  0.81  228.4  0.80   117   100 0.998i  29.9     11 7505
27.01.2023 08:52:55  *01n 20 100TL 4  410.4  0.35   141  298.0  0.00     0  226.3  0.78  227.2  0.80  228.6  0.74   141   103 0.998i  29.9     12 8EE7
27.01.2023 08:53:15  *01n 20 100TL 4  408.9  0.27   109  297.4  0.00     0  226.5  0.80  227.5  0.82  228.5  0.78   109   106 0.998i  30.0     12 2508
27.01.2023 08:53:35  *01n 20 100TL 4  409.2  0.21    86  297.4  0.00     0  226.3  0.78  227.3  0.78  228.3  0.78    86   102 0.998c  30.0     13 7518
27.01.2023 08:53:55  *01n 20 100TL 4  409.3  0.31   129  297.5  0.00     1  226.4  0.78  227.4  0.78  228.4  0.79   131   105 0.998c  30.0     14 18AE
27.01.2023 08:54:15  *01n 20 100TL 4  407.6  0.19    80  297.0  0.00     0  226.5  0.79  227.5  0.82  228.4  0.79    80   108 0.998i  30.1     14 D2D8
27.01.2023 08:54:35  *01n 20 100TL 4  408.6  0.25   100  297.4  0.00     1  226.5  0.77  227.5  0.80  228.5  0.76   102   106 0.998c  30.1     15 C63A
27.01.2023 08:54:55  *01n 20 100TL 4  409.6  0.34   140  297.7  0.00     0  226.4  0.78  227.4  0.79  228.6  0.82   140   111 0.999i  30.2     15 711F
27.01.2023 08:55:15  *01n 20 100TL 4  408.9  0.25   102  297.5  0.00     0  226.7  0.79  227.6  0.82  228.8  0.76   102   109 0.998c  30.2     16 4CDE
27.01.2023 08:55:35  *01n 20 100TL 4  409.4  0.19    79  297.5  0.00     1  226.6  0.79  227.8  0.77  228.9  0.80    80   109 0.998i  30.2     17 F440
27.01.2023 08:55:55  *01n 20 100TL 4  408.8  0.31   129  297.3  0.00     3  226.5  0.76  227.7  0.81  228.6  0.79   132   115 0.999i  30.3     17 87F2
27.01.2023 08:56:15  *01n 20 100TL 4  409.0  0.22    90  297.4  0.00     1  226.4  0.78  227.6  0.80  228.6  0.80    91   115 0.999c  30.3     18 EDE5
27.01.2023 08:56:35  *01n 20 100TL 4  408.9  0.28   115  297.4  0.01     6  226.8  0.77  227.0  0.81  228.6  0.77   122   120 0.998c  30.3     19 84B7
27.01.2023 08:56:55  *01n 20 100TL 4  409.0  0.23    94  297.4  0.01     4  226.4  0.80  227.6  0.79  228.7  0.79    99   119 0.998i  30.4     19 352E
27.01.2023 08:57:16  *01n 20 100TL 4  408.8  0.26   111  297.3  0.03     7  226.2  0.77  227.4  0.82  228.4  0.78   119   125 0.999c  30.4     20 9B65
27.01.2023 08:57:36  *01n 20 100TL 4  409.2  0.27   112  297.6  0.01     4  226.4  0.78  226.7  0.82  228.4  0.80   117   128 0.999i  30.4     21 1559
27.01.2023 08:57:56  *01n 20 100TL 4  409.0  0.26   109  297.4  0.03     9  226.2  0.76  227.3  0.80  228.4  0.78   119   128 0.998c  30.5     21 26C7
27.01.2023 08:58:16  *01n 20 100TL 4  408.9  0.32   131  297.4  0.03    10  226.0  0.77  227.2  0.80  228.3  0.81   141   134 0.999c  30.5     22 04D4
27.01.2023 08:58:36  *01n 20 100TL 4  409.0  0.31   129  297.7  0.03     9  226.2  0.79  227.1  0.81  228.4  0.79   138   138 0.999i  30.6     23 70A6
27.01.2023 08:58:56  *01n 20 100TL 4  409.2  0.21    86  297.6  0.02     7  226.0  0.76  227.1  0.81  228.4  0.79    94   138 0.998c  30.6     24 4273
27.01.2023 08:59:16  *01n 20 100TL 4  409.1  0.32   134  298.0  0.04    13  226.1  0.82  227.3  0.81  228.5  0.80   148   144 0.999i  30.6     24 7A0E
27.01.2023 08:59:36  *01n 20 100TL 4  409.0  0.45   184  298.5  0.05    15  226.2  0.78  227.3  0.80  228.4  0.78   199   148 0.999c  30.7     25 B163
27.01.2023 08:59:56  *01n 20 100TL 4  408.6  0.32   131  297.2  0.04    10  226.3  0.78  227.3  0.81  228.6  0.80   141   148 0.999c  30.7     26 F86D
27.01.2023 09:00:16  *01n 20 100TL 4  408.6  0.35   143  297.4  0.06    16  226.0  0.80  227.1  0.81  228.4  0.84   160   155 0.999i  30.7     27 342B
27.01.2023 09:00:36  *01n 20 100TL 4  408.8  0.34   141  297.2  0.05    16  226.4  0.79  226.7  0.82  228.8  0.82   158   160 0.999i  30.8     28 A771
27.01.2023 09:00:56  *01n 20 100TL 4  409.1  0.44   184  297.6  0.06    16  226.4  0.77  227.3  0.79  228.4  0.79   201   161 0.998c  30.8     29 35E1
27.01.2023 09:01:16  *01n 20 100TL 4  408.9  0.33   137  297.2  0.05    15  226.3  0.83  227.3  0.83  228.4  0.79   152   158 0.998i  30.8     29 7D7B
27.01.2023 09:01:36  *01n 20 100TL 4  409.0  0.29   120  297.2  0.03    10  226.3  0.79  227.2  0.79  228.3  0.78   131   155 0.999c  30.9     30 FB56
27.01.2023 09:01:56  *01n 20 100TL 4  408.9  0.45   186  297.4  0.06    16  226.1  0.79  227.3  0.82  228.3  0.82   202   158 0.999i  30.9     31 3406
27.01.2023 09:02:16  *01n 20 100TL 4  409.1  0.33   137  297.2  0.05    15  226.3  0.81  227.4  0.81  228.5  0.79   152   157 0.999c  30.9     32 F974
27.01.2023 09:02:36  *01n 20 100TL 4  409.1  0.35   143  297.4  0.05    15  226.5  0.83  227.5  0.79  228.7  0.77   158   154 0.999i  31.0     33 3E6A
27.01.2023 09:02:56  *01n 20 100TL 4  409.0  0.38   157  297.6  0.05    16  227.1  0.80  227.1  0.81  228.8  0.84   173   155 0.999i  31.0     34 E8CC
27.01.2023 09:03:17  *01n 20 100TL 4  408.9  0.35   144  297.6  0.05    15  226.6  0.80  227.3  0.81  228.7  0.78   160   157 0.999c  31.0     35 EB2F
27.01.2023 09:03:37  *01n 20 100TL 4  409.1  0.28   115  297.5  0.04    13  226.6  0.82  227.7  0.81  228.9  0.84   129   155 0.999i  31.0     36 6642
27.01.2023 09:03:57  *01n 20 100TL 4  409.0  0.41   167  297.1  0.05    16  226.6  0.80  227.7  0.80  228.9  0.80   184   158 0.999c  31.1     37 FED3
27.01.2023 09:04:17  *01n 20 100TL 4  408.9  0.34   138  297.2  0.05    16  226.3  0.78  227.4  0.79  228.6  0.76   155   157 0.999c  31.1     37 B381
27.01.2023 09:04:37  *01n 20 100TL 4  409.0  0.43   180  297.4  0.07    22  226.6  0.80  227.4  0.79  228.6  0.82   202   158 0.999c  31.1     38 BEE6
27.01.2023 09:04:57  *01n 20 100TL 4  409.0  0.45   184  297.3  0.07    21  226.2  0.78  227.2  0.81  228.5  0.83   205   161 0.999i  31.2     39 475D
27.01.2023 09:05:17  *01n 20 100TL 4  409.1  0.32   134  297.4  0.05    15  226.2  0.78  227.3  0.77  228.6  0.81   149   161 0.999c  31.2     40 AA72
27.01.2023 09:05:37  *01n 20 100TL 4  409.0  0.25   105  297.4  0.04    12  226.6  0.78  227.3  0.81  228.6  0.80   117   161 0.999i  31.2     41 2B81
27.01.2023 09:05:57  *01n 20 100TL 4  409.0  0.33   137  297.4  0.04    12  226.4  0.82  227.4  0.83  228.5  0.81   149   172 0.999c  31.2     42 192C
27.01.2023 09:06:18  *01n 20 100TL 4  409.0  0.42   173  297.4  0.06    16  226.5  0.82  227.3  0.82  228.6  0.85   190   169 0.999i  31.3     43 0097
27.01.2023 09:06:38  *01n 20 100TL 4  408.9  0.36   149  297.5  0.07    19  226.8  0.81  227.5  0.82  228.4  0.83   169   177 0.999i  31.3     44 2F84
27.01.2023 09:06:58  *01n 20 100TL 4  408.8  0.36   149  297.3  0.07    19  226.7  0.82  227.5  0.84  228.6  0.79   169   178 0.999c  31.3     45 D277
27.01.2023 09:07:18  *01n 20 100TL 4  409.1  0.41   169  297.4  0.07    21  226.5  0.79  227.5  0.80  228.7  0.79   190   183 0.999c  31.3     46 E3B1
27.01.2023 09:07:38  *01n 20 100TL 4  408.8  0.38   157  297.4  0.07    21  226.3  0.81  227.3  0.83  228.4  0.82   178   189 0.999c  31.4     47 C84F
27.01.2023 09:07:58  *01n 20 100TL 4  408.9  0.44   181  297.4  0.09    27  226.2  0.80  227.2  0.79  228.3  0.79   209   193 1.000  31.4     48 7B79
27.01.2023 09:08:18  *01n 20 100TL 4  409.0  0.41   169  297.5  0.08    24  226.3  0.83  227.0  0.82  228.2  0.84   193   199 0.999i  31.4     49 92E2
27.01.2023 09:08:38  *01n 20 100TL 4  409.1  0.39   158  297.3  0.08    24  226.2  0.81  227.0  0.83  228.3  0.83   183   207 0.999c  31.5     50 4083
27.01.2023 09:08:59  *01n 20 100TL 4  409.0  0.41   170  297.4  0.10    30  226.6  0.83  226.7  0.83  228.6  0.79   201   212 0.999c  31.5     51 8A07
27.01.2023 09:09:19  *01n 20 100TL 4  409.1  0.44   180  297.4  0.11    32  226.6  0.82  227.3  0.85  228.7  0.85   212   219 1.000  31.5     53 9BC0
27.01.2023 09:09:39  *01n 20 100TL 4  409.0  0.54   222  297.5  0.13    38  226.1  0.85  227.0  0.85  228.3  0.81   260   228 1.000  31.5     54 DAE0
27.01.2023 09:09:59  *01n 20 100TL 4  409.1  0.58   239  297.6  0.13    39  226.5  0.83  227.4  0.86  228.5  0.85   279   238 0.999i  31.6     55 5706
27.01.2023 09:10:19  *01n 20 100TL 4  409.0  0.49   201  297.3  0.13    39  226.6  0.82  227.4  0.81  228.9  0.84   241   238 1.000  31.6     56 CC12
27.01.2023 09:10:39  *01n 20 100TL 4  409.0  0.53   219  297.4  0.13    38  226.6  0.87  227.2  0.87  228.5  0.86   257   247 1.000  31.6     58 74BC
27.01.2023 09:10:59  *01n 20 100TL 4  409.0  0.51   210  297.4  0.13    39  226.7  0.84  227.3  0.88  228.5  0.84   250   248 1.000  31.6     59 FF09
27.01.2023 09:11:19  *01n 20 100TL 4  417.1  0.58   242  297.4  0.15    47  226.8  0.85  227.8  0.83  228.9  0.86   289   254 1.000  31.7     60 B154
27.01.2023 09:11:40  *01n 20 100TL 4  433.8  0.56   244  297.2  0.14    41  226.8  0.86  227.6  0.84  228.6  0.85   285   253 1.000  31.7     62 28FB
27.01.2023 09:12:00  *01n 20 100TL 4  442.3  0.46   205  297.3  0.11    33  226.8  0.89  227.7  0.87  229.0  0.89   239   256 0.999i  31.7     63 CCAE
27.01.2023 09:12:20  *01n 20 100TL 4  469.5  0.41   193  297.3  0.11    33  226.6  0.86  227.6  0.90  228.8  0.85   227   254 0.999i  31.7     65 25FC
27.01.2023 09:12:40  *01n 20 100TL 4  469.2  0.42   199  297.3  0.12    36  226.7  0.90  227.7  0.86  228.9  0.85   236   250 1.000  31.8     66 679C
27.01.2023 09:13:00  *01n 20 100TL 4  469.2  0.48   228  297.4  0.11    35  226.7  0.78  227.7  0.82  228.9  0.81   263   250 1.000  31.8     68 40D1
27.01.2023 09:13:20  *01n 20 100TL 4  450.3  0.46   207  297.3  0.11    33  227.0  0.86  227.9  0.88  228.9  0.86   241   241 1.000  31.8     69 2E76
27.01.2023 09:13:41  *01n 20 100TL 4  459.5  0.44   202  297.4  0.11    35  226.7  0.82  227.7  0.83  228.8  0.85   238   238 0.999c  31.8     70 F1FA
27.01.2023 09:14:01  *01n 20 100TL 4  450.9  0.39   175  297.4  0.08    24  226.6  0.82  227.5  0.84  228.8  0.82   199   233 1.000  31.9     72 5352
27.01.2023 09:14:21  *01n 20 100TL 4  457.1  0.50   228  297.4  0.11    33  227.2  0.83  227.2  0.85  228.7  0.85   262   231 1.000  31.9     73 17A0
27.01.2023 09:14:41  *01n 20 100TL 4  458.6  0.44   202  297.3  0.10    32  226.6  0.83  227.5  0.83  228.5  0.83   234   228 1.000  31.9     74 27B0
27.01.2023 09:15:01  *01n 20 100TL 4  467.8  0.39   186  297.4  0.08    25  226.8  0.89  227.9  0.86  229.0  0.88   212   228 1.000  31.9     76 7178
27.01.2023 09:15:21  *01n 20 100TL 4  467.4  0.42   196  297.4  0.09    25  227.1  0.85  227.4  0.88  228.2  0.86   222   228 0.998i  32.0     77 BD45
27.01.2023 09:15:42  *01n 20 100TL 4  467.3  0.50   234  297.4  0.12    35  226.6  0.85  227.4  0.85  228.7  0.83   270   233 0.999c  32.0     78 B04B
27.01.2023 09:16:02  *01n 20 100TL 4  457.7  0.46   215  297.5  0.10    30  226.8  0.83  227.6  0.83  228.8  0.86   245   231 1.000  32.0     79 BBE4
27.01.2023 09:16:22  *01n 20 100TL 4  457.5  0.40   187  297.4  0.08    25  226.7  0.83  227.6  0.85  228.7  0.86   213   233 1.000  32.0     81 069A
27.01.2023 09:16:42  *01n 20 100TL 4  449.6  0.44   198  297.4  0.11    32  227.2  0.88  227.7  0.86  228.9  0.86   230   236 1.000  32.0     82 2E87
27.01.2023 09:17:02  *01n 20 100TL 4  460.5  0.51   236  297.2  0.13    38  226.8  0.83  227.5  0.83  228.7  0.84   274   239 0.999c  32.1     83 FF74
27.01.2023 09:17:22  *01n 20 100TL 4  462.1  0.45   212  297.5  0.10    32  226.8  0.86  227.6  0.84  228.7  0.82   244   242 1.000  32.1     85 CDB8
27.01.2023 09:17:43  *01n 20 100TL 4  461.5  0.46   215  297.4  0.11    33  227.0  0.87  227.7  0.86  228.7  0.88   248   247 1.000  32.1     86 3D1B
27.01.2023 09:18:03  *01n 20 100TL 4  461.0  0.52   242  297.5  0.14    42  227.0  0.85  227.8  0.86  228.9  0.88   285   251 1.000  32.1     87 C596
27.01.2023 09:18:23  *01n 20 100TL 4  467.1  0.48   224  297.3  0.11    33  226.9  0.87  227.6  0.89  228.8  0.88   257   254 0.999i  32.2     89 C83D
27.01.2023 09:18:41  *01n 20 100TL 4  497.0  0.52   260  297.4  0.16    45  227.1  0.82  227.7  0.82  228.8  0.84   306   257 0.999c  32.2     90 5DD3
27.01.2023 09:19:00  *01n 20 100TL 4  499.0  0.43   218  297.4  0.13    39  227.2  0.87  227.8  0.89  229.0  0.87   257   268 1.000  32.2     92 7569
27.01.2023 09:19:20  *01n 20 100TL 4  498.5  0.46   234  297.3  0.13    38  226.8  0.91  227.7  0.90  228.9  0.88   273   276 1.000  32.2     93 6C72
27.01.2023 09:19:40  *01n 20 100TL 4  508.3  0.46   234  297.0  0.14    41  227.2  0.87  227.9  0.87  229.0  0.86   276   279 1.000  32.2     95 1AA7
27.01.2023 09:20:00  *01n 20 100TL 4  497.8  0.46   233  296.9  0.15    45  226.8  0.87  227.8  0.88  229.1  0.86   279   286 1.000  32.3     96 70D3
27.01.2023 09:20:21  *01n 20 100TL 4  495.5  0.57   282  297.4  0.17    51  226.7  0.90  227.7  0.86  228.9  0.89   334   294 0.999c  32.3     98 C7A0
27.01.2023 09:20:41  *01n 20 100TL 4  508.4  0.57   294  297.4  0.20    59  226.6  0.83  227.6  0.84  228.9  0.85   354   302 1.000  32.3    100 057E
27.01.2023 09:21:01  *01n 20 100TL 4  486.6  0.53   262  297.4  0.16    48  226.7  0.90  227.5  0.93  228.7  0.90   311   308 1.000  32.3    101 E29B
27.01.2023 09:21:21  *01n 20 100TL 4  477.5  0.60   289  297.4  0.18    53  226.7  0.93  227.7  0.93  228.9  0.91   343   320 0.999i  32.4    103 1C07
27.01.2023 09:21:41  *01n 20 100TL 4  476.7  0.65   309  297.3  0.22    65  226.5  0.89  227.6  0.87  228.8  0.91   375   328 1.000  32.4    105 A01A
27.01.2023 09:22:01  *01n 20 100TL 4  457.8  0.54   248  297.3  0.18    54  226.7  0.93  227.7  0.93  229.0  0.93   303   331 1.000  32.4    107 C35B
27.01.2023 09:22:21  *01n 20 100TL 4  457.5  0.53   242  297.3  0.16    47  226.7  0.93  227.6  0.94  228.9  0.93   289   334 1.000  32.4    109 114A
27.01.2023 09:22:41  *01n 20 100TL 4  466.0  0.52   244  297.4  0.18    53  226.9  0.93  227.9  0.93  229.2  0.92   297   340 1.000  32.4    110 EF18
27.01.2023 09:23:01  *01n 20 100TL 4  466.2  0.66   308  297.4  0.20    59  226.7  0.93  227.9  0.94  229.1  0.92   367   341 1.000  32.5    112 566F
27.01.2023 09:23:21  *01n 20 100TL 4  475.3  0.66   315  297.4  0.21    61  226.7  0.95  227.8  0.96  229.0  0.96   376   341 1.000  32.5    114 3851
27.01.2023 09:23:41  *01n 20 100TL 4  475.1  0.57   276  297.4  0.19    57  226.8  0.93  228.0  0.93  229.0  0.92   334   338 1.000  32.5    116 E8C6
27.01.2023 09:24:01  *01n 20 100TL 4  465.7  0.60   282  297.4  0.18    56  226.8  0.93  227.8  0.95  229.0  0.94   338   335 1.000  32.5    118 723C
27.01.2023 09:24:21  *01n 20 100TL 4  465.4  0.65   308  297.3  0.20    59  226.7  0.88  227.8  0.84  229.0  0.90   367   331 1.000  32.6    120 654A
27.01.2023 09:24:41  *01n 20 100TL 4  474.6  0.51   244  297.3  0.17    51  227.0  0.96  227.8  0.98  229.1  0.94   296   332 1.000  32.5    122 35FD
27.01.2023 09:25:01  *01n 20 100TL 4  474.0  0.54   257  297.4  0.17    51  226.9  0.90  227.7  0.89  229.0  0.93   309   329 1.000  32.6    124 14C2
27.01.2023 09:25:21  *01n 20 100TL 4  464.9  0.65   303  297.5  0.21    62  226.6  0.89  227.6  0.90  228.9  0.87   366   332 1.000  32.6    125 CB66
27.01.2023 09:25:41  *01n 20 100TL 4  473.8  0.54   257  297.4  0.19    56  226.6  0.95  227.6  0.94  228.9  0.96   314   337 1.000  32.6    127 BA84
27.01.2023 09:26:01  *01n 20 100TL 4  473.7  0.63   302  297.5  0.19    57  227.0  0.89  227.8  0.90  229.0  0.90   360   334 1.000  32.7    129 3461
27.01.2023 09:26:21  *01n 20 100TL 4  463.9  0.69   321  297.4  0.21    64  226.9  0.94  227.8  0.94  228.9  0.96   386   340 1.000  32.7    131 1DDC
27.01.2023 09:26:41  *01n 20 100TL 4  473.1  0.67   317  297.4  0.24    71  226.9  0.93  227.8  0.92  229.1  0.94   389   349 1.000  32.7    133 6468
27.01.2023 09:27:02  *01n 20 100TL 4  473.4  0.57   276  297.5  0.19    56  227.0  0.90  227.8  0.90  228.9  0.93   332   347 1.000  32.7    135 D389
27.01.2023 09:27:22  *01n 20 100TL 4  463.4  0.60   280  297.4  0.21    64  227.0  0.88  227.9  0.86  229.0  0.89   344   350 1.000  32.7    137 DAD8
27.01.2023 09:27:42  *01n 20 100TL 4  472.7  0.57   271  297.4  0.20    59  227.2  0.98  228.0  0.98  229.2  0.95   331   357 1.000  32.7    139 1501
27.01.2023 09:28:02  *01n 20 100TL 4  462.8  0.72   332  297.4  0.23    68  227.7  0.88  227.4  0.88  229.0  0.90   401   358 1.000  32.8    141 0786
27.01.2023 09:28:22  *01n 20 100TL 4  471.9  0.73   347  297.4  0.26    77  227.1  0.96  227.9  0.97  228.9  0.97   425   367 1.000  32.8    143 615B
27.01.2023 09:28:42  *01n 20 100TL 4  471.4  0.72   344  297.5  0.24    71  227.2  0.97  227.9  0.97  228.8  0.95   416   369 1.000  32.8    145 251A
27.01.2023 09:29:02  *01n 20 100TL 4  480.7  0.71   344  297.3  0.24    71  227.2  0.91  228.2  0.93  229.1  0.90   416   369 1.000  32.8    147 A74D
27.01.2023 09:29:22  *01n 20 100TL 4  479.7  0.74   354  297.4  0.28    83  227.3  0.96  228.3  0.95  229.2  0.97   437   375 1.000  32.8    149 DA80
27.01.2023 09:29:42  *01n 20 100TL 4  481.1  0.70   340  297.3  0.24    71  226.9  0.99  228.0  0.99  229.0  0.96   411   375 1.000  32.8    151 8F5E
27.01.2023 09:30:02  *01n 20 100TL 4  480.6  0.66   320  297.2  0.24    71  227.3  1.01  228.3  1.00  229.3  0.98   392   373 1.000  32.9    153 A747
27.01.2023 09:30:22  *01n 20 100TL 4  479.7  0.70   340  297.3  0.27    80  228.0  0.94  228.0  0.93  229.6  0.89   421   375 1.000  32.9    155 4099
27.01.2023 09:30:42  *01n 20 100TL 4  470.5  0.67   314  297.3  0.21    64  227.4  0.92  228.3  0.92  229.4  0.92   378   376 1.000  32.9    157 BD5C
27.01.2023 09:31:02  *01n 20 100TL 4  470.0  0.73   346  297.5  0.25    74  227.5  0.92  228.3  0.90  229.3  0.93   421   378 1.000  32.9    159 184D
27.01.2023 09:31:22  *01n 20 100TL 4  469.8  0.75   354  297.4  0.27    82  227.5  0.98  228.5  0.98  229.5  0.97   436   383 1.000  32.9    162 722B
27.01.2023 09:31:42  *01n 20 100TL 4  469.7  0.78   366  297.3  0.25    76  227.4  0.96  228.3  0.96  229.3  0.97   442   381 1.000  33.0    164 042A
27.01.2023 09:32:02  *01n 20 100TL 4  478.5  0.62   299  297.5  0.23    68  227.2  0.94  227.8  0.94  229.3  0.96   367   376 1.000  33.0    166 7F36
27.01.2023 09:32:22  *01n 20 100TL 4  469.1  0.71   335  297.6  0.26    79  227.2  0.95  228.3  0.92  229.0  0.91   415   375 1.000  33.0    168 EF12
27.01.2023 09:32:42  *01n 20 100TL 4  478.3  0.75   363  297.4  0.25    74  227.2  0.91  228.1  0.91  229.1  0.94   437   376 1.000  33.0    170 B5CD
27.01.2023 09:33:02  *01n 20 100TL 4  468.4  0.61   289  297.3  0.22    67  227.2  0.99  228.1  0.99  229.1  1.00   357   379 1.000  33.0    172 7425
27.01.2023 09:33:22  *01n 20 100TL 4  477.7  0.64   306  297.2  0.24    71  226.8  0.93  227.7  0.93  228.9  0.92   378   375 1.000  33.0    174 9E31
27.01.2023 09:33:43  *01n 20 100TL 4  468.0  0.73   341  297.3  0.25    73  226.8  0.96  227.8  0.94  228.9  0.96   415   379 1.000  33.1    176 C753
27.01.2023 09:34:03  *01n 20 100TL 4  467.9  0.72   335  297.4  0.26    77  227.0  0.93  227.7  0.93  228.8  0.93   413   378 1.000  33.1    178 6E97
27.01.2023 09:34:23  *01n 20 100TL 4  467.9  0.75   350  297.4  0.24    73  226.7  0.96  227.8  0.97  229.0  0.97   424   383 1.000  33.1    180 8199
27.01.2023 09:34:43  *01n 20 100TL 4  476.6  0.71   341  297.4  0.26    77  227.2  0.96  227.8  0.99  229.0  0.95   419   383 1.000  33.1    183 C79A
27.01.2023 09:35:03  *01n 20 100TL 4  467.0  0.67   314  297.3  0.24    71  227.0  0.93  227.7  0.93  229.0  0.93   386   379 1.000  33.1    185 5C1E
27.01.2023 09:35:23  *01n 20 100TL 4  476.3  0.66   314  297.4  0.22    67  226.9  0.96  227.8  0.97  229.1  0.97   381   387 1.000  33.1    187 7FC1
27.01.2023 09:35:43  *01n 20 100TL 4  476.1  0.74   352  297.4  0.27    82  226.9  0.97  227.7  0.94  229.0  0.96   434   386 1.000  33.2    189 751F
27.01.2023 09:36:03  *01n 20 100TL 4  475.7  0.72   347  297.4  0.25    74  227.0  1.01  227.6  1.00  228.9  1.01   422   389 1.000  33.2    191 9B81
27.01.2023 09:36:23  *01n 20 100TL 4  475.5  0.70   335  297.4  0.25    74  227.0  0.94  227.6  0.93  229.0  0.94   410   384 1.000  33.2    193 55A3
27.01.2023 09:36:43  *01n 20 100TL 4  475.3  0.77   367  297.3  0.29    86  226.9  0.98  227.6  1.00  228.9  0.99   454   392 1.000  33.2    196 899A
27.01.2023 09:37:03  *01n 20 100TL 4  484.7  0.58   282  297.3  0.21    61  226.8  0.94  227.7  0.92  229.0  0.91   343   384 0.999c  33.2    198 2873
27.01.2023 09:37:23  *01n 20 100TL 4  474.8  0.68   323  297.5  0.23    68  226.9  0.95  227.6  0.96  228.8  0.97   392   389 1.000  33.2    200 9C64
27.01.2023 09:37:43  *01n 20 100TL 4  474.5  0.72   343  297.4  0.28    83  226.5  0.95  227.5  0.94  228.7  0.96   427   389 1.000  33.3    202 9235
27.01.2023 09:38:03  *01n 20 100TL 4  475.8  0.69   329  297.3  0.23    68  226.7  0.96  227.2  0.93  228.9  0.93   398   387 1.000  33.3    204 4334
27.01.2023 09:38:23  *01n 20 100TL 4  474.1  0.72   344  297.4  0.27    80  226.6  0.97  227.2  0.96  228.8  1.00   425   395 1.000  33.3    206 9F7E
27.01.2023 09:38:43  *01n 20 100TL 4  473.9  0.73   347  297.4  0.25    76  226.3  0.93  227.0  0.93  228.4  0.95   424   390 1.000  33.3    209 2394
27.01.2023 09:39:03  *01n 20 100TL 4  473.5  0.65   309  297.4  0.22    67  226.2  1.01  226.9  0.99  228.5  1.00   376   395 0.999i  33.3    211 A0B6
27.01.2023 09:39:23  *01n 20 100TL 4  473.3  0.78   372  297.5  0.29    86  226.1  0.95  227.1  0.96  228.3  0.96   459   393 1.000  33.3    213 0384
27.01.2023 09:39:43  *01n 20 100TL 4  473.8  0.65   312  297.4  0.23    70  226.4  1.02  227.2  1.01  228.6  0.99   383   395 1.000  33.3    215 CA5F
27.01.2023 09:40:03  *01n 20 100TL 4  480.1  0.74   358  297.3  0.28    82  226.4  0.88  227.2  0.88  228.6  0.89   440   390 1.000  33.4    217 932E
27.01.2023 09:40:24  *01n 20 100TL 4  469.4  0.73   343  297.4  0.27    80  226.6  1.00  227.3  0.98  228.8  0.98   424   395 1.000  33.4    220 17E9
27.01.2023 09:40:44  *01n 20 100TL 4  472.3  0.65   309  297.3  0.21    65  226.3  0.95  227.1  0.94  228.3  0.92   375   393 1.000  33.4    222 0090
27.01.2023 09:41:04  *01n 20 100TL 4  472.1  0.65   306  297.2  0.24    71  226.6  0.97  227.4  0.96  228.6  0.97   378   390 1.000  33.4    224 54DE
27.01.2023 09:41:24  *01n 20 100TL 4  471.9  0.65   309  297.4  0.22    67  226.1  1.01  226.9  1.01  228.3  1.01   376   392 1.000  33.4    226 315C
27.01.2023 09:41:44  *01n 20 100TL 4  472.9  0.60   283  297.3  0.20    61  227.2  1.03  226.1  1.01  228.3  1.01   344   390 1.000  33.4    228 D3FC
27.01.2023 09:42:04  *01n 20 100TL 4  474.2  0.75   355  297.4  0.28    85  226.1  1.01  226.9  1.01  228.2  1.00   440   392 1.000  33.4    230 DAB1
27.01.2023 09:42:24  *01n 20 100TL 4  475.0  0.70   335  297.4  0.24    70  226.2  1.03  227.0  1.03  228.3  1.01   405   393 1.000  33.4    233 E9A7
27.01.2023 09:42:44  *01n 20 100TL 4  475.2  0.64   303  297.4  0.21    65  226.2  0.97  226.8  0.97  228.1  0.98   369   393 1.000  33.5    235 1BC6
27.01.2023 09:43:04  *01n 20 100TL 4  470.8  0.63   302  297.5  0.23    68  226.6  1.00  226.4  1.01  228.0  1.01   370   396 1.000  33.5    237 43CF
27.01.2023 09:43:24  *01n 20 100TL 4  480.1  0.67   323  297.3  0.23    68  226.1  0.97  227.0  0.95  228.1  0.95   392   399 1.000  33.5    239 AA4A
27.01.2023 09:43:44  *01n 20 100TL 4  500.9  0.76   384  297.4  0.29    88  226.1  1.03  227.1  1.02  228.2  1.03   473   407 1.000  33.5    241 2910
27.01.2023 09:44:04  *01n 20 100TL 4  512.3  0.66   340  297.2  0.24    71  226.2  1.00  227.2  1.01  228.5  1.00   411   408 1.000  33.5    244 5850
27.01.2023 09:44:24  *01n 20 100TL 4  504.5  0.67   338  297.4  0.25    76  226.4  0.94  227.4  0.94  228.8  0.95   415   410 1.000  33.5    246 8FA2
27.01.2023 09:44:44  *01n 20 100TL 4  493.8  0.66   331  297.4  0.26    79  226.5  1.03  227.6  1.01  228.8  1.02   410   415 1.000  33.5    248 FF0F
27.01.2023 09:45:04  *01n 20 100TL 4  508.4  0.69   354  297.3  0.25    74  226.2  1.02  227.5  1.01  228.5  1.03   428   422 1.000  33.5    251 C5B9
27.01.2023 09:45:24  *01n 20 100TL 4  498.2  0.65   325  297.3  0.26    77  226.5  1.03  227.7  1.02  228.8  1.04   402   422 1.000  33.6    253 1707
27.01.2023 09:45:44  *01n 20 100TL 4  500.3  0.75   376  297.4  0.28    82  226.5  0.93  227.5  0.92  228.6  0.93   459   425 1.000  33.6    255 A869
27.01.2023 09:46:04  *01n 20 100TL 4  493.4  0.78   387  297.3  0.28    86  226.6  1.03  227.8  1.02  228.8  1.01   474   433 1.000  33.6    258 6C1A
27.01.2023 09:46:24  *01n 20 100TL 4  493.0  0.76   378  297.5  0.31    93  226.4  0.95  227.6  0.94  228.7  0.98   471   434 1.000  33.6    260 DD50
27.01.2023 09:46:45  *01n 20 100TL 4  482.8  0.65   318  297.4  0.23    68  226.4  1.00  227.5  0.99  228.8  0.96   387   439 1.000  33.6    263 7138
27.01.2023 09:47:05  *01n 20 100TL 4  482.2  0.81   392  297.1  0.31    93  226.6  1.03  227.7  1.01  228.8  1.03   485   450 1.000  33.6    265 FF4D
27.01.2023 09:47:25  *01n 20 100TL 4  482.0  0.83   401  297.3  0.31    91  226.6  1.10  227.7  1.08  228.8  1.06   492   453 1.000  33.6    268 06B0
27.01.2023 09:47:45  *01n 20 100TL 4  483.9  0.85   411  297.2  0.32    96  226.6  1.03  227.7  1.00  228.8  1.00   508   454 1.000  33.7    270 A9F3
27.01.2023 09:48:05  *01n 20 100TL 4  472.9  0.76   363  297.5  0.31    91  226.8  1.05  227.0  1.02  229.0  1.04   454   460 1.000  33.7    272 1C50
27.01.2023 09:48:25  *01n 20 100TL 4  472.4  0.81   386  297.6  0.29    88  226.5  0.95  227.6  0.96  228.7  0.93   474   462 1.000  33.7    275 8E2D
27.01.2023 09:48:45  *01n 20 100TL 4  489.5  0.80   396  297.5  0.33    99  226.5  1.02  227.5  1.01  228.5  1.00   495   468 1.000  33.7    278 EDD2
27.01.2023 09:49:05  *01n 20 100TL 4  480.9  0.68   329  297.4  0.26    79  226.7  1.09  227.7  1.10  228.7  1.12   408   480 1.000  33.7    280 B37C
27.01.2023 09:49:25  *01n 20 100TL 4  480.0  0.79   378  297.4  0.30    88  226.6  1.05  227.2  1.06  228.6  1.07   466   485 1.000  33.7    283 4685
27.01.2023 09:49:45  *01n 20 100TL 4  479.7  0.79   383  297.4  0.32    97  226.4  1.03  227.6  1.03  228.6  1.00   480   489 1.000  33.7    286 1D77
27.01.2023 09:50:05  *01n 20 100TL 4  487.7  0.91   444  297.5  0.35   103  226.6  1.06  227.8  1.03  228.9  1.01   547   495 1.000  33.7    289 F99C
27.01.2023 09:50:25  *01n 20 100TL 4  480.3  0.81   392  297.2  0.34   102  226.9  1.02  228.0  1.01  229.0  1.04   494   506 1.000  33.8    291 76A5
27.01.2023 09:50:45  *01n 20 100TL 4  479.6  0.79   381  297.3  0.32    96  227.6  1.14  227.9  1.14  228.2  1.12   477   517 1.000  33.8    294 CA84
27.01.2023 09:51:05  *01n 20 100TL 4  498.3  0.74   372  297.4  0.30    88  226.9  1.06  228.0  1.04  229.0  1.02   460   524 1.000  33.8    297 42A6
27.01.2023 09:51:25  *01n 20 100TL 4  508.3  0.88   453  297.4  0.39   115  226.9  1.05  227.9  1.04  229.1  1.04   569   541 1.000  33.8    300 1ED6
27.01.2023 09:51:45  *01n 20 100TL 4  507.9  0.97   494  297.4  0.40   120  227.1  1.11  228.1  1.08  229.2  1.08   614   550 1.000  33.8    303 7251
27.01.2023 09:52:05  *01n 20 100TL 4  497.7  0.88   440  297.4  0.38   112  227.2  1.16  228.0  1.16  229.3  1.15   553   567 1.000  33.8    306 C80C
27.01.2023 09:52:26  *01n 20 100TL 4  517.0  0.92   479  297.7  0.40   120  227.1  1.17  227.9  1.13  229.2  1.12   599   576 1.000  33.8    309 7F09
27.01.2023 09:52:46  *01n 20 100TL 4  497.1  1.01   500  297.5  0.45   135  227.1  1.22  227.9  1.22  229.2  1.22   636   592 1.000  33.8    313 8A7E
27.01.2023 09:53:06  *01n 20 100TL 4  507.1  0.99   503  297.4  0.44   132  227.1  1.18  228.0  1.19  229.3  1.17   636   613 1.000  33.8    316 3079
27.01.2023 09:53:26  *01n 20 100TL 4  506.8  0.96   486  297.5  0.42   126  227.4  1.24  228.3  1.23  229.5  1.22   613   627 1.000  33.9    320 B3DF
27.01.2023 09:53:46  *01n 20 100TL 4  496.3  1.08   537  297.4  0.50   149  227.4  1.16  228.4  1.14  229.8  1.17   686   637 1.000  33.9    323 9D7B
27.01.2023 09:54:06  *01n 20 100TL 4  505.7  1.08   547  297.3  0.53   158  227.1  1.22  228.3  1.19  229.6  1.21   706   659 1.000  33.9    327 7072
27.01.2023 09:54:26  *01n 20 100TL 4  515.0  0.94   489  297.3  0.46   138  227.4  1.30  228.0  1.27  229.5  1.26   628   666 1.000  33.9    330 FF84
27.01.2023 09:54:46  *01n 20 100TL 4  505.1  1.10   556  297.4  0.52   155  227.6  1.27  228.5  1.23  229.6  1.23   712   683 1.000  33.9    334 C7EA
27.01.2023 09:55:06  *01n 20 100TL 4  505.1  1.07   541  297.3  0.50   148  227.6  1.25  228.4  1.23  229.5  1.21   689   694 1.000  33.9    338 6B14
27.01.2023 09:55:26  *01n 20 100TL 4  504.8  1.12   569  297.4  0.57   169  227.5  1.29  228.3  1.27  229.4  1.26   738   701 1.000  34.0    342 C422
27.01.2023 09:55:46  *01n 20 100TL 4  514.5  1.11   575  297.5  0.55   164  226.5  1.29  228.7  1.26  229.6  1.26   740   701 1.000  34.0    346 91F4
27.01.2023 09:56:06  *01n 20 100TL 4  504.2  1.11   560  297.4  0.53   160  226.4  1.24  228.5  1.21  229.4  1.22   720   698 1.000  34.0    350 B445
27.01.2023 09:56:26  *01n 20 100TL 4  514.1  1.08   560  297.1  0.57   170  226.6  1.23  228.8  1.22  229.7  1.22   730   694 1.000  34.0    353 957A
27.01.2023 09:56:46  *01n 20 100TL 4  504.5  1.08   546  297.3  0.53   158  226.6  1.29  228.7  1.28  229.7  1.26   704   682 1.000  34.0    357 F0E2
27.01.2023 09:57:06  *01n 20 100TL 4  514.2  1.05   540  297.3  0.57   170  226.4  1.23  228.6  1.21  229.7  1.20   711   677 1.000  34.0    361 9676
27.01.2023 09:57:26  *01n 20 100TL 4  513.8  0.99   511  297.3  0.51   152  226.4  1.28  228.5  1.28  229.6  1.27   663   668 1.000  34.0    365 9E10
27.01.2023 09:57:46  *01n 20 100TL 4  513.0  0.97   502  297.3  0.51   152  227.2  1.28  228.4  1.28  229.7  1.27   654   660 1.000  34.0    369 E05E
27.01.2023 09:58:06  *01n 20 100TL 4  512.9  0.97   498  297.3  0.53   158  226.6  1.28  228.8  1.26  229.8  1.27   657   653 1.000  34.0    372 C807
27.01.2023 09:58:26  *01n 20 100TL 4  512.8  0.97   498  297.3  0.50   149  227.0  1.28  228.8  1.27  229.7  1.25   648   648 1.000  34.0    376 A3C3
27.01.2023 09:58:46  *01n 20 100TL 4  492.7  0.99   488  297.3  0.53   160  226.7  1.16  228.5  1.15  229.6  1.15   648   654 1.000  34.0    380 CD97
27.01.2023 09:59:07  *01n 20 100TL 4  501.1  1.08   544  297.5  0.54   163  227.9  1.26  228.4  1.26  229.7  1.25   708   665 1.000  34.0    383 BE8D
27.01.2023 09:59:27  *01n 20 100TL 4  492.5  1.07   531  297.3  0.56   167  227.7  1.22  228.0  1.18  229.4  1.20   698   659 1.000  34.1    387 BE3A
27.01.2023 09:59:47  *01n 20 100TL 4  492.2  1.01   497  297.3  0.49   146  227.8  1.17  227.7  1.16  229.5  1.14   643   653 1.000  34.1    390 3C64
27.01.2023 10:00:07  *01n 20 100TL 4  501.1  0.97   486  297.4  0.49   144  227.7  1.28  228.3  1.26  229.5  1.24   631   654 1.000  34.1    394 AF09
27.01.2023 10:00:27  *01n 20 100TL 4  491.4  1.10   543  297.4  0.58   172  227.5  1.20  227.8  1.20  228.9  1.21   715   665 1.000  34.1    398 A558
27.01.2023 10:00:47  *01n 20 100TL 4  490.7  1.16   570  297.4  0.59   175  227.3  1.22  227.9  1.22  229.1  1.20   746   695 1.000  34.1    402 BA47
27.01.2023 10:01:07  *01n 20 100TL 4  490.0  1.08   532  297.6  0.58   172  227.3  1.33  228.1  1.31  229.3  1.33   704   698 1.000  34.1    405 092C
27.01.2023 10:01:27  *01n 20 100TL 4  499.8  1.05   529  297.4  0.53   157  227.3  1.25  228.0  1.24  229.1  1.23   686   709 1.000  34.1    409 F377
27.01.2023 10:01:47  *01n 20 100TL 4  500.3  1.08   543  297.4  0.57   172  227.2  1.30  228.0  1.28  229.2  1.27   715   733 1.000  34.1    413 25C8
27.01.2023 10:02:07  *01n 20 100TL 4  509.4  1.10   564  297.5  0.64   192  227.4  1.29  228.3  1.29  229.3  1.27   756   761 1.000  34.2    418 0A98
27.01.2023 10:02:27  *01n 20 100TL 4  499.3  1.17   585  297.4  0.69   205  227.3  1.44  228.2  1.45  229.5  1.43   791   810 1.000  34.2    422 DF73
27.01.2023 10:02:47  *01n 20 100TL 4  498.6  1.37   686  294.9  1.15   338  227.4  1.61  228.0  1.60  229.4  1.56  1025   949 1.000  34.2    427 FBF6
27.01.2023 10:03:07  *01n 20 100TL 4  489.8  1.59   781  284.9  1.45   411  227.6  1.87  228.2  1.85  229.7  1.85  1193  1115 1.000  34.2    433 3B92
27.01.2023 10:03:27  *01n 20 100TL 4  471.1  1.77   834  295.7  1.69   502  228.0  1.85  228.1  1.81  229.2  1.82  1336  1254 1.000  34.2    439 8D44
27.01.2023 10:03:47  *01n 20 100TL 4  439.9  1.77   781  303.2  1.23   375  227.8  1.92  228.5  1.90  229.9  1.87  1156  1197 1.000  34.2    446 1BC8
27.01.2023 10:04:07  *01n 20 100TL 4  459.6  1.71   788  312.0  1.25   392  228.2  1.92  228.1  1.90  230.4  1.87  1181  1116 1.000  34.2    452 CF0B
27.01.2023 10:04:27  *01n 20 100TL 4  468.9  1.53   721  308.9  1.24   386  227.8  1.84  228.5  1.84  230.2  1.79  1107  1104 1.000  34.2    458 D871
27.01.2023 10:04:47  *01n 20 100TL 4  477.0  1.44   692  307.8  1.15   352  228.1  1.70  228.5  1.66  230.3  1.66  1045  1052 1.000  34.3    465 8B65
27.01.2023 10:05:07  *01n 20 100TL 4  450.2  2.18   984  306.0  1.87   573  228.1  2.36  228.5  2.32  230.2  2.32  1557  1570 1.000  34.3    472 BFB7
27.01.2023 10:05:27  *01n 20 100TL 4  439.6  1.66   733  315.7  1.07   338  228.5  1.65  228.0  1.63  229.8  1.62  1072  1029 1.000  34.3    479 19AC
27.01.2023 10:05:48  *01n 20 100TL 4  440.8  2.27  1004  322.5  1.97   636  227.9  2.48  228.5  2.45  230.2  2.46  1640  1657 1.000  34.3    487 C8D9
27.01.2023 10:06:08  *01n 20 100TL 4  432.5  2.02   874  320.0  1.48   474  228.0  2.05  228.5  2.02  229.9  2.02  1348  1304 1.000  34.3    496 BB18
27.01.2023 10:06:28  *01n 20 100TL 4  413.9  1.92   798  336.3  1.19   402  227.9  1.94  228.3  1.92  229.7  1.91  1200  1203 1.000  34.3    502 9061
27.01.2023 10:06:48  *01n 20 100TL 4  404.7  1.23   498  349.4  0.65   227  227.7  1.24  228.3  1.22  229.9  1.19   726   683 1.000  34.3    507 54C1
27.01.2023 10:07:08  *01n 20 100TL 4  397.1  1.10   439  357.6  0.50   178  227.4  1.16  228.2  1.16  229.6  1.16   617   634 1.000  34.4    511 EBD4
27.01.2023 10:07:28  *01n 20 100TL 4  389.8  1.01   392  345.0  0.47   163  227.4  1.08  227.9  1.06  229.3  1.07   555   544 1.000  34.4    514 04E2
27.01.2023 10:07:48  *01n 20 100TL 4  389.6  1.13   440  325.0  0.50   164  227.5  1.11  228.0  1.10  229.6  1.09   590   553 1.000  34.4    518 2CFB
27.01.2023 10:08:08  *01n 20 100TL 4  382.0  1.10   421  305.7  0.50   154  227.5  1.04  228.1  1.03  229.5  1.02   575   532 1.000  34.4    520 FDA6
27.01.2023 10:08:28  *01n 20 100TL 4  381.7  0.95   363  297.6  0.40   120  227.3  1.12  228.1  1.10  229.5  1.12   483   503 1.000  34.4    523 0715
27.01.2023 10:08:48  *01n 20 100TL 4  381.3  0.89   338  297.3  0.36   106  227.4  1.04  228.2  1.01  229.4  1.01   445   482 1.000  34.4    526 54F2
27.01.2023 10:09:08  *01n 20 100TL 4  381.2  0.82   312  297.3  0.34   102  227.3  0.97  227.9  0.97  229.4  0.97   415   434 1.000  34.4    529 F45C
27.01.2023 10:09:28  *01n 20 100TL 4  382.5  0.97   375  297.5  0.38   115  227.3  1.03  228.1  1.00  229.4  1.04   491   498 1.000  34.4    531 B8DE
27.01.2023 10:09:48  *01n 20 100TL 4  385.2  0.88   340  297.1  0.36   108  227.3  0.93  227.9  0.92  229.3  0.95   448   439 1.000  34.4    534 30D7
27.01.2023 10:10:08  *01n 20 100TL 4  388.3  0.80   314  297.3  0.30    88  227.2  0.98  227.8  0.97  229.1  0.99   402   421 1.000  34.4    536 E0CD
27.01.2023 10:10:28  *01n 20 100TL 4  395.9  0.76   305  297.4  0.31    94  227.2  1.01  227.8  0.99  229.1  1.01   399   418 1.000  34.5    539 8A40
27.01.2023 10:10:48  *01n 20 100TL 4  404.0  0.72   291  297.4  0.28    83  227.2  0.99  227.8  0.97  229.0  0.97   375   416 1.000  34.5    541 D31D
27.01.2023 10:11:08  *01n 20 100TL 4  409.9  0.77   318  297.4  0.29    85  227.8  1.05  228.0  1.03  229.4  1.02   404   421 1.000  34.5    543 20F2
27.01.2023 10:11:28  *01n 20 100TL 4  414.6  0.75   311  297.5  0.34   102  227.6  1.05  228.1  1.04  229.6  1.04   413   430 1.000  34.5    546 D0A1
27.01.2023 10:11:48  *01n 20 100TL 4  432.0  0.86   370  297.5  0.36   106  227.5  1.08  228.2  1.09  229.4  1.08   477   456 1.000  34.5    548 843E
27.01.2023 10:12:09  *01n 20 100TL 4  440.8  0.82   360  297.4  0.39   117  227.5  1.06  228.2  1.03  229.5  1.04   477   448 1.000  34.5    551 529E
27.01.2023 10:12:29  *01n 20 100TL 4  463.4  0.78   364  297.6  0.37   111  227.4  0.99  228.2  0.97  229.3  0.97   459   479 1.000  34.5    553 E20B
27.01.2023 10:12:49  *01n 20 100TL 4  461.9  0.96   445  297.6  0.52   155  227.6  1.08  228.2  1.06  229.5  1.07   601   535 1.000  34.5    556 4182
27.01.2023 10:13:09  *01n 20 100TL 4  469.5  1.04   489  297.6  0.55   163  227.7  1.18  228.1  1.18  229.3  1.19   653   625 1.000  34.5    559 6533
27.01.2023 10:13:29  *01n 20 100TL 4  479.0  1.26   605  309.4  0.95   294  227.8  1.63  228.2  1.61  229.7  1.61   900   923 1.000  34.5    564 9BA8
27.01.2023 10:13:49  *01n 20 100TL 4  485.1  1.03   502  309.5  0.59   181  228.2  1.31  228.2  1.33  229.0  1.30   683   700 1.000  34.5    568 3A33
27.01.2023 10:14:09  *01n 20 100TL 4  484.4  1.17   567  327.1  0.69   225  228.6  1.35  228.1  1.33  229.6  1.34   793   804 1.000  34.6    572 0804
27.01.2023 10:14:29  *01n 20 100TL 4  504.8  1.82   921  322.0  2.34   756  228.3  2.46  228.7  2.45  230.2  2.44  1678  1664 1.000  34.6    578 5C59
27.01.2023 10:14:49  *01n 20 100TL 4  520.5  1.26   656  322.3  0.76   245  228.3  1.53  228.8  1.53  230.0  1.49   901   860 1.000  34.6    585 362B
27.01.2023 10:15:09  *01n 20 100TL 4  509.6  1.30   666  328.6  0.76   253  228.3  1.47  228.9  1.43  230.3  1.40   920   845 1.000  34.6    589 56F5
27.01.2023 10:15:29  *01n 20 100TL 4  512.0  1.31   674  340.6  0.72   248  228.3  1.45  228.8  1.44  230.2  1.41   923   863 1.000  34.6    594 01C0
27.01.2023 10:15:49  *01n 20 100TL 4  495.8  1.34   669  361.4  0.72   262  228.2  1.48  228.4  1.46  229.9  1.44   932   886 1.000  34.6    599 7212
27.01.2023 10:16:09  *01n 20 100TL 4  505.0  1.37   694  369.3  0.75   279  228.4  1.55  228.9  1.53  230.4  1.51   973   920 1.000  34.6    604 D3CA
27.01.2023 10:16:29  *01n 20 100TL 4  504.5  1.42   721  391.8  0.81   318  228.4  1.52  229.3  1.50  230.6  1.49  1040   976 1.000  34.6    610 2A72
27.01.2023 10:16:49  *01n 20 100TL 4  513.6  1.43   733  383.9  1.24   479  228.4  2.01  229.1  1.98  230.3  1.95  1213  1187 1.000  34.6    616 2004
27.01.2023 10:17:09  *01n 20 100TL 4  489.9  1.38   679  369.4  0.87   320  228.4  1.58  229.2  1.55  230.4  1.54   999  1023 1.000  34.7    623 9C86
27.01.2023 10:17:29  *01n 20 100TL 4  491.1  1.48   730  382.8  0.83   320  228.6  1.65  229.3  1.61  230.4  1.59  1051   982 1.000  34.7    628 95AA
27.01.2023 10:17:49  *01n 20 100TL 4  502.0  1.51   759  398.7  0.81   326  228.8  1.81  229.3  1.78  230.4  1.75  1086  1034 1.000  34.7    634 F028
27.01.2023 10:18:09  *01n 20 100TL 4  513.5  1.34   692  414.6  0.83   344  228.7  1.83  229.4  1.82  230.6  1.80  1037  1087 1.000  34.7    640 8F0F
27.01.2023 10:18:30  *01n 20 100TL 4  513.0  1.48   761  414.4  0.89   372  228.6  1.81  229.3  1.79  230.6  1.79  1133  1123 1.000  34.7    646 5410
27.01.2023 10:18:50  *01n 20 100TL 4  522.1  1.57   822  440.1  0.97   427  228.6  1.98  229.4  1.96  230.8  1.95  1249  1164 1.000  34.7    653 E74A
27.01.2023 10:19:10  *01n 20 100TL 4  521.6  1.36   711  456.3  0.87   401  228.8  1.85  229.4  1.85  230.8  1.80  1112  1149 1.000  34.7    659 7192
27.01.2023 10:19:30  *01n 20 100TL 4  510.0  1.41   721  465.8  0.77   358  228.8  1.81  229.2  1.81  231.0  1.79  1080  1080 1.000  34.7    665 5CB9
27.01.2023 10:19:50  *01n 20 100TL 4  500.6  1.53   767  466.2  0.75   350  228.5  1.75  229.3  1.72  230.8  1.72  1118  1045 1.000  34.7    671 2419
27.01.2023 10:20:10  *01n 20 100TL 4  500.5  1.38   691  457.0  0.66   303  228.5  1.65  228.9  1.62  230.8  1.58   994  1022 1.000  34.7    676 39D2
27.01.2023 10:20:30  *01n 20 100TL 4  501.1  1.31   657  456.5  0.66   303  228.6  1.70  229.1  1.69  230.9  1.68   961   994 1.000  34.7    682 8C6D
27.01.2023 10:20:50  *01n 20 100TL 4  510.7  1.36   694  456.5  0.63   291  228.8  1.56  229.2  1.52  230.6  1.50   985   926 1.000  34.8    688 6121
27.01.2023 10:21:10  *01n 20 100TL 4  510.3  1.29   662  447.3  0.65   291  228.5  1.50  229.2  1.47  230.6  1.50   953   903 1.000  34.8    693 9AE3
27.01.2023 10:21:30  *01n 20 100TL 4  509.9  1.20   613  446.9  0.59   267  228.9  1.56  228.7  1.53  230.6  1.54   880   903 1.000  34.8    698 0D01
27.01.2023 10:21:50  *01n 20 100TL 4  519.1  1.14   593  446.9  0.63   282  228.3  1.58  229.2  1.57  230.4  1.56   875   904 1.000  34.8    703 EA9A
27.01.2023 10:22:10  *01n 20 100TL 4  520.3  1.24   650  437.9  0.61   268  228.4  1.60  229.3  1.58  230.5  1.55   918   947 1.000  34.8    708 67FD
27.01.2023 10:22:30  *01n 20 100TL 4  489.3  1.39   680  446.4  0.70   315  228.2  1.65  229.1  1.62  230.4  1.62   996  1014 1.000  34.8    713 B1F2
27.01.2023 10:22:50  *01n 20 100TL 4  498.7  1.38   688  464.2  0.74   346  228.2  1.85  228.9  1.83  230.3  1.82  1034  1084 1.000  34.8    719 A84E
27.01.2023 10:23:10  *01n 20 100TL 4  498.0  1.66   827  456.9  0.92   419  228.2  1.84  229.0  1.81  230.6  1.82  1246  1210 1.000  34.8    725 CA7B
27.01.2023 10:23:30  *01n 20 100TL 4  484.3  2.46  1193  459.6  1.74   799  228.7  2.97  229.4  2.96  231.0  2.95  1992  1994 1.000  34.9    734 7539
27.01.2023 10:23:50  *01n 20 100TL 4  478.0  2.54  1214  460.5  1.51   698  228.6  2.75  229.4  2.73  231.0  2.69  1913  1853 1.000  34.9    746 C23D
27.01.2023 10:24:10  *01n 20 100TL 4  486.4  1.84   894  473.2  1.17   558  228.9  2.43  229.4  2.40  231.1  2.40  1452  1501 1.000  34.9    754 7D18
27.01.2023 10:24:31  *01n 20 100TL 4  477.4  1.81   865  462.6  0.97   450  229.0  1.99  228.7  1.98  230.7  1.98  1315  1295 1.000  34.9    762 2B48
27.01.2023 10:24:51  *01n 20 100TL 4  467.6  1.74   816  462.7  0.90   418  228.3  1.91  229.0  1.88  230.7  1.89  1234  1232 1.000  34.9    769 9C07
27.01.2023 10:25:11  *01n 20 100TL 4  468.8  1.71   805  453.3  0.83   379  228.4  1.95  229.0  1.93  230.8  1.90  1185  1213 1.000  34.9    776 13F1
27.01.2023 10:25:31  *01n 20 100TL 4  467.5  1.74   817  453.2  0.83   375  228.4  1.89  229.1  1.88  230.8  1.85  1193  1173 1.000  34.9    783 907B
27.01.2023 10:25:51  *01n 20 100TL 4  467.7  1.62   759  444.3  0.79   349  228.4  1.81  229.3  1.81  230.7  1.77  1109  1121 1.000  34.9    789 833F
27.01.2023 10:26:11  *01n 20 100TL 4  472.0  1.63   770  464.8  0.73   340  228.4  1.78  229.0  1.79  230.5  1.74  1110  1101 1.000  34.9    795 C837
27.01.2023 10:26:31  *01n 20 100TL 4  472.3  1.52   720  454.4  0.70   321  228.4  1.69  228.9  1.66  230.4  1.67  1042  1057 1.000  34.9    801 04DF
27.01.2023 10:26:51  *01n 20 100TL 4  481.8  1.60   770  454.3  0.70   321  228.1  1.64  229.0  1.62  230.3  1.59  1092  1031 1.000  35.0    807 CEC2
27.01.2023 10:27:11  *01n 20 100TL 4  490.9  1.53   755  459.6  0.75   349  228.3  1.66  229.1  1.64  230.4  1.64  1104  1051 1.000  35.0    813 AA53
27.01.2023 10:27:31  *01n 20 100TL 4  499.8  1.58   794  454.2  0.81   370  228.0  1.77  229.0  1.76  230.4  1.72  1165  1104 1.000  35.0    819 59FF
27.01.2023 10:27:51  *01n 20 100TL 4  500.5  1.34   674  453.4  0.68   308  228.2  1.66  229.0  1.64  230.4  1.63   982  1031 1.000  35.0    825 3233
27.01.2023 10:28:11  *01n 20 100TL 4  500.3  1.51   758  453.5  0.70   321  228.3  1.77  228.6  1.75  230.4  1.75  1080  1028 1.000  35.0    831 9219
27.01.2023 10:28:31  *01n 20 100TL 4  490.2  1.55   759  465.2  0.72   337  228.2  1.67  228.9  1.73  230.4  1.71   988  1016 1.000  35.0    837 53F0
27.01.2023 10:28:51  *01n 20 100TL 4  489.9  1.46   718  464.9  0.61   282  228.2  1.70  228.8  1.69  230.3  1.69  1000   987 1.000  35.0    842 7C99
27.01.2023 10:29:11  *01n 20 100TL 4  509.3  1.37   703  464.7  0.61   286  227.9  1.62  228.5  1.62  230.0  1.57   990   967 1.000  35.0    848 B435
27.01.2023 10:29:31  *01n 20 100TL 4  508.9  1.30   663  455.4  0.61   279  228.7  1.63  227.9  1.60  230.2  1.59   943   939 1.000  35.0    853 709A
27.01.2023 10:29:51  *01n 20 100TL 4  519.7  1.40   730  455.0  0.62   283  228.3  1.61  228.8  1.56  230.3  1.57  1014   914 1.000  35.0    858 FEEA
27.01.2023 10:30:11  *01n 20 100TL 4  518.8  1.29   669  455.0  0.60   276  228.4  1.41  229.2  1.40  230.5  1.37   946   883 1.000  35.1    863 E662
27.01.2023 10:30:31  *01n 20 100TL 4  518.7  1.32   686  454.8  0.56   254  228.5  1.53  229.3  1.51  230.7  1.50   941   874 1.000  35.1    868 3813
27.01.2023 10:30:52  *01n 20 100TL 4  516.3  1.23   639  455.3  0.57   262  229.2  1.47  228.9  1.45  230.0  1.43   901   863 1.000  35.1    873 B64A
27.01.2023 10:31:12  *01n 20 100TL 4  517.1  1.22   631  445.7  0.53   234  228.7  1.58  229.4  1.59  230.7  1.55   866   874 1.000  35.1    877 0EBE
27.01.2023 10:31:32  *01n 20 100TL 4  517.6  1.16   604  453.9  0.55   251  228.9  1.47  229.3  1.45  230.6  1.43   856   898 1.000  35.1    882 03CA
27.01.2023 10:31:52  *01n 20 100TL 4  518.2  1.37   711  444.8  0.60   268  228.9  1.56  229.5  1.56  230.6  1.51   979   923 1.000  35.1    887 0BCB
27.01.2023 10:32:12  *01n 20 100TL 4  517.8  1.21   630  453.4  0.58   267  228.6  1.69  229.4  1.68  230.6  1.66   897   961 1.000  35.1    893 3BDB
27.01.2023 10:32:32  *01n 20 100TL 4  517.4  1.37   712  453.2  0.62   283  228.7  1.61  229.2  1.59  230.3  1.57   996   968 1.000  35.1    898 595F
27.01.2023 10:32:52  *01n 20 100TL 4  527.5  1.33   700  453.1  0.61   276  228.2  1.66  229.0  1.63  230.2  1.62   976   967 1.000  35.1    904 2D02
27.01.2023 10:33:12  *01n 20 100TL 4  526.5  1.40   740  461.6  0.60   276  228.2  1.66  229.1  1.66  230.3  1.64  1016   952 1.000  35.1    909 E9DF
27.01.2023 10:33:32  *01n 20 100TL 4  516.8  1.41   730  452.5  0.64   288  228.1  1.50  229.1  1.47  230.2  1.46  1019   936 1.000  35.2    914 E995
27.01.2023 10:33:52  *01n 20 100TL 4  526.4  1.22   646  452.6  0.56   254  228.0  1.58  229.0  1.57  230.2  1.54   901   917 1.000  35.2    920 115C
27.01.2023 10:34:12  *01n 20 100TL 4  526.2  1.17   619  452.3  0.51   231  227.9  1.51  229.0  1.48  230.0  1.46   851   895 1.000  35.2    925 12E3
27.01.2023 10:34:32  *01n 20 100TL 4  515.6  1.15   596  451.9  0.52   238  227.8  1.52  228.9  1.49  230.0  1.46   834   881 1.000  35.2    930 EA31
27.01.2023 10:34:52  *01n 20 100TL 4  525.9  1.13   598  460.8  0.47   218  228.3  1.48  228.8  1.44  230.0  1.43   816   856 1.000  35.2    934 2787
27.01.2023 10:35:12  *01n 20 100TL 4  515.6  1.19   616  470.8  0.50   241  227.8  1.51  228.6  1.51  229.8  1.47   857   849 1.000  35.2    939 D079
27.01.2023 10:35:32  *01n 20 100TL 4  515.8  1.27   657  479.1  0.47   227  227.8  1.51  228.7  1.51  229.9  1.47   885   820 1.000  35.2    944 FF9A
27.01.2023 10:35:52  *01n 20 100TL 4  515.2  1.04   538  460.1  0.44   207  227.7  1.38  228.1  1.35  229.9  1.33   746   790 1.000  35.2    948 D07B
27.01.2023 10:36:12  *01n 20 100TL 4  514.9  1.15   592  469.4  0.43   202  227.5  1.40  228.5  1.39  229.6  1.37   794   762 1.000  35.2    953 4782
27.01.2023 10:36:32  *01n 20 100TL 4  514.5  1.09   564  459.8  0.45   207  227.8  1.33  228.6  1.30  229.5  1.26   772   729 1.000  35.2    957 4432
27.01.2023 10:36:52  *01n 20 100TL 4  514.2  1.07   556  442.9  0.41   181  227.7  1.27  228.6  1.26  229.6  1.23   738   697 1.000  35.2    961 D228
27.01.2023 10:37:12  *01n 20 100TL 4  513.9  1.04   538  422.4  0.42   180  227.7  1.31  228.8  1.27  229.9  1.26   718   672 1.000  35.2    965 61FC
27.01.2023 10:37:33  *01n 20 100TL 4  504.0  1.04   531  403.1  0.39   160  227.5  1.14  228.9  1.12  229.8  1.12   691   643 1.000  35.2    968 F083
27.01.2023 10:37:53  *01n 20 100TL 4  513.5  0.89   460  382.9  0.37   143  227.7  1.25  228.8  1.24  229.8  1.23   604   631 1.000  35.2    972 1E98
27.01.2023 10:38:13  *01n 20 100TL 4  503.1  0.98   497  363.0  0.40   146  227.8  1.11  228.6  1.10  229.9  1.09   643   613 1.000  35.2    975 7F0B
27.01.2023 10:38:33  *01n 20 100TL 4  502.9  1.00   503  342.7  0.43   148  227.9  1.21  228.8  1.19  230.0  1.22   651   605 1.000  35.2    979 E8CC
27.01.2023 10:38:53  *01n 20 100TL 4  512.9  0.91   468  322.5  0.40   128  228.2  1.24  228.4  1.25  230.0  1.22   596   601 1.000  35.2    982 242B
27.01.2023 10:39:13  *01n 20 100TL 4  513.9  0.92   473  302.2  0.37   111  228.1  1.15  228.8  1.14  229.9  1.12   584   592 1.000  35.3    985 A86B
27.01.2023 10:39:33  *01n 20 100TL 4  509.6  0.97   494  297.2  0.43   126  227.6  1.13  228.5  1.13  229.6  1.12   621   590 1.000  35.3    989 B67B
27.01.2023 10:39:53  *01n 20 100TL 4  512.1  0.85   437  297.4  0.36   106  227.8  1.24  228.4  1.23  229.6  1.22   544   596 1.000  35.3    992 F181
27.01.2023 10:40:13  *01n 20 100TL 4  501.5  1.01   509  297.4  0.43   126  227.7  1.12  228.6  1.10  229.6  1.08   636   582 1.000  35.3    995 A564
27.01.2023 10:40:33  *01n 20 100TL 4  511.3  0.90   465  297.4  0.35   105  227.8  1.13  228.6  1.12  229.6  1.12   570   578 1.000  35.3    998 7481
27.01.2023 10:40:53  *01n 20 100TL 4  511.1  0.85   434  297.5  0.36   106  228.0  1.18  228.7  1.17  229.7  1.18   541   569 1.000  35.3   1002 7A95
27.01.2023 10:41:13  *01n 20 100TL 4  501.6  0.93   469  297.3  0.34   103  227.7  1.14  228.5  1.12  229.5  1.11   573   552 1.000  35.3   1005 2576
27.01.2023 10:41:33  *01n 20 100TL 4  503.7  0.84   425  297.3  0.33   100  227.9  1.19  228.5  1.17  229.6  1.17   526   550 1.000  35.3   1008 959C
27.01.2023 10:41:53  *01n 20 100TL 4  504.4  0.95   482  297.2  0.37   109  228.0  1.10  228.4  1.10  229.4  1.06   592   546 1.000  35.3   1011 F827
27.01.2023 10:42:13  *01n 20 100TL 4  510.2  0.88   450  297.4  0.37   109  227.7  1.19  228.2  1.16  229.3  1.17   560   553 1.000  35.3   1014 AF92
27.01.2023 10:42:33  *01n 20 100TL 4  499.8  0.88   444  297.4  0.33   100  227.4  1.11  228.0  1.10  229.3  1.08   544   550 1.000  35.3   1017 ECE1
27.01.2023 10:42:53  *01n 20 100TL 4  499.5  0.80   404  297.4  0.31    94  227.4  1.11  228.1  1.11  229.3  1.11   498   553 1.000  35.3   1020 E2B2
27.01.2023 10:43:13  *01n 20 100TL 4  509.2  0.86   440  297.3  0.33    99  227.6  1.11  228.0  1.08  229.2  1.10   540   560 1.000  35.3   1023 1D58
27.01.2023 10:43:33  *01n 20 100TL 4  510.2  0.80   408  297.4  0.31    93  227.7  1.19  228.2  1.19  229.4  1.17   502   560 1.000  35.3   1026 176A
27.01.2023 10:43:53  *01n 20 100TL 4  510.0  0.97   498  297.5  0.39   115  227.7  1.10  228.2  1.09  229.6  1.08   614   553 1.000  35.3   1030 920A
27.01.2023 10:44:14  *01n 20 100TL 4  501.2  0.90   454  297.1  0.36   108  227.7  1.15  228.0  1.15  229.6  1.14   563   550 1.000  35.4   1033 B592
27.01.2023 10:44:34  *01n 20 100TL 4  498.2  0.88   440  297.4  0.32    96  227.6  1.18  228.1  1.17  229.4  1.16   537   549 1.000  35.4   1036 2C3C
27.01.2023 10:44:54  *01n 20 100TL 4  508.0  0.95   483  297.3  0.37   112  227.9  1.11  228.5  1.10  229.8  1.09   596   546 1.000  35.4   1039 5F9F
27.01.2023 10:45:14  *01n 20 100TL 4  507.7  0.90   460  297.3  0.37   111  227.7  1.10  228.4  1.07  229.7  1.07   572   541 1.000  35.4   1042 2578
27.01.2023 10:45:34  *01n 20 100TL 4  497.5  0.95   474  297.7  0.35   103  227.7  1.08  228.4  1.05  229.7  1.07   578   535 1.000  35.4   1045 AE3A
27.01.2023 10:45:54  *01n 20 100TL 4  507.3  0.85   436  297.4  0.32    96  227.3  1.13  228.3  1.11  229.4  1.12   532   532 1.000  35.4   1048 D2ED
27.01.2023 10:46:14  *01n 20 100TL 4  508.3  0.91   466  297.4  0.33    99  227.9  1.07  228.4  1.06  229.6  1.08   566   524 1.000  35.4   1051 C301
27.01.2023 10:46:34  *01n 20 100TL 4  503.8  0.82   415  297.5  0.32    94  227.8  1.12  228.8  1.12  229.9  1.10   509   517 1.000  35.4   1054 B685
27.01.2023 10:46:54  *01n 20 100TL 4  506.6  0.85   431  297.4  0.31    93  227.7  1.08  228.6  1.05  229.6  1.04   524   511 1.000  35.4   1056 AE1D
27.01.2023 10:47:14  *01n 20 100TL 4  506.2  0.74   376  297.3  0.29    86  227.8  1.07  228.7  1.05  230.0  1.05   463   509 1.000  35.4   1059 49D9
27.01.2023 10:47:34  *01n 20 100TL 4  506.0  0.90   459  297.4  0.32    96  227.1  1.06  228.1  1.06  229.2  1.04   555   509 1.000  35.4   1062 7C12
27.01.2023 10:47:54  *01n 20 100TL 4  504.9  0.69   352  297.3  0.27    80  227.2  1.13  228.1  1.14  229.2  1.12   433   512 1.000  35.4   1065 97B4
27.01.2023 10:48:14  *01n 20 100TL 4  508.3  0.87   442  297.2  0.32    96  227.1  1.07  228.0  1.07  229.1  1.05   538   512 1.000  35.4   1068 A6DA
27.01.2023 10:48:34  *01n 20 100TL 4  501.4  0.90   453  297.5  0.33    99  227.7  1.12  228.6  1.11  229.7  1.10   552   517 1.000  35.4   1071 B130
27.01.2023 10:48:54  *01n 20 100TL 4  505.1  0.84   425  297.5  0.30    90  227.6  1.16  228.3  1.13  229.4  1.15   515   517 1.000  35.4   1073 9BD0
27.01.2023 10:49:14  *01n 20 100TL 4  504.8  0.94   477  297.3  0.36   109  227.5  1.02  228.2  0.99  229.5  1.01   587   514 1.000  35.4   1076 5A11
27.01.2023 10:49:34  *01n 20 100TL 4  505.3  0.88   448  297.5  0.32    94  227.3  1.05  228.3  1.03  229.5  1.03   543   508 1.000  35.4   1079 2B49
27.01.2023 10:49:54  *01n 20 100TL 4  502.1  0.81   410  297.0  0.32    94  227.4  1.11  228.3  1.09  229.2  1.08   505   506 1.000  35.4   1082 445C
27.01.2023 10:50:14  *01n 20 100TL 4  507.5  0.79   404  297.4  0.29    86  227.3  1.07  227.9  1.04  229.0  1.04   491   491 1.000  35.4   1085 A2CB
27.01.2023 10:50:35  *01n 20 100TL 4  507.8  0.73   373  297.5  0.27    80  227.0  1.09  228.0  1.07  228.9  1.07   454   482 1.000  35.5   1088 FC8A
27.01.2023 10:50:55  *01n 20 100TL 4  508.0  0.71   364  297.4  0.27    82  227.2  1.08  227.9  1.07  229.2  1.06   447   465 1.000  35.4   1090 D899
27.01.2023 10:51:15  *01n 20 100TL 4  503.3  0.75   381  297.4  0.28    85  227.6  1.00  228.1  1.01  229.3  0.96   466   451 1.000  35.5   1093 36D0
27.01.2023 10:51:35  *01n 20 100TL 4  495.6  0.73   366  297.6  0.24    71  227.3  1.06  228.2  1.04  229.3  1.03   437   442 0.999c  35.5   1095 C104
27.01.2023 10:51:55  *01n 20 100TL 4  496.9  0.71   352  297.5  0.23    70  227.2  1.01  228.2  0.99  229.4  0.99   422   431 1.000  35.5   1098 280F
27.01.2023 10:52:15  *01n 20 100TL 4  498.2  0.76   383  297.3  0.27    82  227.5  0.98  228.1  0.97  229.2  0.97   465   425 1.000  35.5   1100 9BBB
27.01.2023 10:52:35  *01n 20 100TL 4  497.7  0.69   347  297.2  0.22    65  227.3  1.02  228.2  1.00  229.3  1.02   413   425 1.000  35.5   1102 3B03
27.01.2023 10:52:55  *01n 20 100TL 4  497.3  0.75   375  297.5  0.26    77  227.2  0.93  228.0  0.92  229.0  0.93   453   418 1.000  35.5   1105 5CBC
27.01.2023 10:53:15  *01n 20 100TL 4  496.8  0.68   341  297.4  0.21    64  227.2  0.94  228.2  0.90  229.3  0.93   405   416 1.000  35.5   1107 FBD9
27.01.2023 10:53:35  *01n 20 100TL 4  505.3  0.65   329  297.3  0.24    71  227.6  0.96  227.7  0.95  229.2  0.96   401   413 1.000  35.5   1109 92FA
27.01.2023 10:53:55  *01n 20 100TL 4  496.9  0.75   375  297.4  0.23    68  227.9  0.96  227.7  0.93  229.1  0.92   444   415 1.000  35.5   1112 C97B
27.01.2023 10:54:15  *01n 20 100TL 4  495.9  0.71   352  297.5  0.25    74  227.4  1.01  228.2  1.01  229.3  0.98   427   411 1.000  35.5   1114 1BC6
27.01.2023 10:54:35  *01n 20 100TL 4  505.7  0.76   386  297.4  0.24    73  227.2  0.98  227.7  0.94  228.7  0.96   459   413 1.000  35.5   1116 1829
27.01.2023 10:54:55  *01n 20 100TL 4  495.5  0.66   326  297.4  0.23    68  227.1  0.95  227.8  0.93  228.9  0.95   395   408 1.000  35.5   1119 F796
27.01.2023 10:55:15  *01n 20 100TL 4  495.3  0.67   334  297.5  0.21    61  227.3  1.04  227.8  1.03  229.0  1.02   395   411 1.000  35.5   1121 EEB6
27.01.2023 10:55:35  *01n 20 100TL 4  495.1  0.74   366  297.4  0.25    74  226.9  1.00  227.7  0.97  228.6  0.96   440   405 1.000  35.5   1123 6255
27.01.2023 10:55:55  *01n 20 100TL 4  493.0  0.68   338  297.4  0.21    62  226.9  0.94  227.6  0.92  228.8  0.90   401   392 1.000  35.5   1125 1212
27.01.2023 10:56:15  *01n 20 100TL 4  506.0  0.65   331  297.4  0.24    70  226.7  0.98  227.7  0.95  228.7  0.95   401   378 1.000  35.5   1127 87BF
27.01.2023 10:56:35  *01n 20 100TL 4  495.6  0.61   306  297.3  0.18    54  226.6  1.00  227.4  0.97  228.5  1.01   361   378 1.000  35.5   1130 9D1E
27.01.2023 10:56:55  *01n 20 100TL 4  503.5  0.69   349  297.4  0.23    68  227.5  0.99  227.3  0.99  228.8  1.00   418   379 1.000  35.5   1132 422E
27.01.2023 10:57:16  *01n 20 100TL 4  494.3  0.65   323  297.4  0.20    61  226.7  0.99  227.4  1.01  228.5  0.98   384   383 1.000  35.5   1134 CFC2
27.01.2023 10:57:36  *01n 20 100TL 4  504.0  0.60   303  297.4  0.20    61  227.0  0.97  227.4  0.94  228.4  0.94   364   381 1.000  35.5   1136 66EF
27.01.2023 10:57:56  *01n 20 100TL 4  498.4  0.61   308  297.4  0.18    53  226.7  1.00  227.5  1.00  228.4  0.98   361   390 1.000  35.5   1138 F18B
27.01.2023 10:58:16  *01n 20 100TL 4  497.2  0.75   373  297.3  0.25    74  226.8  0.93  227.7  0.94  228.9  0.92   448   387 1.000  35.5   1140 E1CC
27.01.2023 10:58:36  *01n 20 100TL 4  499.2  0.59   296  297.4  0.18    53  226.4  0.99  227.2  0.98  228.3  0.98   349   383 1.000  35.6   1142 38C1
27.01.2023 10:58:56  *01n 20 100TL 4  500.2  0.67   338  297.2  0.23    68  226.5  0.93  227.1  0.90  228.3  0.91   407   369 1.000  35.6   1145 EAD4
27.01.2023 10:59:16  *01n 20 100TL 4  493.7  0.70   346  297.1  0.23    70  226.4  0.97  227.1  0.95  228.3  0.97   416   367 1.000  35.6   1147 D6D0
27.01.2023 10:59:36  *01n 20 100TL 4  481.7  0.67   323  297.3  0.19    57  226.6  0.86  227.2  0.87  228.3  0.88   381   357 1.000  35.6   1149 AC65
27.01.2023 10:59:56  *01n 20 100TL 4  492.6  0.67   334  297.4  0.23    68  226.8  0.92  227.3  0.89  228.9  0.90   402   360 1.000  35.6   1151 96F1
27.01.2023 11:00:16  *01n 20 100TL 4  496.8  0.55   276  297.4  0.18    56  226.9  0.94  227.5  0.94  228.7  0.92   332   358 1.000  35.6   1152 3FD2
27.01.2023 11:00:36  *01n 20 100TL 4  498.1  0.63   317  297.5  0.18    56  226.6  0.87  227.7  0.88  228.7  0.89   373   360 0.999c  35.6   1155 A088
27.01.2023 11:00:56  *01n 20 100TL 4  499.8  0.70   354  297.6  0.21    64  227.4  0.99  228.4  0.97  229.4  0.95   418   360 1.000  35.6   1157 D780
27.01.2023 11:01:16  *01n 20 100TL 4  490.1  0.66   326  297.5  0.21    64  227.3  0.98  228.5  0.95  229.4  0.97   390   352 1.000  35.6   1159 F13D
27.01.2023 11:01:36  *01n 20 100TL 4  490.3  0.67   329  297.5  0.20    57  227.2  0.90  228.1  0.88  229.0  0.89   387   347 1.000  35.6   1160 9E26
27.01.2023 11:01:56  *01n 20 100TL 4  490.2  0.64   315  297.5  0.20    62  227.1  0.89  228.1  0.88  228.9  0.87   378   349 1.000  35.6   1162 ED9C
27.01.2023 11:02:16  *01n 20 100TL 4  500.0  0.57   286  297.4  0.17    51  227.1  0.96  227.8  0.97  228.6  0.91   338   354 1.000  35.6   1164 AF6B
27.01.2023 11:02:36  *01n 20 100TL 4  491.9  0.61   300  297.4  0.19    56  226.8  0.98  227.6  0.99  228.7  0.97   357   358 1.000  35.6   1166 2268
27.01.2023 11:02:56  *01n 20 100TL 4  491.1  0.59   292  297.3  0.17    51  227.0  0.92  227.4  0.92  228.6  0.89   344   360 1.000  35.6   1168 6EB0
27.01.2023 11:03:17  *01n 20 100TL 4  490.2  0.58   286  297.3  0.18    54  226.6  0.93  227.5  0.94  228.4  0.93   341   364 1.000  35.6   1170 71E4
27.01.2023 11:03:37  *01n 20 100TL 4  489.5  0.74   366  297.5  0.23    70  226.8  0.98  227.7  0.99  228.8  0.97   436   378 1.000  35.6   1172 3192
27.01.2023 11:03:57  *01n 20 100TL 4  508.7  0.67   341  297.4  0.23    71  227.0  0.97  227.9  0.96  228.9  0.96   413   386 0.999i  35.6   1175 48FA
27.01.2023 11:04:17  *01n 20 100TL 4  498.4  0.74   373  297.4  0.23    67  226.8  1.01  227.6  0.98  228.8  0.99   440   404 1.000  35.6   1177 F801
27.01.2023 11:04:37  *01n 20 100TL 4  498.4  0.70   349  297.5  0.24    73  226.7  0.99  227.9  0.96  228.9  0.95   422   415 1.000  35.6   1179 48AB
27.01.2023 11:04:57  *01n 20 100TL 4  498.5  0.69   346  297.3  0.23    70  226.8  1.07  227.7  1.04  228.9  1.02   416   430 1.000  35.7   1181 3135
27.01.2023 11:05:17  *01n 20 100TL 4  508.3  0.62   317  297.4  0.23    68  226.5  1.00  227.5  0.96  228.6  0.96   386   437 1.000  35.6   1184 E2B0
27.01.2023 11:05:37  *01n 20 100TL 4  497.3  0.80   401  297.5  0.27    80  226.4  1.04  227.2  1.04  228.5  1.04   482   450 1.000  35.7   1186 8073
27.01.2023 11:05:57  *01n 20 100TL 4  496.9  0.82   407  297.2  0.30    91  226.4  0.96  227.2  0.95  228.5  0.96   498   456 1.000  35.7   1189 5F21
27.01.2023 11:06:17  *01n 20 100TL 4  496.6  0.84   419  297.4  0.28    85  226.3  0.97  227.3  0.95  228.6  0.98   505   463 1.000  35.7   1191 8B0C
27.01.2023 11:06:37  *01n 20 100TL 4  506.6  0.72   366  297.4  0.27    80  226.1  1.04  227.2  1.04  228.2  1.02   447   463 1.000  35.7   1194 4EA7
27.01.2023 11:06:57  *01n 20 100TL 4  496.3  0.74   370  297.6  0.24    73  226.4  0.98  227.4  0.94  228.4  0.94   444   457 1.000  35.7   1197 EC4F
27.01.2023 11:07:17  *01n 20 100TL 4  496.1  0.72   357  297.4  0.26    77  226.9  1.05  227.1  1.04  228.6  1.04   434   453 1.000  35.7   1199 3705
27.01.2023 11:07:37  *01n 20 100TL 4  496.2  0.70   347  297.5  0.23    68  226.5  1.08  227.5  1.08  228.6  1.06   416   450 1.000  35.7   1202 E922
27.01.2023 11:07:57  *01n 20 100TL 4  495.9  0.79   392  297.6  0.29    85  226.4  1.00  227.4  0.97  228.5  0.97   477   450 1.000  35.7   1204 026E
27.01.2023 11:08:17  *01n 20 100TL 4  505.4  0.84   430  297.3  0.28    83  226.7  0.97  227.3  0.98  228.5  0.97   514   457 1.000  35.7   1207 0575
27.01.2023 11:08:37  *01n 20 100TL 4  505.2  0.82   415  297.5  0.31    91  226.6  1.10  227.5  1.08  228.5  1.08   506   460 1.000  35.7   1209 2087
27.01.2023 11:08:57  *01n 20 100TL 4  504.9  0.80   405  297.4  0.27    79  224.5  1.04  228.0  1.01  228.8  1.03   485   454 1.000  35.7   1212 1981
27.01.2023 11:09:17  *01n 20 100TL 4  505.9  0.69   350  297.4  0.25    73  226.5  1.08  227.4  1.06  228.5  1.05   424   448 1.000  35.7   1214 2AC5
27.01.2023 11:09:38  *01n 20 100TL 4  504.5  0.75   384  297.4  0.25    76  225.0  0.99  228.1  0.98  229.1  0.97   460   437 1.000  35.7   1217 5725
27.01.2023 11:09:58  *01n 20 100TL 4  494.3  0.74   367  297.3  0.27    80  227.0  0.93  227.4  0.93  228.6  0.93   448   434 1.000  35.7   1219 0DF0
27.01.2023 11:10:18  *01n 20 100TL 4  503.7  0.81   410  297.4  0.27    80  226.8  0.96  227.2  0.94  228.5  0.93   491   433 1.000  35.7   1222 1706
27.01.2023 11:10:38  *01n 20 100TL 4  493.5  0.61   305  297.4  0.22    64  226.7  0.97  227.4  0.97  228.5  0.95   369   430 1.000  35.7   1224 DBA0
27.01.2023 11:10:58  *01n 20 100TL 4  503.0  0.70   352  297.3  0.22    67  226.6  1.01  227.4  1.00  228.5  1.02   419   433 1.000  35.7   1226 0183
27.01.2023 11:11:18  *01n 20 100TL 4  489.9  0.77   381  297.3  0.27    80  227.2  0.97  226.7  0.96  228.4  0.94   462   427 1.000  35.7   1229 37A9
27.01.2023 11:11:38  *01n 20 100TL 4  488.4  0.70   346  297.4  0.21    65  226.6  1.04  227.5  1.01  228.6  1.01   411   425 1.000  35.7   1231 4646
27.01.2023 11:11:58  *01n 20 100TL 4  492.6  0.69   340  297.3  0.24    71  227.0  0.95  227.8  0.95  229.0  0.93   411   422 1.000  35.7   1233 6B3C
27.01.2023 11:12:18  *01n 20 100TL 4  502.4  0.72   363  297.4  0.24    71  226.7  1.04  227.7  1.03  228.8  1.03   434   424 1.000  35.7   1236 0291
27.01.2023 11:12:38  *01n 20 100TL 4  502.0  0.65   326  297.5  0.22    67  226.9  0.97  227.7  0.95  229.0  0.94   393   413 1.000  35.7   1238 81E9
27.01.2023 11:12:58  *01n 20 100TL 4  499.7  0.60   302  297.3  0.18    53  227.0  0.96  227.7  0.92  228.9  0.94   355   405 1.000  35.7   1241 68BD
27.01.2023 11:13:18  *01n 20 100TL 4  504.5  0.62   317  297.5  0.21    64  226.9  1.00  227.6  1.00  229.0  1.01   381   398 0.999i  35.8   1243 6ABE
27.01.2023 11:13:38  *01n 20 100TL 4  497.4  0.63   314  297.2  0.19    56  226.9  1.01  227.6  1.01  229.0  1.02   370   392 1.000  35.7   1245 3B10
27.01.2023 11:13:58  *01n 20 100TL 4  501.3  0.64   321  297.5  0.22    64  227.1  0.98  227.5  1.00  228.9  0.96   386   379 1.000  35.7   1247 8E11
27.01.2023 11:14:18  *01n 20 100TL 4  501.0  0.57   286  297.3  0.17    50  227.0  0.90  227.7  0.90  229.0  0.89   337   369 1.000  35.8   1249 3E14
27.01.2023 11:14:38  *01n 20 100TL 4  490.7  0.57   280  297.6  0.18    56  227.1  0.96  227.7  0.93  229.2  0.93   337   360 1.000  35.8   1251 3934
27.01.2023 11:14:58  *01n 20 100TL 4  492.5  0.67   329  297.7  0.19    57  227.0  0.97  227.7  0.97  229.1  0.94   387   350 1.000  35.8   1253 F96D
27.01.2023 11:15:18  *01n 20 100TL 4  483.8  0.54   265  297.4  0.16    47  227.0  0.89  227.8  0.88  229.3  0.88   312   340 1.000  35.8   1255 5F02
27.01.2023 11:15:38  *01n 20 100TL 4  485.8  0.57   280  297.3  0.15    44  227.0  0.92  227.8  0.87  229.2  0.89   325   335 1.000  35.8   1257 9FE7
27.01.2023 11:15:59  *01n 20 100TL 4  494.3  0.60   299  297.4  0.18    54  226.8  0.94  227.6  0.94  229.0  0.93   354   337 1.000  35.8   1259 F0BD
27.01.2023 11:16:19  *01n 20 100TL 4  489.8  0.54   268  297.4  0.14    41  227.0  0.93  227.4  0.94  228.8  0.93   309   329 1.000  35.8   1261 A3A0
27.01.2023 11:16:39  *01n 20 100TL 4  487.0  0.63   306  297.3  0.18    54  227.0  0.91  227.6  0.88  229.1  0.86   361   323 1.000  35.8   1263 B1E8
27.01.2023 11:16:59  *01n 20 100TL 4  482.6  0.55   268  297.4  0.13    41  227.2  0.91  227.4  0.89  228.9  0.90   309   318 1.000  35.8   1264 9D23
27.01.2023 11:17:19  *01n 20 100TL 4  483.6  0.45   222  297.5  0.12    38  227.1  0.97  227.9  0.94  229.2  0.94   260   312 0.999i  35.8   1266 97EE
27.01.2023 11:17:39  *01n 20 100TL 4  484.1  0.56   274  297.5  0.14    42  227.2  0.93  227.9  0.92  229.2  0.90   317   312 1.000  35.8   1268 CD04
27.01.2023 11:17:59  *01n 20 100TL 4  483.6  0.51   250  297.5  0.13    41  227.2  0.90  228.1  0.88  229.3  0.88   291   306 1.000  35.8   1270 DEEF
27.01.2023 11:18:19  *01n 20 100TL 4  493.0  0.49   241  297.5  0.11    35  227.1  0.88  228.0  0.85  229.2  0.87   276   303 0.999c  35.8   1271 F1DA
27.01.2023 11:18:39  *01n 20 100TL 4  481.6  0.49   241  297.4  0.13    41  227.1  0.90  227.9  0.85  229.0  0.86   282   297 1.000  35.8   1273 F187
27.01.2023 11:18:59  *01n 20 100TL 4  483.2  0.57   277  297.4  0.13    39  227.1  0.93  227.8  0.92  229.2  0.91   317   296 1.000  35.8   1275 5B35
27.01.2023 11:19:19  *01n 20 100TL 4  492.5  0.58   289  297.8  0.15    44  227.3  0.87  227.8  0.88  229.1  0.87   334   294 1.000  35.8   1276 4CDF
27.01.2023 11:19:39  *01n 20 100TL 4  482.3  0.55   268  297.3  0.13    38  227.2  0.92  227.9  0.90  229.3  0.90   306   285 1.000  35.8   1278 20AD
27.01.2023 11:19:59  *01n 20 100TL 4  491.9  0.44   219  297.3  0.11    35  227.4  0.84  228.0  0.84  229.5  0.86   254   286 1.000  35.8   1280 ABB6
27.01.2023 11:20:19  *01n 20 100TL 4  491.5  0.52   257  297.4  0.11    33  227.2  0.90  227.8  0.86  229.3  0.87   291   285 1.000  35.8   1281 395A
27.01.2023 11:20:39  *01n 20 100TL 4  491.3  0.53   259  297.2  0.13    41  227.4  0.89  227.9  0.89  229.4  0.86   300   289 1.000  35.8   1283 DDE7
27.01.2023 11:20:59  *01n 20 100TL 4  490.9  0.59   289  297.6  0.13    41  227.2  0.93  228.0  0.90  229.4  0.92   331   296 1.000  35.8   1284 9F30
27.01.2023 11:21:19  *01n 20 100TL 4  491.2  0.50   251  297.9  0.13    41  227.2  0.89  227.7  0.87  229.4  0.86   292   291 1.000  35.8   1286 D831
27.01.2023 11:21:39  *01n 20 100TL 4  480.9  0.61   294  297.5  0.13    39  227.1  0.90  227.9  0.90  229.4  0.90   334   288 1.000  35.8   1288 1891
27.01.2023 11:21:59  *01n 20 100TL 4  490.2  0.54   265  297.5  0.14    42  227.2  0.87  227.8  0.86  229.2  0.86   308   285 1.000  35.8   1289 7952
27.01.2023 11:22:19  *01n 20 100TL 4  490.2  0.45   221  297.2  0.10    28  226.9  0.86  227.7  0.86  228.8  0.88   250   277 1.000  35.8   1291 DE74
27.01.2023 11:22:40  *01n 20 100TL 4  480.3  0.54   262  297.4  0.13    39  227.2  0.85  228.1  0.86  229.1  0.84   302   274 1.000  35.8   1292 1D90
27.01.2023 11:23:00  *01n 20 100TL 4  490.3  0.53   263  297.2  0.11    33  227.1  0.87  227.8  0.84  229.0  0.84   297   273 0.999c  35.8   1294 FCB7
27.01.2023 11:23:20  *01n 20 100TL 4  490.0  0.49   241  297.3  0.12    38  227.1  0.84  227.9  0.82  229.1  0.83   279   274 1.000  35.9   1295 8750
27.01.2023 11:23:40  *01n 20 100TL 4  489.6  0.47   233  297.4  0.10    30  227.1  0.89  228.0  0.86  229.3  0.87   263   276 1.000  35.9   1297 D403
27.01.2023 11:24:00  *01n 20 100TL 4  489.2  0.51   251  297.6  0.13    39  227.4  0.92  228.1  0.86  229.4  0.87   291   279 0.999i  35.9   1298 6378
27.01.2023 11:24:20  *01n 20 100TL 4  489.0  0.48   234  297.2  0.10    30  227.2  0.92  228.0  0.91  229.1  0.91   265   289 0.999i  35.9   1300 FAFF
27.01.2023 11:24:40  *01n 20 100TL 4  488.8  0.56   274  297.6  0.15    44  227.1  0.86  227.9  0.86  229.1  0.85   318   296 1.000  35.9   1302 187E
27.01.2023 11:25:00  *01n 20 100TL 4  488.0  0.63   309  297.3  0.15    44  226.6  0.87  227.5  0.85  228.7  0.84   354   303 1.000  35.9   1303 FA78
27.01.2023 11:25:20  *01n 20 100TL 4  492.9  0.49   245  297.4  0.14    42  226.4  0.88  227.6  0.89  228.8  0.86   288   311 1.000  35.9   1305 C3E2
27.01.2023 11:25:40  *01n 20 100TL 4  483.0  0.65   318  297.7  0.18    53  226.7  0.95  227.5  0.91  228.9  0.92   372   320 1.000  35.9   1307 21EF
27.01.2023 11:26:00  *01n 20 100TL 4  489.6  0.65   321  297.4  0.18    54  226.8  0.97  227.8  0.95  229.0  0.95   376   328 1.000  35.9   1309 412D
27.01.2023 11:26:20  *01n 20 100TL 4  485.4  0.58   285  297.6  0.16    47  226.9  0.89  227.9  0.87  228.9  0.85   332   331 1.000  35.9   1310 0799
27.01.2023 11:26:40  *01n 20 100TL 4  485.1  0.53   260  297.5  0.16    48  226.6  0.90  227.7  0.89  228.8  0.89   309   332 1.000  35.9   1312 7ADE
27.01.2023 11:27:00  *01n 20 100TL 4  488.1  0.62   305  297.5  0.16    48  226.8  0.96  227.8  0.92  229.1  0.92   354   335 1.000  35.9   1314 1281
27.01.2023 11:27:20  *01n 20 100TL 4  495.0  0.61   308  297.7  0.18    53  226.8  0.91  227.8  0.88  228.9  0.89   361   338 1.000  35.9   1316 0D46
27.01.2023 11:27:40  *01n 20 100TL 4  481.4  0.72   347  297.7  0.19    59  227.0  0.94  228.0  0.93  229.0  0.93   407   343 1.000  35.9   1318 1F90
27.01.2023 11:28:00  *01n 20 100TL 4  500.7  0.57   288  297.3  0.18    54  227.4  0.96  228.2  0.94  229.3  0.96   343   341 1.000  35.9   1320 20BA
27.01.2023 11:28:20  *01n 20 100TL 4  480.6  0.74   357  297.4  0.20    59  226.9  0.98  228.1  0.99  229.0  0.96   416   341 1.000  35.9   1322 8B23
27.01.2023 11:28:40  *01n 20 100TL 4  490.0  0.56   277  297.5  0.18    53  226.8  0.97  227.6  0.98  228.9  0.98   331   350 1.000  35.9   1324 4A49
27.01.2023 11:29:01  *01n 20 100TL 4  490.0  0.55   271  297.5  0.16    47  226.7  0.98  227.7  0.97  228.7  0.97   318   358 1.000  35.9   1326 5270
27.01.2023 11:29:21  *01n 20 100TL 4  502.0  0.70   352  297.5  0.24    70  227.2  0.88  227.9  0.86  228.9  0.87   422   363 1.000  35.9   1328 3E3C
27.01.2023 11:29:41  *01n 20 100TL 4  499.1  0.67   337  297.6  0.20    61  227.2  0.91  227.8  0.90  228.9  0.90   398   369 1.000  35.9   1330 8814
27.01.2023 11:30:01  *01n 20 100TL 4  499.2  0.64   323  297.6  0.20    61  227.3  1.02  228.0  0.98  229.1  0.98   384   383 1.000  35.9   1332 B0BC
27.01.2023 11:30:21  *01n 20 100TL 4  498.6  0.58   292  297.6  0.18    54  227.2  0.97  228.0  0.96  229.1  0.95   347   390 1.000  35.9   1334 EC96
27.01.2023 11:30:41  *01n 20 100TL 4  498.1  0.55   276  297.3  0.19    57  227.8  1.01  227.3  1.01  229.3  1.01   334   398 1.000  36.0   1336 B0C0
27.01.2023 11:31:01  *01n 20 100TL 4  505.7  0.73   375  297.2  0.22    67  227.0  0.99  228.0  0.97  229.2  0.97   442   389 1.000  36.0   1338 9959
27.01.2023 11:31:21  *01n 20 100TL 4  505.0  0.68   343  297.9  0.22    67  227.2  0.96  228.0  0.96  229.2  0.94   410   364 1.000  36.0   1340 6908
27.01.2023 11:31:41  *01n 20 100TL 4  501.8  0.66   334  296.3  0.19    57  227.2  0.89  228.2  0.90  229.1  0.87   392   350 1.000  36.0   1342 F151
27.01.2023 11:32:01  *01n 20 100TL 4  497.8  0.63   315  297.1  0.18    54  226.8  0.93  227.9  0.89  229.0  0.91   370   350 1.000  35.9   1344 1AB5
27.01.2023 11:32:21  *01n 20 100TL 4  497.4  0.67   337  297.2  0.21    64  227.1  0.95  227.8  0.93  229.0  0.93   401   370 1.000  35.9   1346 4349
27.01.2023 11:32:41  *01n 20 100TL 4  497.8  0.61   306  299.5  0.19    59  227.1  0.99  227.9  0.98  229.2  0.96   366   387 1.000  35.9   1348 0E76
27.01.2023 11:33:01  *01n 20 100TL 4  503.6  0.70   352  298.6  0.23    67  227.2  1.04  227.6  1.04  229.3  1.02   419   399 1.000  36.0   1351 CC57
27.01.2023 11:33:21  *01n 20 100TL 4  500.4  0.77   386  296.8  0.24    73  227.4  0.90  228.1  0.86  229.4  0.88   459   396 1.000  36.0   1353 7C5C
27.01.2023 11:33:41  *01n 20 100TL 4  500.4  0.64   321  297.9  0.21    64  227.2  0.91  228.1  0.92  229.3  0.91   386   381 1.000  36.0   1355 2CF2
27.01.2023 11:34:01  *01n 20 100TL 4  491.6  0.58   289  297.3  0.18    53  227.2  0.95  228.0  0.93  229.6  0.93   343   360 1.000  36.0   1357 C4E1
27.01.2023 11:34:21  *01n 20 100TL 4  495.6  0.61   303  297.2  0.18    53  227.3  0.98  228.1  0.98  229.3  0.95   357   338 1.000  36.0   1359 4969
27.01.2023 11:34:41  *01n 20 100TL 4  488.6  0.54   265  297.6  0.14    41  227.6  0.93  228.3  0.95  229.7  0.93   306   328 0.999i  35.9   1361 A822
27.01.2023 11:35:01  *01n 20 100TL 4  489.6  0.68   332  297.4  0.20    59  227.1  0.89  228.0  0.87  229.3  0.91   392   329 1.000  36.0   1363 4C29
27.01.2023 11:35:21  *01n 20 100TL 4  501.1  0.67   337  297.4  0.18    54  227.0  0.93  228.0  0.93  229.3  0.93   392   344 1.000  36.0   1365 0143
27.01.2023 11:35:42  *01n 20 100TL 4  500.1  0.65   329  296.5  0.21    62  227.7  0.92  227.5  0.92  229.2  0.89   392   364 0.999c  36.0   1367 295B
27.01.2023 11:36:02  *01n 20 100TL 4  499.6  0.67   335  297.3  0.22    65  227.1  1.01  227.9  0.98  229.3  1.00   401   392 1.000  36.0   1369 3184
27.01.2023 11:36:22  *01n 20 100TL 4  499.0  0.62   312  297.4  0.21    64  227.1  0.95  227.8  0.95  229.2  0.96   376   407 1.000  36.0   1371 441C
27.01.2023 11:36:42  *01n 20 100TL 4  500.2  0.72   363  297.7  0.22    67  227.5  1.08  227.7  1.06  229.0  1.04   430   421 1.000  36.0   1373 A8F5
27.01.2023 11:37:02  *01n 20 100TL 4  498.2  0.67   334  297.6  0.24    71  227.1  1.00  228.0  1.00  229.3  0.98   405   427 1.000  36.0   1375 A343
27.01.2023 11:37:22  *01n 20 100TL 4  498.9  0.77   387  297.5  0.25    74  227.6  1.05  227.5  1.04  229.1  1.04   462   434 1.000  36.0   1378 4049
27.01.2023 11:37:42  *01n 20 100TL 4  488.3  0.79   390  297.3  0.28    83  227.2  0.98  228.2  0.99  229.7  0.94   474   430 1.000  36.0   1380 375E
27.01.2023 11:38:02  *01n 20 100TL 4  488.0  0.83   404  297.2  0.26    79  227.4  1.02  228.5  1.01  229.7  1.00   483   440 1.000  36.0   1383 47F3
27.01.2023 11:38:22  *01n 20 100TL 4  487.7  0.70   344  297.4  0.25    74  227.7  1.03  228.6  1.04  230.0  1.02   419   440 1.000  36.0   1385 4FAE
27.01.2023 11:38:42  *01n 20 100TL 4  497.4  0.72   361  297.5  0.23    68  227.7  0.98  228.4  0.97  229.9  0.98   430   442 1.000  36.0   1388 C511
27.01.2023 11:39:02  *01n 20 100TL 4  496.8  0.71   352  297.0  0.26    76  227.3  1.04  228.5  1.04  229.7  1.04   428   445 1.000  36.0   1390 F084
27.01.2023 11:39:22  *01n 20 100TL 4  506.3  0.70   357  298.0  0.24    71  227.5  0.97  228.6  0.95  229.9  0.97   428   444 1.000  36.0   1393 1CF9
27.01.2023 11:39:42  *01n 20 100TL 4  496.9  0.82   410  297.3  0.29    86  227.4  0.98  228.5  0.96  229.5  0.96   497   451 1.000  36.0   1395 8B7D
27.01.2023 11:40:02  *01n 20 100TL 4  506.0  0.72   367  297.6  0.24    73  227.6  1.07  228.6  1.06  229.8  1.07   440   460 1.000  36.0   1398 5DFA
27.01.2023 11:40:22  *01n 20 100TL 4  496.2  0.72   357  296.9  0.26    80  227.8  1.07  228.6  1.07  229.8  1.05   437   465 1.000  36.0   1400 DF97
27.01.2023 11:40:42  *01n 20 100TL 4  495.7  0.86   430  298.1  0.28    83  227.9  0.98  228.2  0.96  229.9  0.99   514   466 1.000  36.0   1403 2F48
27.01.2023 11:41:02  *01n 20 100TL 4  496.1  0.74   369  297.4  0.27    80  227.8  1.07  228.3  1.05  229.9  1.05   450   469 1.000  36.0   1405 DDFE
27.01.2023 11:41:22  *01n 20 100TL 4  494.6  0.70   349  296.9  0.24    70  227.6  1.08  227.9  1.08  229.4  1.05   419   466 1.000  36.0   1408 3BAB
27.01.2023 11:41:42  *01n 20 100TL 4  485.2  0.74   361  296.5  0.28    83  227.9  1.03  228.1  1.01  230.0  0.99   445   462 1.000  36.0   1411 A0E9
27.01.2023 11:42:03  *01n 20 100TL 4  504.6  0.85   433  298.1  0.29    88  228.1  1.01  228.1  1.01  230.2  0.98   521   476 1.000  36.0   1413 43C6
27.01.2023 11:42:23  *01n 20 100TL 4  514.3  0.72   372  298.1  0.29    85  227.7  1.04  227.5  1.00  230.0  1.01   457   474 1.000  36.0   1416 4C73
27.01.2023 11:42:43  *01n 20 100TL 4  494.1  0.88   436  297.7  0.31    93  227.8  1.03  228.2  1.00  230.0  1.02   529   485 1.000  36.0   1419 C052
27.01.2023 11:43:03  *01n 20 100TL 4  503.8  0.76   386  297.7  0.29    88  227.7  1.14  228.1  1.11  229.8  1.12   474   492 1.000  36.0   1421 B7C5
27.01.2023 11:43:23  *01n 20 100TL 4  503.4  0.80   404  297.5  0.30    91  227.8  1.11  228.0  1.09  229.8  1.09   495   497 1.000  36.0   1424 E183
27.01.2023 11:43:43  *01n 20 100TL 4  503.4  0.88   442  296.8  0.32    96  227.8  1.05  228.2  1.03  229.7  1.04   538   491 1.000  36.0   1427 CA26
27.01.2023 11:44:03  *01n 20 100TL 4  503.0  0.80   405  297.2  0.28    83  227.7  0.99  227.9  0.98  229.6  0.95   489   489 1.000  36.0   1430 56BB
27.01.2023 11:44:23  *01n 20 100TL 4  502.8  0.75   381  297.4  0.28    83  228.3  1.12  227.9  1.11  230.0  1.11   465   486 1.000  36.0   1432 93D6
27.01.2023 11:44:43  *01n 20 100TL 4  502.5  0.85   427  297.5  0.31    93  228.2  1.05  227.9  1.01  229.9  1.00   520   480 1.000  36.1   1435 51F5
27.01.2023 11:45:03  *01n 20 100TL 4  502.5  0.86   437  296.2  0.29    88  228.1  1.10  228.3  1.08  230.0  1.06   526   477 1.000  36.0   1438 4D2F
27.01.2023 11:45:23  *01n 20 100TL 4  499.4  0.89   445  295.5  0.31    91  227.7  0.97  228.3  0.95  229.7  0.97   537   473 1.000  36.0   1440 BA04
27.01.2023 11:45:43  *01n 20 100TL 4  501.5  0.85   427  297.3  0.28    82  227.6  1.10  228.2  1.07  229.8  1.07   509   477 1.000  36.0   1443 1AF9
27.01.2023 11:46:03  *01n 20 100TL 4  491.5  0.67   332  296.7  0.25    76  227.8  1.02  228.3  1.01  229.8  1.02   408   476 1.000  36.0   1446 493F
27.01.2023 11:46:23  *01n 20 100TL 4  501.5  0.83   419  296.4  0.28    85  227.9  1.05  228.2  1.01  229.7  1.03   505   485 1.000  36.0   1448 7BB0
27.01.2023 11:46:43  *01n 20 100TL 4  501.1  0.78   393  298.1  0.30    90  228.1  1.04  228.1  1.01  230.0  1.00   483   489 1.000  36.0   1451 8C80
27.01.2023 11:47:03  *01n 20 100TL 4  503.2  0.77   390  297.3  0.27    82  228.2  1.11  228.0  1.07  229.9  1.08   473   495 1.000  36.0   1454 12D9
27.01.2023 11:47:23  *01n 20 100TL 4  496.8  0.91   454  298.5  0.32    96  228.0  1.03  228.2  1.00  230.0  0.97   550   494 1.000  36.0   1457 03D4
27.01.2023 11:47:43  *01n 20 100TL 4  496.0  0.89   440  298.0  0.32    97  228.4  1.07  227.6  1.05  230.3  1.05   538   494 1.000  36.0   1459 C575
27.01.2023 11:48:04  *01n 20 100TL 4  500.3  0.86   431  297.8  0.32    96  228.0  1.01  228.5  1.01  230.2  1.01   527   486 1.000  36.1   1462 9CD0
27.01.2023 11:48:24  *01n 20 100TL 4  490.1  0.77   383  298.0  0.26    79  227.8  1.01  228.5  1.00  230.0  1.00   462   477 1.000  36.0   1465 3A90
27.01.2023 11:48:44  *01n 20 100TL 4  491.0  0.90   444  298.0  0.33    97  227.8  1.01  228.5  1.00  229.8  0.98   541   469 1.000  36.1   1467 4EB3
27.01.2023 11:49:04  *01n 20 100TL 4  496.6  0.87   433  298.3  0.28    83  228.2  0.95  228.5  0.95  230.4  0.98   517   465 1.000  36.1   1470 BF0B
27.01.2023 11:49:24  *01n 20 100TL 4  493.3  0.83   411  297.9  0.30    90  228.1  0.99  228.7  0.97  230.3  0.97   502   457 1.000  36.1   1473 E7E0
27.01.2023 11:49:44  *01n 20 100TL 4  483.9  0.90   434  298.7  0.28    83  227.9  0.93  228.7  0.92  230.1  0.94   518   450 0.999c  36.1   1475 8A5A
27.01.2023 11:50:04  *01n 20 100TL 4  489.0  0.81   396  297.2  0.28    83  228.2  1.00  228.3  1.01  229.9  1.00   444   442 1.000  36.1   1478 C5D2
27.01.2023 11:50:24  *01n 20 100TL 4  497.5  0.81   404  295.2  0.26    76  228.3  1.04  228.7  1.02  230.0  1.01   480   442 1.000  36.1   1480 F097
27.01.2023 11:50:44  *01n 20 100TL 4  501.0  0.88   442  300.2  0.31    93  228.1  1.02  228.2  1.04  230.3  1.02   535   444 1.000  36.1   1482 1F11
27.01.2023 11:51:04  *01n 20 100TL 4  484.0  0.71   347  295.5  0.22    65  228.3  1.01  228.3  1.00  230.1  1.01   413   436 1.000  36.1   1485 80FE
27.01.2023 11:51:24  *01n 20 100TL 4  492.1  0.70   346  299.2  0.25    74  228.3  1.02  228.4  1.02  230.0  1.02   421   439 1.000  36.1   1487 4EA7
27.01.2023 11:51:44  *01n 20 100TL 4  492.1  0.72   358  299.7  0.23    68  228.4  1.03  228.5  1.03  230.3  1.02   427   440 1.000  36.1   1490 8FAB
27.01.2023 11:52:04  *01n 20 100TL 4  492.3  0.70   346  296.5  0.24    71  228.4  1.04  228.6  1.04  230.3  1.04   418   434 0.999c  36.1   1492 51B2
27.01.2023 11:52:24  *01n 20 100TL 4  499.6  0.71   357  297.5  0.23    68  228.2  1.00  228.4  0.95  230.4  0.98   425   422 1.000  36.1   1495 4667
27.01.2023 11:52:44  *01n 20 100TL 4  500.2  0.63   317  298.7  0.22    65  228.2  1.01  228.3  1.00  230.4  0.99   383   415 1.000  36.1   1497 4C96
27.01.2023 11:53:04  *01n 20 100TL 4  492.3  0.74   366  299.4  0.24    71  228.3  0.96  228.4  0.94  230.4  0.93   437   401 1.000  36.1   1499 27EA
27.01.2023 11:53:24  *01n 20 100TL 4  500.6  0.60   303  294.5  0.20    59  228.6  1.03  228.4  1.02  230.4  1.00   363   393 1.000  36.1   1501 8F90
27.01.2023 11:53:44  *01n 20 100TL 4  501.0  0.75   376  292.4  0.23    68  228.3  0.97  228.6  0.98  230.4  0.95   445   386 1.000  36.1   1504 D1C0
27.01.2023 11:54:04  *01n 20 100TL 4  490.7  0.71   349  299.1  0.22    65  228.2  1.01  228.5  1.00  230.4  0.97   415   378 1.000  36.1   1506 4698
27.01.2023 11:54:24  *01n 20 100TL 4  500.3  0.61   309  296.8  0.18    54  228.2  0.91  228.4  0.89  230.4  0.90   364   370 1.000  36.1   1508 E4A1
27.01.2023 11:54:45  *01n 20 100TL 4  499.6  0.65   326  293.3  0.20    59  228.4  0.96  228.5  0.96  230.4  0.93   386   367 1.000  36.1   1510 5752
27.01.2023 11:55:05  *01n 20 100TL 4  489.6  0.59   289  298.0  0.18    53  228.4  0.97  228.7  0.97  230.4  0.93   343   370 0.999c  36.1   1512 08B1
27.01.2023 11:55:25  *01n 20 100TL 4  489.6  0.68   337  296.0  0.20    59  228.5  0.96  228.8  0.97  230.5  0.94   396   367 1.000  36.1   1514 B048
27.01.2023 11:55:45  *01n 20 100TL 4  499.3  0.60   303  298.7  0.18    56  228.1  0.92  228.5  0.86  230.3  0.87   360   364 0.999c  36.1   1516 0B71
27.01.2023 11:56:05  *01n 20 100TL 4  479.9  0.72   347  297.9  0.22    67  228.5  0.97  228.8  0.97  230.5  0.96   415   370 1.000  36.1   1518 E8DD
27.01.2023 11:56:25  *01n 20 100TL 4  489.2  0.69   341  297.3  0.20    61  228.6  0.95  228.8  0.92  230.6  0.91   402   370 1.000  36.1   1520 500E
27.01.2023 11:56:45  *01n 20 100TL 4  498.9  0.56   282  297.6  0.18    54  228.7  0.98  229.2  0.97  231.0  0.96   337   370 1.000  36.1   1522 A49A
27.01.2023 11:57:05  *01n 20 100TL 4  499.0  0.68   341  297.6  0.22    65  228.6  0.95  228.7  0.94  230.4  0.91   407   366 1.000  36.1   1524 E1F4
27.01.2023 11:57:25  *01n 20 100TL 4  488.7  0.59   291  296.4  0.17    50  228.6  0.99  229.0  0.93  230.6  0.97   341   364 1.000  36.1   1526 9625
27.01.2023 11:57:45  *01n 20 100TL 4  488.1  0.66   326  296.5  0.21    62  228.7  0.93  228.9  0.90  230.8  0.88   389   360 1.000  36.1   1528 26C3
27.01.2023 11:58:05  *01n 20 100TL 4  497.6  0.64   320  296.8  0.18    54  228.8  1.00  228.9  0.97  231.0  0.97   375   364 1.000  36.1   1530 D34E
27.01.2023 11:58:25  *01n 20 100TL 4  488.0  0.73   360  297.8  0.22    67  228.9  0.97  229.1  0.97  231.3  0.95   427   367 1.000  36.1   1532 9E84
27.01.2023 11:58:45  *01n 20 100TL 4  487.5  0.67   329  296.7  0.19    57  228.8  0.98  229.0  0.98  231.0  1.00   387   367 1.000  36.1   1534 1A23
27.01.2023 11:59:05  *01n 20 100TL 4  497.1  0.72   361  297.1  0.23    70  228.7  0.94  229.0  0.93  230.8  0.93   431   369 1.000  36.1   1536 5AED
27.01.2023 11:59:25  *01n 20 100TL 4  496.5  0.65   323  297.0  0.19    56  228.6  0.89  229.1  0.85  231.1  0.87   379   366 1.000  36.1   1539 9CD5
27.01.2023 11:59:46  *01n 20 100TL 4  486.7  0.59   288  296.8  0.19    56  228.6  0.94  228.9  0.93  230.9  0.91   344   367 1.000  36.1   1541 5242
27.01.2023 12:00:05  *01n 20 100TL 4  476.8  0.59   285  297.3  0.16    48  228.6  0.98  228.9  0.95  230.9  0.97   334   357 1.000  36.1   1543 5F7B
27.01.2023 12:00:25  *01n 20 100TL 4  476.4  0.57   276  297.8  0.18    54  228.6  0.92  229.1  0.92  231.1  0.91   331   354 1.000  36.1   1545 F7AC
27.01.2023 12:00:46  *01n 20 100TL 4  486.0  0.61   299  296.8  0.17    51  228.4  0.94  229.1  0.91  230.8  0.88   350   352 1.000  36.2   1547 9EBD
27.01.2023 12:01:06  *01n 20 100TL 4  495.8  0.55   274  297.6  0.16    48  228.5  0.94  229.0  0.94  231.0  0.95   323   352 1.000  36.1   1549 DC40
27.01.2023 12:01:26  *01n 20 100TL 4  483.9  0.54   260  297.5  0.14    44  228.5  0.92  229.0  0.90  230.8  0.90   305   350 1.000  36.1   1551 DEBA
27.01.2023 12:01:46  *01n 20 100TL 4  485.3  0.63   311  297.5  0.20    57  228.7  0.92  229.5  0.92  231.1  0.91   369   346 1.000  36.2   1552 3D9E
27.01.2023 12:02:06  *01n 20 100TL 4  485.0  0.61   300  297.4  0.17    50  229.2  0.91  229.7  0.89  231.4  0.86   350   340 1.000  36.2   1554 4F9E
27.01.2023 12:02:26  *01n 20 100TL 4  484.8  0.68   331  297.0  0.20    57  228.7  0.91  229.5  0.91  231.1  0.89   389   338 1.000  36.1   1556 CE2F
27.01.2023 12:02:46  *01n 20 100TL 4  494.3  0.54   267  297.7  0.14    41  228.9  0.90  229.4  0.88  230.9  0.89   308   325 1.000  36.1   1558 E05A
27.01.2023 12:03:06  *01n 20 100TL 4  486.1  0.50   247  297.8  0.14    42  228.7  0.90  229.2  0.87  230.8  0.88   289   318 1.000  36.2   1560 B961
27.01.2023 12:03:26  *01n 20 100TL 4  487.6  0.54   267  297.7  0.12    38  229.2  0.94  228.9  0.92  230.5  0.92   305   315 0.999i  36.2   1562 4764
27.01.2023 12:03:46  *01n 20 100TL 4  484.0  0.49   239  297.4  0.11    35  228.5  0.90  229.0  0.87  230.7  0.87   274   303 1.000  36.2   1563 7B77
27.01.2023 12:04:06  *01n 20 100TL 4  483.6  0.56   276  297.8  0.14    42  228.8  0.84  229.2  0.81  230.5  0.81   318   300 1.000  36.2   1565 E90C
27.01.2023 12:04:26  *01n 20 100TL 4  483.2  0.52   256  297.7  0.11    33  228.8  0.89  229.2  0.87  230.6  0.89   289   292 1.000  36.2   1567 6919
27.01.2023 12:04:46  *01n 20 100TL 4  492.4  0.46   227  296.4  0.11    33  228.5  0.90  229.0  0.89  230.6  0.90   260   288 1.000  36.2   1568 9031
27.01.2023 12:05:06  *01n 20 100TL 4  486.2  0.49   241  297.7  0.11    33  228.5  0.90  229.0  0.91  230.5  0.90   274   282 0.999i  36.2   1570 EA11
27.01.2023 12:05:26  *01n 20 100TL 4  486.7  0.47   230  297.4  0.11    33  228.5  0.85  229.1  0.83  230.5  0.85   263   277 0.999c  36.2   1572 20EC
27.01.2023 12:05:46  *01n 20 100TL 4  488.1  0.54   265  297.6  0.11    35  228.4  0.90  229.4  0.86  230.5  0.82   300   274 1.000  36.2   1573 3E4E
27.01.2023 12:06:06  *01n 20 100TL 4  482.4  0.48   233  297.2  0.12    35  228.8  0.92  229.5  0.91  230.5  0.88   268   274 1.000  36.2   1575 2F53
27.01.2023 12:06:26  *01n 20 100TL 4  482.4  0.53   257  297.2  0.11    33  228.4  0.89  229.6  0.86  230.5  0.86   291   271 1.000  36.2   1576 469C
27.01.2023 12:06:46  *01n 20 100TL 4  483.8  0.57   277  298.0  0.14    41  228.4  0.88  229.6  0.83  230.3  0.81   318   273 1.000  36.2   1578 664C
27.01.2023 12:07:07  *01n 20 100TL 4  489.1  0.57   279  297.5  0.11    36  228.4  0.90  229.4  0.89  230.5  0.83   315   270 1.000  36.2   1579 03AA
27.01.2023 12:07:27  *01n 20 100TL 4  487.4  0.43   209  297.0  0.10    30  228.1  0.90  229.3  0.86  230.4  0.88   239   270 1.000  36.2   1581 0E3F
27.01.2023 12:07:47  *01n 20 100TL 4  485.5  0.55   270  297.5  0.11    35  228.2  0.90  229.4  0.90  230.5  0.89   305   273 1.000  36.2   1582 A685
27.01.2023 12:08:07  *01n 20 100TL 4  486.0  0.59   291  297.7  0.14    42  228.2  0.89  229.4  0.88  230.3  0.88   334   274 1.000  36.2   1584 ECDC
27.01.2023 12:08:27  *01n 20 100TL 4  500.6  0.49   248  297.1  0.10    32  228.2  0.90  229.5  0.90  230.4  0.89   280   270 1.000  36.2   1585 D74C
27.01.2023 12:08:47  *01n 20 100TL 4  490.2  0.52   256  297.8  0.13    39  228.0  0.86  229.3  0.82  229.9  0.80   296   273 1.000  36.2   1587 679B
27.01.2023 12:09:07  *01n 20 100TL 4  508.0  0.45   233  297.3  0.09    27  228.2  0.93  229.4  0.90  230.5  0.90   260   273 0.999i  36.2   1588 10FC
27.01.2023 12:09:27  *01n 20 100TL 4  506.3  0.50   256  297.2  0.14    42  228.1  0.91  229.4  0.89  230.3  0.90   299   276 1.000  36.2   1590 9AA1
27.01.2023 12:09:47  *01n 20 100TL 4  485.5  0.56   274  297.4  0.13    38  228.1  0.85  229.3  0.86  230.3  0.86   312   283 1.000  36.2   1591 03BA
27.01.2023 12:10:07  *01n 20 100TL 4  484.6  0.54   263  298.4  0.14    44  228.2  0.84  229.3  0.82  230.2  0.83   308   288 1.000  36.2   1593 34EB
27.01.2023 12:10:27  *01n 20 100TL 4  489.1  0.57   279  296.5  0.14    44  228.2  0.86  229.3  0.86  230.4  0.87   323   294 1.000  36.2   1594 4AD4
27.01.2023 12:10:47  *01n 20 100TL 4  498.5  0.51   256  297.5  0.12    36  228.3  0.92  229.3  0.90  230.6  0.89   292   296 1.000  36.2   1596 E1B0
27.01.2023 12:11:07  *01n 20 100TL 4  487.1  0.50   244  298.0  0.12    36  228.5  0.92  228.8  0.89  230.7  0.90   280   300 1.000  36.2   1598 03C8
27.01.2023 12:11:27  *01n 20 100TL 4  484.9  0.54   262  297.6  0.14    41  228.2  0.93  229.3  0.89  230.5  0.90   303   303 1.000  36.2   1599 D21E
27.01.2023 12:11:47  *01n 20 100TL 4  491.7  0.61   299  297.2  0.15    47  228.1  0.95  229.4  0.93  230.3  0.92   346   305 1.000  36.2   1601 4DD1
27.01.2023 12:12:07  *01n 20 100TL 4  492.1  0.56   279  297.8  0.16    48  228.0  0.88  229.3  0.88  230.4  0.87   328   303 1.000  36.2   1603 4379
27.01.2023 12:12:27  *01n 20 100TL 4  492.9  0.51   251  297.2  0.13    39  228.1  0.90  229.3  0.89  230.6  0.88   291   309 1.000  36.2   1605 B8AB
27.01.2023 12:12:47  *01n 20 100TL 4  496.9  0.68   343  297.4  0.19    54  228.7  0.86  228.8  0.83  230.3  0.84   398   315 1.000  36.2   1606 60A8
27.01.2023 12:13:08  *01n 20 100TL 4  477.3  0.55   268  297.6  0.16    48  228.2  0.93  229.2  0.93  230.5  0.90   317   317 0.999i  36.2   1608 943D
27.01.2023 12:13:27  *01n 20 100TL 4  477.0  0.55   267  297.3  0.14    41  228.2  0.93  229.3  0.91  230.4  0.91   308   329 1.000  36.2   1610 D28B
27.01.2023 12:13:47  *01n 20 100TL 4  486.2  0.62   303  297.5  0.19    57  228.4  0.87  229.6  0.91  230.7  0.86   361   341 1.000  36.2   1612 5DBD
27.01.2023 12:14:08  *01n 20 100TL 4  486.0  0.67   328  297.4  0.19    57  228.5  0.92  229.5  0.91  230.7  0.91   386   350 1.000  36.2   1614 759C
27.01.2023 12:14:28  *01n 20 100TL 4  495.6  0.64   320  297.3  0.21    64  227.9  0.96  229.2  0.94  230.4  0.92   384   367 1.000  36.2   1616 9617
27.01.2023 12:14:48  *01n 20 100TL 4  496.1  0.67   335  297.3  0.20    59  228.0  0.92  229.5  0.91  230.5  0.92   395   381 1.000  36.2   1618 3756
27.01.2023 12:15:08  *01n 20 100TL 4  515.3  0.58   302  297.1  0.21    64  228.2  1.02  229.4  1.02  230.5  0.99   366   395 1.000  36.2   1620 9C21
27.01.2023 12:15:28  *01n 20 100TL 4  504.8  0.78   399  297.5  0.25    74  228.1  1.05  229.3  1.03  230.3  1.04   474   424 1.000  36.2   1622 A8E3
27.01.2023 12:15:48  *01n 20 100TL 4  484.6  0.75   364  297.1  0.28    83  227.8  0.91  229.2  0.92  230.2  0.90   448   440 1.000  36.2   1625 1391
27.01.2023 12:16:08  *01n 20 100TL 4  494.0  0.84   416  297.3  0.30    90  228.3  1.03  229.4  1.00  230.3  1.02   506   474 1.000  36.2   1627 C138
27.01.2023 12:16:28  *01n 20 100TL 4  493.8  0.90   447  297.4  0.35   105  228.3  1.12  229.6  1.10  230.5  1.09   552   508 1.000  36.2   1630 8A32
27.01.2023 12:16:48  *01n 20 100TL 4  503.5  0.86   436  297.3  0.31    94  228.5  1.15  229.6  1.13  230.8  1.13   531   538 1.000  36.2   1633 2671
27.01.2023 12:17:08  *01n 20 100TL 4  512.9  0.85   439  297.4  0.34   100  228.5  1.04  229.8  1.03  230.8  1.02   540   556 1.000  36.2   1636 762C
27.01.2023 12:17:28  *01n 20 100TL 4  503.0  1.03   518  297.4  0.40   120  228.3  1.24  229.4  1.22  230.6  1.22   639   585 1.000  36.2   1639 17F8
27.01.2023 12:17:48  *01n 20 100TL 4  512.5  0.92   473  297.5  0.34   100  228.3  1.18  229.3  1.16  230.6  1.17   573   595 1.000  36.2   1642 6741
27.01.2023 12:18:08  *01n 20 100TL 4  512.4  1.02   527  297.8  0.42   123  228.5  1.15  229.5  1.13  230.9  1.12   651   593 1.000  36.2   1646 178E
27.01.2023 12:18:28  *01n 20 100TL 4  512.0  0.92   471  297.2  0.36   108  228.5  1.22  229.7  1.20  230.9  1.19   579   596 1.000  36.2   1649 C618
27.01.2023 12:18:48  *01n 20 100TL 4  511.8  1.00   514  297.2  0.41   120  228.8  1.12  229.8  1.09  231.0  1.08   634   588 1.000  36.3   1652 6DD5
27.01.2023 12:19:08  *01n 20 100TL 4  510.9  0.84   433  297.4  0.33    99  229.0  1.22  230.1  1.22  231.1  1.18   532   585 1.000  36.3   1656 E943
27.01.2023 12:19:28  *01n 20 100TL 4  511.2  0.90   466  297.3  0.38   112  228.9  1.11  229.9  1.07  231.2  1.08   579   582 1.000  36.3   1659 1F6B
27.01.2023 12:19:48  *01n 20 100TL 4  501.1  0.96   483  297.3  0.36   106  229.0  1.16  230.2  1.15  231.4  1.12   590   585 1.000  36.3   1662 202E
27.01.2023 12:20:08  *01n 20 100TL 4  500.9  1.02   511  297.5  0.42   125  228.7  1.13  229.9  1.11  231.1  1.08   636   584 1.000  36.3   1665 7BC3
27.01.2023 12:20:29  *01n 20 100TL 4  500.5  0.99   497  297.5  0.36   108  229.4  1.22  229.6  1.17  231.4  1.17   605   588 1.000  36.3   1669 1408
27.01.2023 12:20:49  *01n 20 100TL 4  510.5  0.94   480  297.3  0.39   115  229.0  1.24  230.0  1.21  231.4  1.19   596   592 1.000  36.3   1672 1077
27.01.2023 12:21:09  *01n 20 100TL 4  508.1  0.93   476  296.2  0.35   103  229.0  1.14  230.0  1.11  231.2  1.12   579   587 1.000  36.3   1675 6DCD
27.01.2023 12:21:29  *01n 20 100TL 4  503.0  0.97   491  297.4  0.39   119  228.9  1.12  230.0  1.12  231.1  1.12   610   579 1.000  36.3   1679 B48C
27.01.2023 12:21:49  *01n 20 100TL 4  509.7  0.96   492  298.3  0.36   108  228.9  1.11  229.7  1.08  230.9  1.09   601   570 1.000  36.3   1682 23F4
27.01.2023 12:22:09  *01n 20 100TL 4  509.3  0.93   474  297.0  0.37   111  228.8  1.19  229.6  1.17  230.8  1.15   585   560 1.000  36.3   1685 B9D0
27.01.2023 12:22:29  *01n 20 100TL 4  499.1  0.87   439  296.8  0.32    96  228.8  1.19  229.6  1.15  230.8  1.15   535   549 1.000  36.3   1688 5935
27.01.2023 12:22:49  *01n 20 100TL 4  499.1  0.84   421  296.8  0.33    97  228.5  1.16  229.3  1.12  230.7  1.13   518   541 1.000  36.3   1691 486A
27.01.2023 12:23:09  *01n 20 100TL 4  510.2  0.93   477  295.1  0.35   102  228.5  1.10  229.5  1.06  230.6  1.08   579   532 1.000  36.3   1694 D875
27.01.2023 12:23:29  *01n 20 100TL 4  505.7  0.91   463  296.9  0.37   109  228.5  1.04  229.5  1.04  230.7  1.04   573   534 1.000  36.3   1697 ADE5
27.01.2023 12:23:49  *01n 20 100TL 4  497.9  0.81   404  296.8  0.30    91  228.5  1.16  229.3  1.14  230.4  1.13   495   534 1.000  36.3   1700 C4E4
27.01.2023 12:24:09  *01n 20 100TL 4  507.7  0.83   422  295.9  0.30    88  228.8  1.07  229.4  1.05  230.7  1.06   511   529 1.000  36.3   1703 21EA
27.01.2023 12:24:29  *01n 20 100TL 4  497.6  0.77   386  297.0  0.29    88  229.3  1.07  229.1  1.05  230.6  1.05   474   529 1.000  36.3   1706 B5FD
27.01.2023 12:24:49  *01n 20 100TL 4  507.6  0.85   433  297.1  0.34   102  228.6  1.12  229.4  1.10  230.8  1.09   535   531 1.000  36.3   1709 CC70
27.01.2023 12:25:09  *01n 20 100TL 4  505.2  0.83   424  298.0  0.33    99  228.8  1.18  229.5  1.17  231.1  1.14   523   537 0.999c  36.3   1712 30BB
27.01.2023 12:25:29  *01n 20 100TL 4  509.5  0.84   430  297.0  0.31    91  229.4  1.19  229.2  1.15  230.5  1.15   521   537 1.000  36.3   1715 18EB
27.01.2023 12:25:49  *01n 20 100TL 4  510.4  0.98   500  297.4  0.38   114  228.8  1.04  229.5  1.02  230.9  1.01   614   546 1.000  36.3   1718 9265
27.01.2023 12:26:09  *01n 20 100TL 4  496.4  0.83   415  297.4  0.30    90  229.2  1.19  229.5  1.18  230.9  1.17   505   556 1.000  36.3   1721 6505
27.01.2023 12:26:30  *01n 20 100TL 4  506.2  0.89   454  298.2  0.37   109  229.1  1.21  229.8  1.19  231.1  1.18   564   578 1.000  36.3   1724 39E1
27.01.2023 12:26:49  *01n 20 100TL 4  505.7  0.93   474  297.7  0.35   105  229.2  1.21  229.9  1.17  231.3  1.19   579   596 1.000  36.3   1727 D72C
27.01.2023 12:27:10  *01n 20 100TL 4  504.7  0.95   483  296.7  0.40   120  229.3  1.22  229.7  1.21  231.3  1.20   604   614 1.000  36.3   1731 894E
27.01.2023 12:27:30  *01n 20 100TL 4  502.8  1.01   509  296.4  0.38   112  230.0  1.16  230.1  1.15  230.6  1.12   622   624 1.000  36.3   1734 92AA
27.01.2023 12:27:50  *01n 20 100TL 4  498.7  0.94   469  297.8  0.39   117  229.1  1.18  229.7  1.15  231.1  1.14   587   631 1.000  36.3   1738 37AF
27.01.2023 12:28:10  *01n 20 100TL 4  500.5  1.03   515  297.1  0.39   117  229.0  1.27  229.6  1.24  231.1  1.26   633   648 1.000  36.3   1741 1A29
27.01.2023 12:28:30  *01n 20 100TL 4  494.2  1.07   529  297.3  0.45   134  229.0  1.21  229.7  1.21  230.9  1.19   663   660 1.000  36.3   1745 649F
27.01.2023 12:28:50  *01n 20 100TL 4  504.1  1.06   537  297.7  0.42   125  228.8  1.22  229.9  1.21  231.3  1.19   662   674 1.000  36.3   1748 6C31
27.01.2023 12:29:10  *01n 20 100TL 4  504.2  1.19   602  297.1  0.46   138  229.0  1.26  229.7  1.22  231.3  1.21   741   692 1.000  36.3   1752 5AA0
27.01.2023 12:29:30  *01n 20 100TL 4  512.5  1.09   561  297.2  0.46   135  228.9  1.28  229.8  1.26  231.2  1.26   697   709 1.000  36.3   1756 CEAD
27.01.2023 12:29:50  *01n 20 100TL 4  506.7  1.21   616  297.4  0.52   155  229.3  1.32  229.5  1.31  231.3  1.29   772   729 1.000  36.3   1760 0C0C
27.01.2023 12:30:10  *01n 20 100TL 4  509.5  1.17   598  296.9  0.49   144  229.2  1.44  229.4  1.42  231.6  1.40   743   746 1.000  36.3   1764 C6FE
27.01.2023 12:30:30  *01n 20 100TL 4  502.7  1.28   646  298.6  0.51   154  229.2  1.32  229.8  1.30  231.4  1.30   801   759 1.000  36.3   1768 EA2B
27.01.2023 12:30:50  *01n 20 100TL 4  512.5  1.19   610  298.0  0.54   158  229.3  1.29  229.3  1.26  231.9  1.29   769   764 1.000  36.3   1773 B4F2
27.01.2023 12:31:10  *01n 20 100TL 4  502.2  1.29   646  295.6  0.53   157  229.3  1.40  229.8  1.38  231.3  1.38   804   769 1.000  36.3   1777 54C6
27.01.2023 12:31:30  *01n 20 100TL 4  510.8  1.24   634  297.6  0.55   163  229.1  1.40  229.9  1.38  231.2  1.36   798   767 1.000  36.3   1781 CEC6
27.01.2023 12:31:50  *01n 20 100TL 4  504.5  1.16   587  296.6  0.47   138  229.3  1.42  230.0  1.37  231.4  1.38   726   749 1.000  36.3   1785 F38A
27.01.2023 12:32:10  *01n 20 100TL 4  505.4  1.11   564  297.3  0.48   141  229.4  1.33  229.9  1.29  231.3  1.29   706   727 1.000  36.3   1790 EDDA
27.01.2023 12:32:30  *01n 20 100TL 4  505.9  1.17   592  298.0  0.47   140  229.3  1.27  230.2  1.25  231.4  1.24   732   704 1.000  36.3   1794 2909
27.01.2023 12:32:50  *01n 20 100TL 4  501.0  1.04   524  297.3  0.44   132  229.1  1.31  230.1  1.26  231.3  1.24   657   685 1.000  36.3   1797 E891
27.01.2023 12:33:10  *01n 20 100TL 4  512.2  1.05   540  297.6  0.41   123  229.2  1.28  230.1  1.26  231.5  1.24   663   665 1.000  36.3   1801 1187
27.01.2023 12:33:31  *01n 20 100TL 4  503.4  1.13   570  297.9  0.48   143  229.4  1.29  230.0  1.26  231.5  1.26   714   657 1.000  36.3   1805 CA86
27.01.2023 12:33:51  *01n 20 100TL 4  506.7  0.97   494  297.5  0.39   115  229.2  1.27  230.1  1.24  231.5  1.26   610   646 1.000  36.3   1808 9EBB
27.01.2023 12:34:11  *01n 20 100TL 4  504.3  0.93   473  297.5  0.39   117  229.1  1.25  230.0  1.24  231.3  1.23   590   634 1.000  36.3   1812 C7F5
27.01.2023 12:34:31  *01n 20 100TL 4  504.3  0.92   466  297.4  0.35   103  229.0  1.28  230.0  1.25  231.4  1.24   570   625 1.000  36.3   1816 DA50
27.01.2023 12:34:51  *01n 20 100TL 4  504.4  1.05   532  297.4  0.44   131  229.3  1.10  230.2  1.08  231.5  1.07   663   616 1.000  36.3   1819 09C0
27.01.2023 12:35:11  *01n 20 100TL 4  497.2  0.91   457  297.3  0.36   106  229.3  1.26  229.6  1.23  231.4  1.21   564   608 1.000  36.3   1822 26DC
27.01.2023 12:35:31  *01n 20 100TL 4  505.6  1.01   514  297.3  0.42   125  229.4  1.15  229.6  1.14  231.6  1.12   639   596 1.000  36.3   1826 DD54
27.01.2023 12:35:51  *01n 20 100TL 4  503.3  1.04   524  297.3  0.40   120  229.3  1.08  230.0  1.09  231.6  1.09   645   593 1.000  36.3   1829 ECF0
27.01.2023 12:36:11  *01n 20 100TL 4  494.1  1.00   494  297.3  0.39   119  229.3  1.08  230.2  1.03  231.4  1.04   613   585 1.000  36.3   1832 BC46
27.01.2023 12:36:31  *01n 20 100TL 4  503.5  0.92   465  297.4  0.35   103  229.3  1.12  229.9  1.11  231.5  1.10   569   582 1.000  36.3   1836 3D14
27.01.2023 12:36:51  *01n 20 100TL 4  503.4  0.92   463  297.4  0.35   103  229.1  1.11  229.9  1.07  231.4  1.07   567   584 1.000  36.4   1839 1987
27.01.2023 12:37:11  *01n 20 100TL 4  493.1  1.03   509  297.3  0.39   114  229.3  1.23  229.7  1.19  231.4  1.19   624   581 1.000  36.3   1842 4FB7
27.01.2023 12:37:31  *01n 20 100TL 4  491.7  0.86   425  297.2  0.31    93  229.3  1.13  229.5  1.11  231.5  1.12   518   576 1.000  36.3   1845 8F80
27.01.2023 12:37:51  *01n 20 100TL 4  501.6  0.97   489  297.3  0.39   115  229.3  1.18  230.0  1.13  231.4  1.14   605   579 1.000  36.4   1849 D589
27.01.2023 12:38:11  *01n 20 100TL 4  501.6  1.01   509  297.4  0.36   109  229.2  1.15  229.6  1.12  231.5  1.12   619   578 1.000  36.4   1852 34FE
27.01.2023 12:38:31  *01n 20 100TL 4  501.7  0.90   453  297.1  0.36   106  229.2  1.19  229.5  1.18  231.4  1.18   560   579 1.000  36.4   1855 A745
27.01.2023 12:38:51  *01n 20 100TL 4  502.0  0.97   488  297.3  0.35   103  229.5  1.22  229.5  1.20  231.4  1.19   592   578 1.000  36.3   1858 7048
27.01.2023 12:39:11  *01n 20 100TL 4  501.5  0.88   444  297.2  0.36   106  229.3  1.22  229.6  1.21  231.4  1.19   550   576 1.000  36.4   1861 05C4
27.01.2023 12:39:32  *01n 20 100TL 4  499.0  0.92   460  297.5  0.33    97  229.5  1.23  228.9  1.20  231.5  1.19   558   576 1.000  36.4   1865 E0D9
27.01.2023 12:39:51  *01n 20 100TL 4  499.8  0.88   444  297.4  0.35   103  229.4  1.11  229.9  1.09  231.4  1.08   547   572 1.000  36.4   1868 D10F
27.01.2023 12:40:12  *01n 20 100TL 4  501.5  0.83   419  297.2  0.30    91  229.3  1.22  229.8  1.18  231.2  1.17   511   575 1.000  36.4   1871 3459
27.01.2023 12:40:32  *01n 20 100TL 4  501.0  0.87   440  297.4  0.32    97  227.3  1.15  230.3  1.12  231.4  1.11   538   572 1.000  36.4   1874 1A69
27.01.2023 12:40:52  *01n 20 100TL 4  500.3  1.02   514  297.3  0.37   112  229.5  1.12  230.0  1.09  231.6  1.08   627   575 1.000  36.4   1877 E502
27.01.2023 12:41:12  *01n 20 100TL 4  500.1  0.97   489  297.4  0.39   117  227.4  1.13  230.7  1.11  231.9  1.10   607   573 1.000  36.4   1881 98FC
27.01.2023 12:41:32  *01n 20 100TL 4  499.7  1.02   511  297.3  0.37   111  229.5  1.18  230.1  1.16  231.6  1.16   622   578 1.000  36.4   1884 5E4B
27.01.2023 12:41:52  *01n 20 100TL 4  508.4  0.93   476  297.0  0.36   106  230.7  1.08  229.3  1.06  231.5  1.04   582   570 1.000  36.4   1887 0651
27.01.2023 12:42:12  *01n 20 100TL 4  498.9  0.92   460  297.5  0.35   106  229.6  1.17  229.9  1.14  231.6  1.14   567   569 1.000  36.4   1890 2FA5
27.01.2023 12:42:32  *01n 20 100TL 4  499.4  1.01   505  297.5  0.37   109  229.5  1.13  230.2  1.10  231.7  1.10   614   566 1.000  36.4   1893 75C9
27.01.2023 12:42:52  *01n 20 100TL 4  499.0  0.93   463  297.6  0.36   106  229.5  1.22  230.0  1.21  231.8  1.19   570   570 1.000  36.4   1897 5BF7
27.01.2023 12:43:12  *01n 20 100TL 4  508.3  1.01   511  297.2  0.37   112  229.6  1.13  230.2  1.09  231.9  1.10   624   572 1.000  36.4   1900 4D48
27.01.2023 12:43:32  *01n 20 100TL 4  498.0  0.90   451  297.4  0.35   105  229.6  1.23  230.0  1.19  231.9  1.19   556   584 1.000  36.4   1903 D5A1
27.01.2023 12:43:52  *01n 20 100TL 4  508.1  1.06   543  297.5  0.42   125  229.6  1.22  230.4  1.21  232.1  1.21   668   598 1.000  36.4   1906 629C
27.01.2023 12:44:12  *01n 20 100TL 4  498.5  1.04   520  297.2  0.41   125  229.8  1.11  230.3  1.11  232.2  1.09   645   607 1.000  36.4   1910 AE94
27.01.2023 12:44:32  *01n 20 100TL 4  508.3  0.97   497  297.3  0.37   109  229.6  1.26  229.8  1.23  232.1  1.22   607   614 1.000  36.4   1913 7075
27.01.2023 12:44:52  *01n 20 100TL 4  496.8  0.95   474  297.4  0.39   114  230.3  1.16  229.5  1.12  231.7  1.15   588   616 1.000  36.4   1916 A78D
27.01.2023 12:45:12  *01n 20 100TL 4  506.5  0.98   498  297.4  0.37   111  229.8  1.24  229.8  1.22  232.0  1.21   610   619 1.000  36.4   1920 C2B1
27.01.2023 12:45:32  *01n 20 100TL 4  496.6  0.97   485  297.6  0.40   120  229.5  1.13  229.5  1.12  231.7  1.12   605   613 1.000  36.4   1923 090B
27.01.2023 12:45:52  *01n 20 100TL 4  506.1  0.96   488  297.1  0.36   108  229.4  1.12  229.6  1.09  231.6  1.10   596   607 1.000  36.4   1927 7E4B
27.01.2023 12:46:12  *01n 20 100TL 4  496.9  0.96   480  297.1  0.35   105  229.5  1.19  229.4  1.17  231.6  1.16   585   599 1.000  36.4   1930 C2EB
27.01.2023 12:46:32  *01n 20 100TL 4  496.1  0.93   465  297.2  0.36   108  229.7  1.20  229.9  1.20  231.8  1.17   573   588 1.000  36.4   1933 2AC6
27.01.2023 12:46:53  *01n 20 100TL 4  495.7  0.91   454  296.8  0.35   103  229.7  1.23  230.0  1.19  231.8  1.16   558   581 1.000  36.4   1937 F423
27.01.2023 12:47:13  *01n 20 100TL 4  505.3  0.90   456  297.6  0.35   103  229.5  1.19  230.2  1.17  231.9  1.16   560   576 1.000  36.4   1940 50B2
27.01.2023 12:47:33  *01n 20 100TL 4  505.3  0.86   434  297.6  0.35   102  229.6  1.17  230.1  1.16  231.5  1.17   537   572 1.000  36.4   1943 4B03
27.01.2023 12:47:53  *01n 20 100TL 4  495.0  0.95   473  297.5  0.34   103  229.4  1.10  229.9  1.09  231.6  1.10   576   570 1.000  36.4   1946 1021
27.01.2023 12:48:13  *01n 20 100TL 4  494.5  1.00   498  296.8  0.41   122  229.4  1.10  230.2  1.08  231.6  1.08   621   573 1.000  36.4   1950 4C93
27.01.2023 12:48:33  *01n 20 100TL 4  494.4  1.02   506  297.1  0.39   115  229.3  1.21  229.6  1.17  231.2  1.17   622   572 1.000  36.4   1953 678B
27.01.2023 12:48:53  *01n 20 100TL 4  503.8  0.93   471  297.2  0.35   103  229.3  1.19  229.6  1.17  231.4  1.16   575   572 1.000  36.4   1956 0018
27.01.2023 12:49:13  *01n 20 100TL 4  503.6  0.91   463  297.3  0.35   103  229.3  1.06  229.8  1.04  231.5  1.03   567   563 1.000  36.4   1959 75BC
27.01.2023 12:49:33  *01n 20 100TL 4  503.4  0.83   419  297.5  0.30    88  229.4  1.18  230.1  1.16  231.4  1.17   508   563 1.000  36.4   1962 D089
27.01.2023 12:49:53  *01n 20 100TL 4  503.3  0.83   419  297.4  0.32    97  229.4  1.10  229.5  1.09  231.4  1.06   517   552 1.000  36.4   1965 6D44
27.01.2023 12:50:13  *01n 20 100TL 4  503.1  0.97   489  297.4  0.34   102  229.3  1.09  229.9  1.07  231.5  1.08   592   550 1.000  36.4   1968 2711
27.01.2023 12:50:33  *01n 20 100TL 4  500.9  0.86   433  297.3  0.32    97  229.4  1.17  229.8  1.15  231.4  1.13   531   550 1.000  36.4   1971 452B
27.01.2023 12:50:53  *01n 20 100TL 4  502.7  0.84   425  297.3  0.30    90  229.6  1.10  229.9  1.09  231.5  1.05   515   544 1.000  36.4   1974 3F73
27.01.2023 12:51:13  *01n 20 100TL 4  502.4  0.95   480  297.4  0.37   111  229.6  1.08  230.0  1.07  231.6  1.06   592   543 1.000  36.4   1978 0A87
27.01.2023 12:51:33  *01n 20 100TL 4  512.2  0.96   495  297.4  0.34   102  229.5  1.17  229.9  1.15  231.4  1.15   598   538 1.000  36.4   1981 B3B8
27.01.2023 12:51:53  *01n 20 100TL 4  512.0  0.83   425  297.4  0.30    86  229.3  1.07  229.6  1.05  231.4  1.04   512   527 1.000  36.4   1984 5FE5
27.01.2023 12:52:13  *01n 20 100TL 4  500.3  0.93   465  297.3  0.32    94  229.5  1.08  229.7  1.07  231.4  1.05   560   523 1.000  36.4   1986 D9E9
27.01.2023 12:52:33  *01n 20 100TL 4  498.3  0.80   399  297.3  0.31    90  229.8  1.13  229.9  1.12  231.5  1.11   489   515 1.000  36.4   1989 6EA3
27.01.2023 12:52:53  *01n 20 100TL 4  497.3  0.82   407  297.3  0.28    82  229.9  1.08  229.9  1.06  231.6  1.05   489   505 1.000  36.4   1992 A839
27.01.2023 12:53:14  *01n 20 100TL 4  491.3  0.89   437  297.2  0.32    96  229.9  1.08  229.7  1.05  231.9  1.04   534   492 1.000  36.4   1995 4F3E
27.01.2023 12:53:34  *01n 20 100TL 4  490.7  0.89   437  297.3  0.32    96  229.7  1.08  229.8  1.09  231.7  1.06   534   486 1.000  36.4   1998 AE8E
27.01.2023 12:53:54  *01n 20 100TL 4  492.1  0.73   360  297.6  0.26    77  230.3  0.98  230.1  0.96  232.2  0.97   437   480 0.999c  36.4   2000 042F
27.01.2023 12:54:14  *01n 20 100TL 4  493.6  0.87   431  297.6  0.29    86  228.1  1.07  231.3  1.08  232.5  1.06   518   476 1.000  36.4   2003 5491
27.01.2023 12:54:34  *01n 20 100TL 4  496.3  0.82   408  297.2  0.30    91  227.9  1.05  231.2  1.05  232.3  1.04   500   473 1.000  36.4   2006 0BDD
27.01.2023 12:54:54  *01n 20 100TL 4  494.6  0.75   370  297.3  0.25    74  229.8  1.01  230.3  0.97  232.1  0.98   445   462 1.000  36.4   2008 4633
27.01.2023 12:55:14  *01n 20 100TL 4  489.9  0.75   370  297.1  0.24    73  230.0  0.99  230.5  0.96  232.0  0.95   444   457 1.000  36.4   2011 DCA9
27.01.2023 12:55:34  *01n 20 100TL 4  499.4  0.70   352  297.3  0.25    74  229.9  0.97  230.4  0.95  232.0  0.96   427   454 1.000  36.4   2013 046B
27.01.2023 12:55:54  *01n 20 100TL 4  489.5  0.84   413  297.6  0.26    79  230.0  0.94  230.6  0.92  232.3  0.92   492   450 1.000  36.4   2016 DB19
27.01.2023 12:56:14  *01n 20 100TL 4  492.3  0.68   338  297.4  0.23    70  229.6  1.00  230.7  0.97  231.9  0.97   408   448 1.000  36.4   2018 F975
27.01.2023 12:56:34  *01n 20 100TL 4  495.0  0.83   415  297.1  0.26    76  229.8  0.98  230.5  0.96  232.0  0.95   491   448 1.000  36.4   2021 4BC8
27.01.2023 12:56:54  *01n 20 100TL 4  484.4  0.83   404  297.4  0.28    83  229.9  0.98  230.3  0.97  231.8  0.97   488   439 1.000  36.4   2023 A281
27.01.2023 12:57:14  *01n 20 100TL 4  493.6  0.75   372  297.4  0.23    70  229.6  0.96  230.2  0.94  231.9  0.96   442   439 1.000  36.4   2026 5AFE
27.01.2023 12:57:34  *01n 20 100TL 4  498.1  0.74   373  297.4  0.22    67  229.8  0.95  230.6  0.94  231.9  0.94   440   433 1.000  36.4   2028 1FEE
27.01.2023 12:57:54  *01n 20 100TL 4  497.9  0.68   341  297.3  0.21    64  229.4  0.96  230.2  0.94  231.8  0.96   405   422 1.000  36.4   2031 CAB8
27.01.2023 12:58:14  *01n 20 100TL 4  507.5  0.64   326  297.4  0.22    67  229.9  1.05  230.6  1.05  232.1  1.02   393   411 1.000  36.4   2033 78AA
27.01.2023 12:58:34  *01n 20 100TL 4  509.2  0.76   389  297.4  0.24    70  230.2  0.88  229.9  0.87  231.9  0.88   459   398 1.000  36.4   2035 18C1
27.01.2023 12:58:54  *01n 20 100TL 4  510.9  0.66   343  297.5  0.22    65  229.8  0.95  230.6  0.94  232.0  0.95   408   383 1.000  36.4   2038 AD50
27.01.2023 12:59:15  *01n 20 100TL 4  511.1  0.67   344  297.2  0.19    57  230.1  0.94  230.5  0.94  232.2  0.94   402   369 1.000  36.4   2040 C54F
27.01.2023 12:59:34  *01n 20 100TL 4  503.1  0.57   289  297.4  0.17    53  229.7  0.89  230.4  0.88  231.9  0.86   343   360 1.000  36.4   2042 F55B
27.01.2023 12:59:55  *01n 20 100TL 4  497.0  0.66   329  297.5  0.20    61  229.5  0.96  230.1  0.94  231.8  0.95   390   354 1.000  36.4   2044 A810
27.01.2023 13:00:15  *01n 20 100TL 4  496.6  0.49   244  297.4  0.13    39  229.4  0.93  230.1  0.90  231.7  0.90   283   344 1.000  36.4   2046 8896
27.01.2023 13:00:35  *01n 20 100TL 4  506.2  0.64   326  297.3  0.20    62  229.3  0.94  229.1  0.90  231.5  0.88   389   346 1.000  36.4   2047 6954
27.01.2023 13:00:55  *01n 20 100TL 4  486.1  0.56   276  297.5  0.14    42  228.9  0.97  228.6  0.95  231.1  0.93   318   347 1.000  36.5   2049 C6D9
27.01.2023 13:01:15  *01n 20 100TL 4  486.1  0.63   311  297.3  0.19    56  228.5  0.93  229.2  0.89  231.0  0.89   367   350 1.000  36.5   2051 CBE4
27.01.2023 13:01:35  *01n 20 100TL 4  487.8  0.56   279  297.3  0.14    42  228.9  0.97  228.8  0.97  230.9  0.95   321   347 1.000  36.5   2053 48F4
27.01.2023 13:01:55  *01n 20 100TL 4  488.7  0.66   325  297.6  0.20    59  228.7  0.93  228.9  0.93  231.1  0.90   384   346 1.000  36.4   2055 D84A
27.01.2023 13:02:15  *01n 20 100TL 4  495.0  0.57   285  297.4  0.16    47  228.6  0.90  228.9  0.90  231.0  0.87   332   346 1.000  36.5   2057 57E3
27.01.2023 13:02:35  *01n 20 100TL 4  494.8  0.49   247  297.5  0.15    47  228.8  0.95  228.8  0.90  230.8  0.90   294   346 1.000  36.5   2059 849F
27.01.2023 13:02:55  *01n 20 100TL 4  484.7  0.57   279  297.3  0.15    44  228.6  0.97  229.1  0.97  230.6  0.94   323   349 1.000  36.5   2061 A01E
27.01.2023 13:03:15  *01n 20 100TL 4  483.0  0.55   268  297.4  0.17    50  228.6  0.98  229.2  0.95  230.7  0.95   318   344 1.000  36.5   2063 CCA1
27.01.2023 13:03:35  *01n 20 100TL 4  496.4  0.69   344  297.5  0.19    54  228.4  0.89  228.8  0.85  230.4  0.85   399   341 0.999c  36.5   2065 A02F
27.01.2023 13:03:55  *01n 20 100TL 4  507.8  0.61   311  297.4  0.18    54  228.3  0.99  228.8  0.98  230.5  0.96   366   343 1.000  36.5   2067 822F
27.01.2023 13:04:15  *01n 20 100TL 4  483.8  0.62   300  297.4  0.17    51  228.4  0.93  228.1  0.90  230.5  0.91   352   341 1.000  36.5   2069 2013
27.01.2023 13:04:35  *01n 20 100TL 4  483.6  0.67   325  297.5  0.18    51  227.9  0.97  228.5  0.95  230.2  0.94   376   343 1.000  36.5   2071 9A87
27.01.2023 13:04:55  *01n 20 100TL 4  483.4  0.54   265  297.3  0.16    47  228.1  0.87  228.6  0.87  230.1  0.85   312   343 1.000  36.5   2072 C9AA
27.01.2023 13:05:15  *01n 20 100TL 4  470.9  0.68   323  297.4  0.17    50  227.8  0.89  228.5  0.86  230.0  0.86   373   337 1.000  36.5   2074 F6BC
27.01.2023 13:05:36  *01n 20 100TL 4  488.8  0.65   317  297.5  0.18    54  228.1  0.92  228.8  0.93  230.3  0.91   372   344 1.000  36.5   2076 8C67
27.01.2023 13:05:56  *01n 20 100TL 4  487.0  0.55   273  297.4  0.14    42  228.2  0.95  228.7  0.92  230.2  0.93   315   340 1.000  36.5   2078 7B8D
27.01.2023 13:06:16  *01n 20 100TL 4  487.0  0.66   321  297.4  0.19    57  228.3  0.90  229.0  0.87  230.5  0.87   379   338 1.000  36.5   2080 442D
27.01.2023 13:06:36  *01n 20 100TL 4  491.9  0.53   262  297.5  0.14    42  228.2  0.97  228.9  0.95  230.5  0.96   305   343 0.999i  36.5   2082 8471
27.01.2023 13:06:56  *01n 20 100TL 4  483.9  0.56   273  297.6  0.16    48  228.3  0.88  229.1  0.89  230.5  0.87   321   338 1.000  36.5   2084 508F
27.01.2023 13:07:16  *01n 20 100TL 4  487.9  0.57   279  297.2  0.15    44  228.1  0.91  228.7  0.89  230.2  0.87   323   340 1.000  36.5   2086 DF54
27.01.2023 13:07:36  *01n 20 100TL 4  485.6  0.57   279  297.4  0.17    50  228.1  0.95  228.7  0.94  230.3  0.93   329   346 1.000  36.5   2088 A4AC
27.01.2023 13:07:56  *01n 20 100TL 4  496.1  0.66   331  297.3  0.18    51  228.1  0.90  228.6  0.91  230.0  0.90   383   355 1.000  36.5   2090 C760
27.01.2023 13:08:16  *01n 20 100TL 4  485.3  0.70   343  297.5  0.21    65  228.1  0.93  228.8  0.90  230.3  0.87   408   355 1.000  36.5   2092 89CC
27.01.2023 13:08:36  *01n 20 100TL 4  495.0  0.68   341  297.5  0.19    56  228.0  0.97  228.6  0.97  230.0  0.95   398   366 1.000  36.5   2094 450C
27.01.2023 13:08:56  *01n 20 100TL 4  493.1  0.68   340  297.4  0.20    59  228.1  0.95  228.8  0.94  230.1  0.91   399   366 1.000  36.5   2096 FBE8
27.01.2023 13:09:16  *01n 20 100TL 4  474.3  0.57   276  297.5  0.18    53  228.2  1.00  228.9  0.99  230.2  0.98   329   363 1.000  36.5   2098 976B
27.01.2023 13:09:36  *01n 20 100TL 4  485.2  0.73   357  297.3  0.20    57  228.5  0.87  228.9  0.86  230.6  0.88   415   361 1.000  36.5   2100 8091
27.01.2023 13:09:56  *01n 20 100TL 4  494.6  0.55   271  297.2  0.16    48  228.3  0.97  228.8  0.95  230.6  0.95   320   355 1.000  36.5   2102 5CB2
27.01.2023 13:10:16  *01n 20 100TL 4  484.4  0.57   276  297.4  0.14    42  228.3  0.96  228.7  0.93  230.6  0.93   318   349 1.000  36.5   2104 D0DA
27.01.2023 13:10:36  *01n 20 100TL 4  484.1  0.64   311  297.3  0.18    53  228.3  0.97  228.9  0.93  230.5  0.95   364   340 1.000  36.5   2106 A703
27.01.2023 13:10:56  *01n 20 100TL 4  483.7  0.55   268  297.4  0.13    41  228.0  0.94  229.0  0.94  230.5  0.92   309   331 1.000  36.5   2107 6BE3
27.01.2023 13:11:16  *01n 20 100TL 4  483.9  0.67   326  297.2  0.18    53  228.2  0.97  229.0  0.95  230.4  0.96   379   329 1.000  36.5   2109 5C3C
27.01.2023 13:11:36  *01n 20 100TL 4  473.7  0.55   262  297.5  0.14    41  228.2  0.92  228.8  0.90  230.4  0.91   303   320 1.000  36.5   2111 1ED4
27.01.2023 13:11:56  *01n 20 100TL 4  482.8  0.46   228  297.3  0.13    39  229.1  0.92  229.2  0.88  229.7  0.90   268   318 1.000  36.5   2113 813A
27.01.2023 13:12:16  *01n 20 100TL 4  482.8  0.56   271  297.4  0.12    38  228.1  0.85  229.1  0.83  230.4  0.85   309   315 1.000  36.5   2115 A4E8
27.01.2023 13:12:37  *01n 20 100TL 4  492.4  0.57   280  297.3  0.15    45  228.2  0.85  228.9  0.86  230.4  0.87   326   312 1.000  36.5   2116 8E98
27.01.2023 13:12:57  *01n 20 100TL 4  492.1  0.50   250  297.2  0.11    33  228.1  0.93  229.0  0.90  230.3  0.91   283   308 1.000  36.5   2118 AB62
27.01.2023 13:13:17  *01n 20 100TL 4  491.9  0.61   302  297.2  0.16    47  227.9  0.94  228.4  0.93  229.8  0.92   349   309 1.000  36.5   2120 FC5A
27.01.2023 13:13:37  *01n 20 100TL 4  491.5  0.46   230  297.6  0.11    35  228.2  0.87  228.8  0.89  230.0  0.89   265   302 1.000  36.5   2122 9949
27.01.2023 13:13:57  *01n 20 100TL 4  491.4  0.54   270  297.2  0.12    38  228.5  0.92  229.3  0.92  230.5  0.90   308   302 1.000  36.5   2123 7972
27.01.2023 13:14:17  *01n 20 100TL 4  491.4  0.47   234  296.7  0.12    36  228.6  0.94  229.3  0.89  230.6  0.90   271   297 1.000  36.5   2125 0685
27.01.2023 13:14:37  *01n 20 100TL 4  491.0  0.58   289  296.8  0.13    38  228.7  0.93  229.4  0.89  230.7  0.89   328   291 1.000  36.5   2127 2AEA
27.01.2023 13:14:57  *01n 20 100TL 4  500.8  0.52   262  297.5  0.13    38  228.7  0.95  229.3  0.93  230.7  0.92   300   291 1.000  36.5   2128 D6A0
27.01.2023 13:15:17  *01n 20 100TL 4  481.0  0.57   274  297.4  0.12    35  228.9  0.88  229.4  0.87  230.6  0.86   309   285 0.999c  36.5   2130 CCFE
27.01.2023 13:15:37  *01n 20 100TL 4  493.1  0.47   233  297.4  0.11    33  228.7  0.89  229.6  0.88  230.8  0.87   267   286 1.000  36.5   2131 8A85
27.01.2023 13:15:57  *01n 20 100TL 4  499.8  0.45   228  297.8  0.10    28  228.7  0.88  229.6  0.84  230.8  0.85   257   283 1.000  36.5   2133 8894
27.01.2023 13:16:17  *01n 20 100TL 4  499.6  0.56   280  297.2  0.14    42  229.4  0.90  229.1  0.84  230.7  0.87   323   283 1.000  36.5   2135 675A
27.01.2023 13:16:37  *01n 20 100TL 4  489.6  0.50   248  297.2  0.11    32  228.8  0.93  229.5  0.91  231.0  0.90   280   286 1.000  36.5   2136 31C4
27.01.2023 13:16:57  *01n 20 100TL 4  499.2  0.56   280  297.1  0.14    42  228.9  0.87  229.4  0.84  230.8  0.82   323   285 1.000  36.5   2138 9736
27.01.2023 13:17:17  *01n 20 100TL 4  501.2  0.43   215  297.7  0.09    28  229.2  0.89  229.4  0.86  231.0  0.87   244   286 1.000  36.5   2139 B9E4
27.01.2023 13:17:37  *01n 20 100TL 4  494.6  0.57   285  297.3  0.14    42  229.1  0.90  229.5  0.87  230.9  0.85   328   292 1.000  36.5   2141 7A92
27.01.2023 13:17:57  *01n 20 100TL 4  498.3  0.57   286  297.6  0.14    44  229.0  0.90  229.3  0.91  231.1  0.88   331   300 1.000  36.5   2143 6D8D
27.01.2023 13:18:17  *01n 20 100TL 4  498.1  0.48   239  297.5  0.10    32  228.9  0.93  229.5  0.91  231.1  0.89   271   303 1.000  36.5   2144 45AA
27.01.2023 13:18:38  *01n 20 100TL 4  507.9  0.55   279  297.4  0.15    45  229.0  0.93  229.6  0.93  231.0  0.90   325   308 1.000  36.5   2146 BD57
27.01.2023 13:18:58  *01n 20 100TL 4  495.7  0.64   320  297.1  0.16    47  229.1  0.91  229.8  0.92  231.0  0.90   367   315 0.999c  36.5   2148 04E1
27.01.2023 13:19:18  *01n 20 100TL 4  500.4  0.49   245  297.4  0.13    39  228.9  0.92  229.6  0.93  230.9  0.91   285   311 1.000  36.5   2149 E528
27.01.2023 13:19:38  *01n 20 100TL 4  492.9  0.62   309  297.5  0.14    42  228.8  0.90  229.6  0.88  230.9  0.88   352   308 1.000  36.5   2151 85C0
27.01.2023 13:19:58  *01n 20 100TL 4  501.4  0.47   238  297.3  0.11    35  228.8  0.95  229.6  0.93  231.0  0.91   273   305 1.000  36.5   2153 490F
27.01.2023 13:20:18  *01n 20 100TL 4  496.6  0.58   291  297.3  0.14    41  228.7  0.94  229.5  0.96  230.8  0.90   332   300 1.000  36.5   2155 29A4
27.01.2023 13:20:38  *01n 20 100TL 4  495.4  0.47   234  297.0  0.11    35  228.9  0.94  229.6  0.94  231.0  0.90   270   294 0.999i  36.5   2156 B7A5
27.01.2023 13:20:58  *01n 20 100TL 4  502.7  0.53   271  297.1  0.11    33  228.8  0.91  229.5  0.91  230.8  0.89   305   283 1.000  36.5   2158 2855
27.01.2023 13:21:18  *01n 20 100TL 4  500.0  0.54   271  297.5  0.13    39  228.7  0.91  229.5  0.89  230.8  0.89   311   276 1.000  36.5   2159 FCC0
27.01.2023 13:21:38  *01n 20 100TL 4  500.3  0.43   215  297.6  0.08    25  229.0  0.88  229.6  0.87  231.0  0.88   241   263 1.000  36.5   2161 AAF5
27.01.2023 13:21:58  *01n 20 100TL 4  500.6  0.42   210  297.4  0.09    28  229.1  0.90  229.7  0.86  230.8  0.87   239   256 1.000  36.5   2162 D927
27.01.2023 13:22:18  *01n 20 100TL 4  490.4  0.51   251  297.5  0.09    27  228.9  0.89  229.9  0.84  231.1  0.84   279   251 1.000  36.5   2164 1A81
27.01.2023 13:22:38  *01n 20 100TL 4  487.6  0.50   247  297.6  0.07    21  229.5  0.88  229.2  0.85  230.9  0.85   268   250 1.000  36.5   2165 11F3
27.01.2023 13:22:58  *01n 20 100TL 4  491.0  0.38   189  297.4  0.07    21  228.7  0.90  229.6  0.86  230.9  0.85   210   250 1.000  36.5   2167 A530
27.01.2023 13:23:18  *01n 20 100TL 4  488.9  0.52   257  297.4  0.09    27  228.6  0.87  229.3  0.85  230.8  0.82   285   253 1.000  36.5   2168 2137
27.01.2023 13:23:38  *01n 20 100TL 4  470.3  0.44   210  297.3  0.08    24  228.6  0.90  229.4  0.88  230.7  0.87   234   254 1.000  36.5   2169 42A1
27.01.2023 13:23:58  *01n 20 100TL 4  479.0  0.57   274  297.4  0.09    27  228.9  0.84  229.6  0.83  231.0  0.83   302   257 1.000  36.5   2171 A753
27.01.2023 13:24:18  *01n 20 100TL 4  470.1  0.37   177  297.5  0.07    22  228.9  0.83  229.6  0.85  231.2  0.82   199   260 1.000  36.5   2172 45BC
27.01.2023 13:24:39  *01n 20 100TL 4  469.7  0.47   224  297.4  0.08    25  229.2  0.85  229.7  0.84  231.3  0.85   250   259 1.000  36.5   2174 79A8
27.01.2023 13:24:59  *01n 20 100TL 4  487.4  0.42   207  297.3  0.09    28  229.1  0.92  229.6  0.90  231.4  0.90   236   265 1.000  36.5   2175 DC13
27.01.2023 13:25:19  *01n 20 100TL 4  498.0  0.38   190  297.2  0.07    21  229.4  0.88  229.5  0.86  231.1  0.86   212   265 1.000  36.5   2177 65E7
27.01.2023 13:25:39  *01n 20 100TL 4  507.6  0.51   262  297.5  0.12    35  229.2  0.87  229.4  0.83  231.0  0.84   297   268 1.000  36.5   2178 AE47
27.01.2023 13:25:59  *01n 20 100TL 4  507.4  0.55   282  297.5  0.13    39  229.7  0.86  229.2  0.85  231.4  0.82   321   277 1.000  36.5   2180 0F7C
27.01.2023 13:26:19  *01n 20 100TL 4  497.1  0.50   250  297.6  0.12    36  229.4  0.88  229.4  0.88  231.1  0.84   286   286 1.000  36.6   2181 FD56
27.01.2023 13:26:39  *01n 20 100TL 4  496.8  0.61   305  297.4  0.13    36  229.3  0.89  229.5  0.90  231.3  0.90   341   296 1.000  36.5   2183 0BC1
27.01.2023 13:26:59  *01n 20 100TL 4  496.2  0.51   256  298.2  0.13    38  229.2  0.85  229.7  0.85  231.2  0.84   294   299 1.000  36.6   2185 4E77
27.01.2023 13:27:19  *01n 20 100TL 4  496.3  0.61   306  297.4  0.15    44  229.2  0.90  229.4  0.85  231.4  0.87   350   303 1.000  36.6   2186 1582
27.01.2023 13:27:39  *01n 20 100TL 4  495.9  0.51   256  297.5  0.11    35  229.1  0.92  229.3  0.90  231.0  0.85   291   305 1.000  36.6   2188 DF89
27.01.2023 13:27:59  *01n 20 100TL 4  486.0  0.50   242  297.3  0.12    36  228.9  0.93  229.3  0.93  231.3  0.91   279   305 1.000  36.6   2190 89A6
27.01.2023 13:28:19  *01n 20 100TL 4  485.6  0.55   268  297.5  0.11    33  229.1  0.95  229.2  0.92  231.1  0.91   302   303 1.000  36.6   2191 540C
27.01.2023 13:28:39  *01n 20 100TL 4  495.3  0.49   244  297.2  0.12    35  229.5  0.92  228.8  0.91  231.4  0.90   279   299 0.999i  36.6   2193 E9BD
27.01.2023 13:28:59  *01n 20 100TL 4  495.1  0.54   267  297.3  0.11    35  228.9  0.88  228.7  0.86  231.1  0.85   302   288 1.000  36.6   2195 15BD
27.01.2023 13:29:19  *01n 20 100TL 4  495.4  0.46   233  297.5  0.10    32  229.3  0.91  229.4  0.91  231.2  0.92   265   285 1.000  36.5   2196 FC78
27.01.2023 13:29:39  *01n 20 100TL 4  494.9  0.45   225  297.4  0.10    28  229.2  0.91  229.6  0.91  231.1  0.88   254   279 0.999i  36.6   2198 514E
27.01.2023 13:29:59  *01n 20 100TL 4  494.4  0.48   238  297.4  0.11    33  229.1  0.89  229.4  0.86  230.8  0.85   271   274 1.000  36.6   2199 AECA
27.01.2023 13:30:20  *01n 20 100TL 4  494.1  0.57   288  297.3  0.12    35  228.8  0.85  229.6  0.83  230.9  0.83   323   276 0.999c  36.6   2201 7D55
27.01.2023 13:30:40  *01n 20 100TL 4  504.0  0.48   245  297.4  0.12    35  228.9  0.85  229.5  0.86  231.0  0.85   280   271 1.000  36.6   2202 9832
27.01.2023 13:31:00  *01n 20 100TL 4  503.7  0.53   268  297.4  0.10    33  228.6  0.86  229.6  0.84  231.1  0.85   302   270 1.000  36.6   2204 FB9C
27.01.2023 13:31:20  *01n 20 100TL 4  503.6  0.41   210  297.4  0.09    25  228.8  0.92  229.5  0.90  230.9  0.87   236   267 1.000  36.6   2205 05F1
27.01.2023 13:31:40  *01n 20 100TL 4  493.1  0.55   274  297.3  0.12    36  228.7  0.88  229.7  0.82  231.1  0.86   311   263 1.000  36.6   2207 33F3
27.01.2023 13:32:00  *01n 20 100TL 4  493.0  0.49   244  297.4  0.08    25  228.8  0.93  229.8  0.90  231.1  0.89   270   267 1.000  36.6   2208 04CE
27.01.2023 13:32:20  *01n 20 100TL 4  492.7  0.44   219  297.3  0.09    27  229.0  0.89  229.7  0.86  231.0  0.84   247   260 1.000  36.6   2210 5C98
27.01.2023 13:32:40  *01n 20 100TL 4  502.4  0.35   178  297.3  0.06    19  228.9  0.85  229.7  0.81  231.1  0.80   198   254 1.000  36.6   2211 611B
27.01.2023 13:33:00  *01n 20 100TL 4  512.3  0.39   201  297.3  0.08    25  229.2  0.89  229.9  0.85  231.3  0.83   227   251 1.000  36.6   2213 4850
27.01.2023 13:33:20  *01n 20 100TL 4  512.0  0.54   276  297.5  0.09    25  229.3  0.90  230.1  0.91  231.4  0.87   302   256 0.999i  36.6   2214 5B0F
27.01.2023 13:33:40  *01n 20 100TL 4  499.5  0.43   219  297.4  0.09    28  229.2  0.90  230.2  0.85  231.5  0.85   248   263 1.000  36.6   2216 763F
27.01.2023 13:34:00  *01n 20 100TL 4  491.4  0.43   213  297.5  0.08    25  229.0  0.85  230.0  0.86  231.5  0.81   239   267 1.000  36.6   2217 2DE4
27.01.2023 13:34:20  *01n 20 100TL 4  491.2  0.42   210  297.4  0.10    28  228.8  0.91  229.7  0.88  231.2  0.86   239   270 1.000  36.6   2218 C56A
27.01.2023 13:34:40  *01n 20 100TL 4  501.0  0.50   253  297.5  0.10    32  228.9  0.82  229.9  0.82  231.4  0.84   285   267 0.999c  36.6   2220 BFE6
27.01.2023 13:35:00  *01n 20 100TL 4  500.7  0.45   225  297.3  0.09    27  229.0  0.88  229.6  0.90  231.2  0.86   253   263 1.000  36.6   2222 825A
27.01.2023 13:35:20  *01n 20 100TL 4  522.9  0.38   199  297.3  0.08    24  229.3  0.90  230.0  0.88  231.5  0.89   224   253 1.000  36.6   2223 860E
27.01.2023 13:35:40  *01n 20 100TL 4  524.6  0.42   221  297.3  0.09    28  229.0  0.92  230.0  0.90  231.7  0.87   250   254 1.000  36.6   2224 79DE
27.01.2023 13:36:00  *01n 20 100TL 4  525.1  0.50   260  297.6  0.10    30  229.0  0.87  229.6  0.85  231.3  0.82   291   253 1.000  36.6   2226 22D0
27.01.2023 13:36:20  *01n 20 100TL 4  520.0  0.45   238  297.5  0.08    25  229.0  0.90  229.6  0.90  231.1  0.88   263   259 1.000  36.6   2227 093B
27.01.2023 13:36:40  *01n 20 100TL 4  489.4  0.54   267  297.5  0.11    35  228.9  0.83  229.7  0.86  231.3  0.84   302   263 1.000  36.6   2229 7C9C
27.01.2023 13:37:00  *01n 20 100TL 4  500.0  0.54   270  297.3  0.10    28  228.7  0.87  229.7  0.82  231.1  0.79   299   259 1.000  36.6   2230 65DC
27.01.2023 13:37:21  *01n 20 100TL 4  495.8  0.47   238  297.4  0.09    28  228.9  0.86  229.8  0.83  231.2  0.84   267   254 1.000  36.6   2231 6079
27.01.2023 13:37:41  *01n 20 100TL 4  512.9  0.39   201  297.2  0.06    18  228.8  0.89  229.7  0.83  231.2  0.85   219   244 1.000  36.6   2233 83CA
27.01.2023 13:38:01  *01n 20 100TL 4  502.9  0.49   250  297.4  0.10    28  228.9  0.85  228.9  0.85  231.1  0.83   279   244 0.999c  36.6   2234 98BC
27.01.2023 13:38:21  *01n 20 100TL 4  483.8  0.40   195  297.3  0.06    18  229.0  0.88  230.0  0.82  231.4  0.84   213   239 1.000  36.6   2236 2697
27.01.2023 13:38:41  *01n 20 100TL 4  489.1  0.40   198  297.4  0.07    19  228.7  0.89  229.8  0.83  231.1  0.83   218   234 1.000  36.6   2237 C59F
27.01.2023 13:39:01  *01n 20 100TL 4  481.1  0.50   239  297.7  0.07    21  229.3  0.87  229.2  0.85  231.0  0.80   260   231 0.999c  36.6   2238 879E
27.01.2023 13:39:21  *01n 20 100TL 4  481.7  0.50   244  297.3  0.06    19  228.9  0.87  229.6  0.83  231.0  0.82   263   230 1.000  36.6   2240 754B
27.01.2023 13:39:41  *01n 20 100TL 4  490.3  0.44   218  297.7  0.07    21  228.8  0.86  229.8  0.83  231.2  0.85   239   231 1.000  36.6   2241 F5C5
27.01.2023 13:40:01  *01n 20 100TL 4  493.6  0.49   244  297.5  0.07    21  229.0  0.86  229.9  0.83  231.4  0.81   265   234 1.000  36.6   2242 9B7C
27.01.2023 13:40:21  *01n 20 100TL 4  483.5  0.46   222  297.3  0.06    18  228.9  0.89  229.9  0.83  231.5  0.85   241   233 1.000  36.6   2243 C255
27.01.2023 13:40:41  *01n 20 100TL 4  483.1  0.50   242  297.4  0.07    21  229.0  0.88  230.0  0.84  231.6  0.84   263   234 1.000  36.6   2245 64D4
27.01.2023 13:41:01  *01n 20 100TL 4  473.4  0.57   276  297.4  0.09    27  229.2  0.89  230.1  0.87  231.7  0.90   303   239 1.000  36.6   2246 849F
27.01.2023 13:41:21  *01n 20 100TL 4  463.9  0.46   216  297.4  0.06    18  228.9  0.88  230.0  0.86  231.5  0.87   234   234 1.000  36.6   2247 F617
27.01.2023 13:41:41  *01n 20 100TL 4  472.9  0.47   225  297.4  0.08    25  229.0  0.87  230.0  0.82  231.4  0.82   251   239 1.000  36.6   2249 C4C7
27.01.2023 13:42:01  *01n 20 100TL 4  491.9  0.49   242  297.5  0.07    21  228.8  0.87  229.8  0.83  231.3  0.83   263   244 1.000  36.6   2250 C76D
27.01.2023 13:42:21  *01n 20 100TL 4  480.2  0.45   219  297.4  0.07    22  228.9  0.88  230.0  0.85  231.4  0.88   242   250 1.000  36.6   2251 6C57
27.01.2023 13:42:41  *01n 20 100TL 4  487.9  0.57   280  297.4  0.10    30  228.8  0.93  229.9  0.90  231.4  0.88   311   260 0.999i  36.6   2253 A986
27.01.2023 13:43:01  *01n 20 100TL 4  501.1  0.43   218  297.6  0.08    25  229.4  0.89  230.4  0.90  230.8  0.86   244   267 1.000  36.6   2254 E42F
27.01.2023 13:43:21  *01n 20 100TL 4  500.8  0.42   215  297.4  0.09    27  229.0  0.89  230.0  0.85  231.4  0.87   242   274 1.000  36.6   2256 AA63
27.01.2023 13:43:41  *01n 20 100TL 4  500.6  0.40   201  297.6  0.09    25  229.2  0.89  230.0  0.85  231.5  0.83   227   285 1.000  36.6   2257 9141
27.01.2023 13:44:02  *01n 20 100TL 4  500.3  0.47   236  298.1  0.13    38  228.9  0.88  230.1  0.84  231.4  0.86   274   297 0.999c  36.6   2259 E6F5
27.01.2023 13:44:22  *01n 20 100TL 4  490.0  0.55   271  297.3  0.13    39  229.1  0.90  229.9  0.89  231.4  0.86   311   305 0.999c  36.6   2261 9386
27.01.2023 13:44:42  *01n 20 100TL 4  499.5  0.55   277  297.4  0.14    44  229.3  0.95  230.2  0.93  231.6  0.91   321   312 1.000  36.6   2262 D05A
27.01.2023 13:45:02  *01n 20 100TL 4  489.5  0.53   260  297.5  0.12    36  229.3  0.93  230.1  0.93  231.4  0.89   297   314 1.000  36.6   2264 1F8F
27.01.2023 13:45:22  *01n 20 100TL 4  499.0  0.48   244  297.6  0.13    39  229.3  0.90  230.2  0.89  231.6  0.87   283   306 1.000  36.6   2266 442B
27.01.2023 13:45:42  *01n 20 100TL 4  488.7  0.41   204  298.0  0.09    25  229.4  0.97  230.3  0.93  231.8  0.92   230   297 1.000  36.6   2268 DB9A
27.01.2023 13:46:02  *01n 20 100TL 4  498.6  0.52   262  297.5  0.13    39  229.3  0.88  230.3  0.86  231.8  0.87   302   288 0.999c  36.6   2269 30ED
27.01.2023 13:46:22  *01n 20 100TL 4  498.6  0.45   225  297.4  0.09    27  229.3  0.90  230.3  0.90  231.7  0.87   253   270 1.000  36.6   2271 208E
27.01.2023 13:46:42  *01n 20 100TL 4  498.5  0.40   202  297.3  0.08    25  229.2  0.85  230.4  0.83  231.5  0.86   228   259 1.000  36.6   2272 DA56
27.01.2023 13:47:02  *01n 20 100TL 4  498.3  0.42   210  297.4  0.08    25  229.1  0.85  230.1  0.81  231.5  0.83   236   251 1.000  36.6   2274 D2D6
27.01.2023 13:47:22  *01n 20 100TL 4  487.8  0.38   189  297.5  0.07    22  229.2  0.88  230.1  0.86  231.5  0.83   212   248 0.999i  36.6   2275 2DBF
27.01.2023 13:47:42  *01n 20 100TL 4  477.9  0.39   190  297.4  0.08    25  229.2  0.84  230.1  0.86  231.4  0.80   216   248 1.000  36.6   2276 6D47
27.01.2023 13:48:02  *01n 20 100TL 4  497.6  0.44   219  297.4  0.08    24  229.9  0.89  229.8  0.89  231.8  0.85   244   260 1.000  36.6   2278 1C3C
27.01.2023 13:48:22  *01n 20 100TL 4  497.1  0.43   218  297.4  0.10    30  229.4  0.86  230.4  0.85  231.8  0.84   248   267 1.000  36.6   2279 978B
27.01.2023 13:48:42  *01n 20 100TL 4  496.9  0.47   234  297.4  0.09    28  229.3  0.90  230.1  0.88  231.4  0.87   263   277 1.000  36.6   2281 E15B
27.01.2023 13:49:02  *01n 20 100TL 4  496.5  0.41   207  297.3  0.09    28  229.2  0.87  230.2  0.85  231.3  0.83   236   280 1.000  36.6   2282 C0A4
27.01.2023 13:49:22  *01n 20 100TL 4  506.4  0.48   248  297.5  0.10    32  229.2  0.87  229.8  0.88  231.4  0.85   280   286 1.000  36.6   2284 AD3B
27.01.2023 13:49:43  *01n 20 100TL 4  487.6  0.47   231  297.1  0.11    35  229.3  0.93  230.4  0.91  231.5  0.87   267   291 1.000  36.6   2285 5204
27.01.2023 13:50:03  *01n 20 100TL 4  505.0  0.46   236  296.9  0.10    32  230.3  0.91  230.1  0.88  231.3  0.91   268   292 0.999i  36.6   2287 93B9
27.01.2023 13:50:23  *01n 20 100TL 4  486.2  0.62   303  297.1  0.15    45  229.5  0.90  230.0  0.88  231.5  0.87   349   299 1.000  36.6   2289 06D0
27.01.2023 13:50:43  *01n 20 100TL 4  495.0  0.61   302  297.5  0.15    44  229.4  0.86  230.0  0.87  231.4  0.86   346   302 1.000  36.6   2290 A07A
27.01.2023 13:51:03  *01n 20 100TL 4  494.8  0.58   291  297.2  0.14    42  229.4  0.87  230.2  0.86  231.7  0.86   334   303 1.000  36.6   2292 F06E
27.01.2023 13:51:23  *01n 20 100TL 4  484.9  0.54   263  297.4  0.13    39  229.1  0.88  229.8  0.85  231.5  0.85   303   306 1.000  36.6   2294 EF68
27.01.2023 13:51:43  *01n 20 100TL 4  494.4  0.58   289  297.5  0.15    45  229.3  0.92  230.2  0.86  231.6  0.86   335   317 1.000  36.6   2296 97BD
27.01.2023 13:52:03  *01n 20 100TL 4  490.3  0.54   267  297.4  0.15    44  229.7  0.94  230.6  0.93  232.0  0.93   311   326 1.000  36.6   2297 CBE2
27.01.2023 13:52:23  *01n 20 100TL 4  500.2  0.46   233  297.4  0.11    33  229.8  0.96  230.5  0.94  232.0  0.93   267   326 1.000  36.6   2299 F1E6
27.01.2023 13:52:43  *01n 20 100TL 4  480.0  0.53   256  297.3  0.14    42  229.6  0.97  230.9  0.96  232.2  0.95   299   329 1.000  36.6   2301 1F7A
27.01.2023 13:53:03  *01n 20 100TL 4  500.6  0.61   308  297.6  0.14    44  229.7  0.97  230.5  0.95  231.9  0.93   352   335 1.000  36.6   2303 81C4
27.01.2023 13:53:23  *01n 20 100TL 4  496.1  0.65   323  297.1  0.18    53  229.9  0.95  230.5  0.92  232.0  0.93   376   335 1.000  36.6   2305 50C0
27.01.2023 13:53:43  *01n 20 100TL 4  500.9  0.57   288  297.4  0.14    42  229.5  0.95  230.5  0.95  231.8  0.93   331   328 1.000  36.6   2307 391D
27.01.2023 13:54:03  *01n 20 100TL 4  484.0  0.61   299  297.3  0.16    50  229.7  0.89  230.4  0.86  231.8  0.86   349   315 1.000  36.6   2308 282C
27.01.2023 13:54:23  *01n 20 100TL 4  478.1  0.55   267  297.4  0.14    42  229.9  0.91  230.5  0.92  232.0  0.91   309   315 1.000  36.6   2310 2855
27.01.2023 13:54:43  *01n 20 100TL 4  487.3  0.46   228  297.5  0.11    33  229.7  0.94  230.6  0.90  232.0  0.89   262   312 1.000  36.6   2312 6FA0
27.01.2023 13:55:03  *01n 20 100TL 4  497.0  0.59   294  297.5  0.15    47  229.6  0.90  230.4  0.87  232.0  0.88   341   317 1.000  36.6   2314 3BF2
27.01.2023 13:55:23  *01n 20 100TL 4  496.7  0.52   260  297.3  0.12    36  229.4  0.93  230.3  0.90  232.0  0.88   297   318 1.000  36.6   2315 34EC
27.01.2023 13:55:43  *01n 20 100TL 4  496.5  0.64   318  297.4  0.17    51  229.4  0.89  230.4  0.86  232.0  0.84   370   325 1.000  36.6   2317 83A8
27.01.2023 13:56:03  *01n 20 100TL 4  486.4  0.67   328  297.4  0.16    47  229.6  0.96  230.6  0.93  232.1  0.91   375   326 1.000  36.6   2319 973A
27.01.2023 13:56:23  *01n 20 100TL 4  486.0  0.67   326  297.3  0.18    53  229.7  0.91  230.8  0.87  232.1  0.86   379   328 1.000  36.6   2321 4728
27.01.2023 13:56:44  *01n 20 100TL 4  495.3  0.61   306  297.4  0.16    45  229.6  0.86  230.6  0.85  232.1  0.88   352   329 1.000  36.6   2323 4905
27.01.2023 13:57:04  *01n 20 100TL 4  485.7  0.59   289  297.4  0.16    47  229.6  0.93  230.5  0.90  232.1  0.90   337   326 1.000  36.6   2325 0F31
27.01.2023 13:57:24  *01n 20 100TL 4  495.2  0.56   279  297.3  0.14    42  229.4  0.94  230.4  0.94  231.7  0.93   321   323 1.000  36.6   2326 DADE
27.01.2023 13:57:44  *01n 20 100TL 4  494.7  0.56   277  297.4  0.15    45  229.4  0.95  230.5  0.94  231.9  0.93   323   320 1.000  36.6   2328 74B3
27.01.2023 13:58:04  *01n 20 100TL 4  494.6  0.57   283  297.4  0.15    44  229.4  0.92  230.3  0.90  231.9  0.92   328   326 1.000  36.6   2330 BEE6
27.01.2023 13:58:24  *01n 20 100TL 4  504.2  0.53   267  297.5  0.15    45  229.3  0.93  230.4  0.93  231.8  0.90   312   331 1.000  36.6   2332 4DC5
27.01.2023 13:58:44  *01n 20 100TL 4  494.1  0.68   341  297.4  0.18    53  229.3  0.91  230.3  0.89  231.8  0.92   395   341 1.000  36.6   2334 E50B
27.01.2023 13:59:04  *01n 20 100TL 4  492.0  0.69   343  297.6  0.18    53  229.9  0.90  229.8  0.89  231.3  0.88   396   344 1.000  36.6   2336 93BB
27.01.2023 13:59:24  *01n 20 100TL 4  494.9  0.55   273  297.2  0.16    50  229.7  0.92  230.6  0.91  231.9  0.89   323   354 1.000  36.6   2337 C301
27.01.2023 13:59:44  *01n 20 100TL 4  494.5  0.58   288  297.4  0.16    47  229.8  0.98  230.7  0.96  232.1  0.94   335   360 1.000  36.6   2339 B820
27.01.2023 14:00:04  *01n 20 100TL 4  494.0  0.58   291  297.3  0.18    53  229.3  1.01  230.5  0.99  231.9  0.97   344   364 1.000  36.6   2342 01DE
27.01.2023 14:00:24  *01n 20 100TL 4  491.8  0.50   248  297.6  0.14    42  229.8  0.93  230.6  0.91  232.3  0.89   291   357 1.000  36.6   2344 80FE
27.01.2023 14:00:44  *01n 20 100TL 4  493.0  0.57   282  297.2  0.17    48  229.6  0.97  230.4  0.94  232.1  0.95   331   360 1.000  36.6   2346 8C73
27.01.2023 14:01:04  *01n 20 100TL 4  487.3  0.59   288  297.3  0.16    48  229.5  0.98  230.3  0.97  231.9  0.94   337   360 1.000  36.6   2347 7FE8
27.01.2023 14:01:24  *01n 20 100TL 4  487.0  0.72   354  297.4  0.21    64  229.4  0.91  230.3  0.88  231.9  0.87   418   364 1.000  36.6   2349 089A
27.01.2023 14:01:44  *01n 20 100TL 4  516.7  0.55   288  297.4  0.17    51  229.1  0.99  230.3  0.95  231.8  0.93   340   367 1.000  36.6   2352 92C1
27.01.2023 14:02:04  *01n 20 100TL 4  506.3  0.66   340  297.4  0.21    65  229.1  0.92  230.1  0.91  231.6  0.88   405   373 1.000  36.6   2354 928E
27.01.2023 14:02:24  *01n 20 100TL 4  515.4  0.53   276  297.3  0.16    47  229.1  0.92  230.3  0.90  231.4  0.89   323   367 0.999c  36.6   2356 D1F6
27.01.2023 14:02:44  *01n 20 100TL 4  493.2  0.63   315  297.3  0.19    57  229.1  0.92  230.2  0.93  231.4  0.92   373   363 1.000  36.7   2358 ECA9
27.01.2023 14:03:04  *01n 20 100TL 4  489.2  0.58   288  297.5  0.16    47  229.0  0.93  230.3  0.92  231.4  0.93   335   352 1.000  36.6   2360 6D09
27.01.2023 14:03:25  *01n 20 100TL 4  485.7  0.66   325  297.3  0.18    51  229.3  0.91  230.3  0.89  231.6  0.88   376   343 1.000  36.6   2362 BE44
27.01.2023 14:03:45  *01n 20 100TL 4  495.2  0.64   318  297.3  0.19    56  229.3  0.85  230.3  0.86  231.6  0.85   375   340 1.000  36.6   2364 D9F8
27.01.2023 14:04:05  *01n 20 100TL 4  495.1  0.58   289  297.4  0.14    42  229.1  0.95  230.2  0.94  231.4  0.93   332   341 1.000  36.6   2366 56A2
27.01.2023 14:04:25  *01n 20 100TL 4  494.8  0.61   305  297.5  0.18    56  229.6  0.95  230.0  0.90  231.0  0.90   361   350 1.000  36.6   2367 EDF9
27.01.2023 14:04:45  *01n 20 100TL 4  494.5  0.59   294  297.5  0.17    51  229.4  0.98  230.4  0.95  231.8  0.97   346   373 1.000  36.6   2369 2F3B
27.01.2023 14:05:05  *01n 20 100TL 4  494.2  0.67   334  297.4  0.21    62  229.5  1.01  230.6  1.00  231.9  0.98   396   387 1.000  36.6   2372 70E7
27.01.2023 14:05:25  *01n 20 100TL 4  506.2  0.75   383  297.4  0.22    67  229.8  0.95  230.2  0.91  231.9  0.88   450   401 1.000  36.6   2374 DD3D
27.01.2023 14:05:45  *01n 20 100TL 4  513.7  0.66   341  297.4  0.21    62  229.7  1.01  231.0  1.00  232.2  0.99   404   415 1.000  36.6   2376 D5E7
27.01.2023 14:06:05  *01n 20 100TL 4  503.3  0.76   384  297.4  0.25    76  229.5  1.00  230.6  0.96  231.7  0.97   460   433 1.000  36.6   2378 EE37
27.01.2023 14:06:25  *01n 20 100TL 4  502.9  0.68   344  297.4  0.23    70  229.3  1.00  230.8  0.99  231.6  0.98   415   453 1.000  36.6   2381 6478
27.01.2023 14:06:45  *01n 20 100TL 4  502.8  0.84   424  297.4  0.30    91  229.4  1.11  230.6  1.08  231.8  1.06   515   466 1.000  36.6   2384 1497
27.01.2023 14:07:05  *01n 20 100TL 4  500.7  0.82   415  297.3  0.26    77  229.1  1.08  230.4  1.06  231.6  1.05   492   463 1.000  36.6   2386 D02F
27.01.2023 14:07:25  *01n 20 100TL 4  509.2  0.72   367  297.3  0.25    76  229.3  1.02  230.4  1.01  231.7  0.97   444   450 1.000  36.6   2389 E0E3
27.01.2023 14:07:45  *01n 20 100TL 4  506.3  0.71   361  297.3  0.22    65  229.3  1.04  230.3  1.01  231.8  1.02   427   436 1.000  36.6   2391 378D
27.01.2023 14:08:05  *01n 20 100TL 4  501.7  0.64   321  297.5  0.22    67  229.3  1.02  230.5  1.02  231.9  1.00   389   421 1.000  36.6   2393 46E2
27.01.2023 14:08:25  *01n 20 100TL 4  501.4  0.75   381  297.4  0.24    70  230.0  0.96  229.4  0.95  231.6  0.92   451   419 1.000  36.6   2396 0E3A
27.01.2023 14:08:45  *01n 20 100TL 4  509.7  0.76   387  297.3  0.27    82  229.3  0.99  230.4  0.98  231.8  0.96   469   436 1.000  36.6   2398 611C
27.01.2023 14:09:05  *01n 20 100TL 4  508.1  0.71   363  297.1  0.24    71  229.3  1.13  230.4  1.10  231.8  1.07   434   469 1.000  36.6   2401 0BF1
27.01.2023 14:09:25  *01n 20 100TL 4  506.5  0.75   383  297.4  0.28    86  229.5  1.03  230.3  1.04  231.7  1.00   469   508 1.000  36.6   2403 AFED
27.01.2023 14:09:46  *01n 20 100TL 4  515.0  0.81   419  297.5  0.31    94  229.3  1.18  230.4  1.16  231.7  1.14   514   553 1.000  36.6   2406 E545
27.01.2023 14:10:06  *01n 20 100TL 4  510.2  0.86   439  297.4  0.32    96  229.4  1.14  230.5  1.10  231.7  1.11   535   582 1.000  36.6   2409 CDD8
27.01.2023 14:10:26  *01n 20 100TL 4  510.6  1.04   534  297.5  0.43   129  229.3  1.18  230.2  1.16  231.5  1.14   663   611 1.000  36.6   2413 6265
27.01.2023 14:10:46  *01n 20 100TL 4  522.3  0.92   482  297.6  0.36   106  229.5  1.28  230.3  1.24  231.6  1.24   588   628 1.000  36.6   2416 80C6
27.01.2023 14:11:06  *01n 20 100TL 4  515.5  1.01   524  297.3  0.42   125  229.6  1.20  230.3  1.18  231.8  1.15   650   627 1.000  36.6   2420 6DA7
27.01.2023 14:11:26  *01n 20 100TL 4  513.0  0.90   465  297.4  0.34   100  229.5  1.22  230.3  1.20  231.9  1.21   566   608 1.000  36.6   2423 5D63
27.01.2023 14:11:46  *01n 20 100TL 4  513.6  0.99   511  297.3  0.39   117  230.1  1.11  230.2  1.10  231.5  1.08   628   564 1.000  36.6   2427 3735
27.01.2023 14:12:06  *01n 20 100TL 4  513.4  0.91   469  297.3  0.31    91  229.5  1.07  230.4  1.06  231.8  1.06   561   512 1.000  36.6   2430 AE5E
27.01.2023 14:12:26  *01n 20 100TL 4  511.0  0.85   436  297.8  0.32    94  229.3  1.10  230.2  1.06  231.5  1.08   531   471 1.000  36.6   2432 FAFD
27.01.2023 14:12:46  *01n 20 100TL 4  504.6  0.80   404  297.2  0.25    73  229.4  0.95  230.3  0.94  231.5  0.93   477   428 1.000  36.7   2435 0B4D
27.01.2023 14:13:06  *01n 20 100TL 4  503.9  0.60   303  297.3  0.18    53  229.0  0.98  230.2  0.97  231.5  0.96   357   398 1.000  36.6   2437 637A
27.01.2023 14:13:26  *01n 20 100TL 4  502.5  0.60   305  297.3  0.19    56  229.3  0.95  230.4  0.95  231.8  0.93   361   372 1.000  36.6   2439 4112
27.01.2023 14:13:46  *01n 20 100TL 4  493.2  0.66   326  297.3  0.18    54  229.3  0.89  230.5  0.88  231.4  0.87   381   349 1.000  36.6   2441 556C
27.01.2023 14:14:06  *01n 20 100TL 4  492.8  0.53   262  297.4  0.14    41  229.5  0.95  230.7  0.96  231.7  0.94   303   329 1.000  36.6   2443 6A09
27.01.2023 14:14:26  *01n 20 100TL 4  492.6  0.51   254  297.4  0.14    41  229.8  0.90  230.9  0.88  231.7  0.87   296   312 1.000  36.7   2445 D153
27.01.2023 14:14:46  *01n 20 100TL 4  491.5  0.57   286  297.7  0.14    42  229.7  0.89  230.7  0.87  231.7  0.86   329   299 1.000  36.7   2447 D886
27.01.2023 14:15:06  *01n 20 100TL 4  492.4  0.50   247  297.4  0.10    30  229.9  0.90  230.7  0.86  231.8  0.87   277   289 1.000  36.6   2448 C21E
27.01.2023 14:15:26  *01n 20 100TL 4  502.0  0.46   231  297.4  0.11    32  229.8  0.90  230.7  0.90  231.8  0.88   263   282 0.999i  36.6   2450 37D7
27.01.2023 14:15:46  *01n 20 100TL 4  501.7  0.44   224  297.3  0.09    27  229.5  0.85  230.6  0.86  231.6  0.82   251   279 1.000  36.6   2451 F6E3
27.01.2023 14:16:07  *01n 20 100TL 4  491.7  0.44   218  297.3  0.11    33  229.7  0.89  230.8  0.86  231.7  0.84   251   277 1.000  36.6   2453 2C7B
27.01.2023 14:16:27  *01n 20 100TL 4  501.3  0.46   234  297.3  0.10    30  229.6  0.85  230.7  0.84  231.7  0.83   265   271 1.000  36.6   2455 DD69
27.01.2023 14:16:47  *01n 20 100TL 4  500.6  0.46   233  297.4  0.10    30  229.9  0.87  230.9  0.86  232.0  0.85   263   268 1.000  36.7   2456 3799
27.01.2023 14:17:07  *01n 20 100TL 4  491.2  0.51   253  297.5  0.12    35  229.7  0.86  230.6  0.86  231.8  0.85   288   263 1.000  36.7   2458 CBB4
27.01.2023 14:17:27  *01n 20 100TL 4  500.2  0.54   270  297.4  0.09    27  229.9  0.89  230.7  0.88  231.9  0.89   297   257 1.000  36.6   2459 1B26
27.01.2023 14:17:47  *01n 20 100TL 4  500.2  0.36   183  297.4  0.07    22  230.5  0.90  230.4  0.86  231.4  0.86   205   248 0.999i  36.7   2460 30A2
27.01.2023 14:18:07  *01n 20 100TL 4  480.7  0.48   234  297.4  0.07    21  229.9  0.86  230.9  0.83  232.0  0.85   256   244 0.999i  36.6   2462 68B1
27.01.2023 14:18:27  *01n 20 100TL 4  480.4  0.45   216  297.3  0.07    21  230.0  0.90  230.7  0.87  231.7  0.86   238   234 1.000  36.7   2463 9284
27.01.2023 14:18:47  *01n 20 100TL 4  489.8  0.46   230  297.3  0.05    16  229.8  0.83  230.8  0.82  232.0  0.82   247   231 1.000  36.6   2464 DB12
27.01.2023 14:19:07  *01n 20 100TL 4  492.2  0.37   184  297.5  0.06    16  229.9  0.86  230.5  0.84  231.7  0.83   201   225 1.000  36.6   2466 1045
27.01.2023 14:19:27  *01n 20 100TL 4  472.0  0.52   245  297.4  0.07    21  229.7  0.85  230.6  0.85  232.0  0.83   267   227 1.000  36.6   2467 3BDD
27.01.2023 14:19:47  *01n 20 100TL 4  451.5  0.46   209  297.4  0.06    16  229.9  0.88  230.6  0.83  231.7  0.84   225   218 1.000  36.7   2468 1A54
27.01.2023 14:20:07  *01n 20 100TL 4  431.0  0.44   190  297.3  0.06    18  230.0  0.87  230.6  0.83  231.8  0.85   209   216 0.999i  36.7   2469 E494
27.01.2023 14:20:27  *01n 20 100TL 4  411.2  0.39   161  297.4  0.06    19  229.7  0.92  230.5  0.87  231.7  0.86   181   213 1.000  36.7   2471 7B9E
27.01.2023 14:20:47  *01n 20 100TL 4  409.0  0.44   181  297.4  0.06    19  229.3  0.87  230.6  0.85  231.7  0.84   201   212 1.000  36.7   2472 FA89
27.01.2023 14:21:07  *01n 20 100TL 4  409.0  0.52   216  297.4  0.08    24  229.6  0.84  229.9  0.83  231.9  0.82   241   205 0.999c  36.6   2473 557C
27.01.2023 14:21:27  *01n 20 100TL 4  409.0  0.37   152  297.2  0.05    15  229.3  0.90  230.7  0.86  231.7  0.85   167   202 1.000  36.6   2474 0510
27.01.2023 14:21:47  *01n 20 100TL 4  409.2  0.42   172  297.4  0.04    12  229.8  0.90  230.3  0.85  232.2  0.87   184   202 1.000  36.7   2475 1856
27.01.2023 14:22:07  *01n 20 100TL 4  409.0  0.44   183  297.3  0.06    18  229.5  0.84  230.6  0.81  231.4  0.80   201   209 1.000  36.6   2476 8EAC
27.01.2023 14:22:27  *01n 20 100TL 4  409.1  0.54   221  297.4  0.08    24  229.3  0.90  230.5  0.88  231.9  0.84   245   219 1.000  36.7   2478 AB02
27.01.2023 14:22:47  *01n 20 100TL 4  409.1  0.46   190  297.3  0.08    25  229.7  0.86  230.5  0.84  231.5  0.84   216   231 0.999c  36.7   2479 B12B
27.01.2023 14:23:08  *01n 20 100TL 4  407.1  0.52   212  297.5  0.09    27  229.5  0.87  230.7  0.87  232.0  0.85   239   245 0.999c  36.7   2480 D9E0
27.01.2023 14:23:28  *01n 20 100TL 4  420.3  0.59   251  297.6  0.14    42  229.5  0.91  230.7  0.92  232.0  0.90   294   270 1.000  36.7   2482 91FF
27.01.2023 14:23:48  *01n 20 100TL 4  416.7  0.49   207  297.4  0.12    36  229.9  0.91  230.8  0.90  232.1  0.87   244   294 1.000  36.7   2483 66B2
27.01.2023 14:24:08  *01n 20 100TL 4  416.6  0.73   308  297.5  0.21    62  230.1  0.88  230.9  0.86  232.3  0.84   370   315 1.000  36.7   2485 F39B
27.01.2023 14:24:28  *01n 20 100TL 4  442.1  0.68   302  297.4  0.18    56  230.2  0.97  231.0  0.94  232.3  0.94   358   349 1.000  36.7   2487 68A5
27.01.2023 14:24:48  *01n 20 100TL 4  458.2  0.69   317  297.6  0.21    65  230.2  1.01  231.2  0.97  232.4  0.98   383   372 1.000  36.7   2489 B8F9
27.01.2023 14:25:08  *01n 20 100TL 4  481.3  0.72   349  297.5  0.23    70  230.2  1.00  231.1  0.99  232.3  0.97   419   395 1.000  36.7   2491 B0D1
27.01.2023 14:25:28  *01n 20 100TL 4  503.4  0.65   331  297.3  0.21    62  230.4  1.01  231.3  0.99  232.6  0.99   393   418 1.000  36.7   2493 8C44
27.01.2023 14:25:48  *01n 20 100TL 4  497.5  0.80   402  297.4  0.27    82  230.2  1.04  231.1  1.02  232.3  1.01   381   425 1.000  36.7   2495 2CB3
27.01.2023 14:26:08  *01n 20 100TL 4  507.2  0.81   410  297.5  0.25    76  230.1  0.99  231.2  1.00  232.4  1.00   486   433 1.000  36.7   2498 A9A2
27.01.2023 14:26:28  *01n 20 100TL 4  506.0  0.77   390  297.3  0.26    80  230.2  1.00  231.2  1.00  232.2  0.97   471   428 1.000  36.7   2500 B74A
27.01.2023 14:26:48  *01n 20 100TL 4  503.4  0.66   334  297.3  0.20    59  229.9  1.04  231.0  1.02  232.2  1.01   393   424 1.000  36.7   2503 F4F0
27.01.2023 14:27:08  *01n 20 100TL 4  502.2  0.62   314  297.3  0.20    61  229.8  1.03  230.9  1.03  232.1  1.01   375   408 1.000  36.7   2505 312E
27.01.2023 14:27:28  *01n 20 100TL 4  501.7  0.67   340  297.2  0.18    54  230.0  0.98  231.0  0.97  232.3  0.96   395   389 1.000  36.7   2507 9A16
27.01.2023 14:27:48  *01n 20 100TL 4  501.3  0.58   294  297.3  0.18    54  229.8  0.93  230.7  0.91  231.9  0.90   349   355 1.000  36.7   2509 92F7
27.01.2023 14:28:08  *01n 20 100TL 4  496.0  0.58   291  297.3  0.15    44  229.7  0.90  231.0  0.91  232.0  0.90   335   332 1.000  36.7   2511 7456
27.01.2023 14:28:28  *01n 20 100TL 4  497.4  0.48   239  297.4  0.10    32  229.8  0.91  231.0  0.90  232.1  0.91   271   306 1.000  36.7   2513 1CC6
27.01.2023 14:28:48  *01n 20 100TL 4  492.0  0.57   283  297.1  0.13    38  230.0  0.88  231.1  0.86  232.0  0.84   321   285 1.000  36.7   2515 56FC
27.01.2023 14:29:08  *01n 20 100TL 4  491.1  0.48   238  297.3  0.09    27  229.9  0.88  231.1  0.89  232.2  0.88   265   274 0.999c  36.7   2516 D9E6
27.01.2023 14:29:29  *01n 20 100TL 4  481.2  0.48   234  297.3  0.10    28  230.1  0.86  230.9  0.84  231.7  0.85   263   259 1.000  36.7   2518 7053
27.01.2023 14:29:49  *01n 20 100TL 4  489.4  0.57   282  297.3  0.10    27  229.9  0.88  230.9  0.87  231.8  0.86   309   254 0.999i  36.7   2519 1B34
27.01.2023 14:30:09  *01n 20 100TL 4  489.6  0.39   192  297.4  0.07    19  229.9  0.87  231.1  0.83  232.0  0.83   212   245 0.999c  36.7   2520 AD81
27.01.2023 14:30:29  *01n 20 100TL 4  487.3  0.53   262  297.4  0.07    21  230.0  0.86  231.2  0.82  232.1  0.84   283   242 0.999c  36.7   2522 6735
27.01.2023 14:30:49  *01n 20 100TL 4  490.5  0.41   202  297.3  0.07    22  230.1  0.86  231.2  0.83  232.2  0.81   225   242 1.000  36.7   2523 9C33
27.01.2023 14:31:09  *01n 20 100TL 4  488.1  0.37   181  297.4  0.06    19  230.0  0.85  231.0  0.83  231.9  0.84   201   244 0.999c  36.7   2524 E565
27.01.2023 14:31:29  *01n 20 100TL 4  489.3  0.41   201  297.4  0.07    21  230.6  0.85  230.7  0.81  231.4  0.84   222   245 1.000  36.7   2526 CA8A
27.01.2023 14:31:49  *01n 20 100TL 4  488.1  0.50   244  297.4  0.08    24  229.9  0.88  231.1  0.85  232.2  0.86   268   247 1.000  36.7   2527 842E
27.01.2023 14:32:09  *01n 20 100TL 4  488.3  0.42   207  297.5  0.07    21  229.7  0.88  231.2  0.87  232.3  0.83   228   251 1.000  36.7   2529 330B
27.01.2023 14:32:29  *01n 20 100TL 4  487.8  0.45   222  297.4  0.08    24  229.5  0.86  230.9  0.83  232.1  0.84   247   254 0.999c  36.7   2530 CF7D
27.01.2023 14:32:49  *01n 20 100TL 4  486.9  0.43   213  297.4  0.07    22  229.8  0.88  230.9  0.88  231.9  0.88   236   259 1.000  36.7   2531 CE9E
27.01.2023 14:33:09  *01n 20 100TL 4  477.0  0.40   195  297.3  0.08    24  229.6  0.87  231.1  0.86  232.1  0.86   219   254 1.000  36.7   2533 06A0
27.01.2023 14:33:29  *01n 20 100TL 4  477.3  0.45   216  297.4  0.07    21  230.2  0.89  231.2  0.85  232.3  0.88   238   256 1.000  36.7   2534 9F49
27.01.2023 14:33:49  *01n 20 100TL 4  477.3  0.50   239  297.4  0.09    27  230.2  0.90  231.2  0.90  232.5  0.87   267   256 1.000  36.7   2536 F7D7
27.01.2023 14:34:09  *01n 20 100TL 4  496.6  0.50   250  297.4  0.08    25  230.2  0.86  231.3  0.84  232.3  0.86   276   259 0.999c  36.7   2537 8DD4
27.01.2023 14:34:29  *01n 20 100TL 4  496.3  0.54   268  297.5  0.11    35  229.8  0.86  230.9  0.84  232.0  0.83   303   267 0.999c  36.7   2539 157D
27.01.2023 14:34:49  *01n 20 100TL 4  495.6  0.44   221  297.3  0.09    27  230.8  0.86  230.7  0.86  231.8  0.85   248   274 1.000  36.7   2540 FC19
27.01.2023 14:35:09  *01n 20 100TL 4  486.2  0.46   228  297.4  0.12    36  230.3  0.89  231.1  0.86  232.2  0.86   265   285 1.000  36.7   2542 2A2B
27.01.2023 14:35:29  *01n 20 100TL 4  495.6  0.60   297  297.3  0.14    41  230.3  0.89  231.4  0.86  232.6  0.86   338   299 1.000  36.7   2543 66A4
27.01.2023 14:35:50  *01n 20 100TL 4  495.1  0.49   245  297.4  0.12    36  230.6  0.92  231.5  0.90  232.5  0.90   282   311 1.000  36.7   2545 5B10
27.01.2023 14:36:10  *01n 20 100TL 4  494.9  0.53   265  297.3  0.14    44  230.4  0.91  231.5  0.90  232.6  0.89   309   323 1.000  36.7   2547 5AFC
27.01.2023 14:36:30  *01n 20 100TL 4  484.8  0.55   271  297.5  0.13    41  230.6  0.95  231.7  0.95  232.7  0.93   312   326 1.000  36.7   2549 E226
27.01.2023 14:36:50  *01n 20 100TL 4  494.4  0.52   259  297.5  0.14    44  230.8  0.92  231.7  0.89  232.7  0.90   303   332 1.000  36.7   2550 137A
27.01.2023 14:37:10  *01n 20 100TL 4  484.3  0.60   292  297.5  0.15    44  230.6  0.86  231.6  0.86  232.7  0.85   337   335 1.000  36.7   2552 7CF0
27.01.2023 14:37:30  *01n 20 100TL 4  483.9  0.63   308  297.4  0.18    56  231.2  0.89  230.9  0.87  232.2  0.88   364   341 1.000  36.7   2554 C2A4
27.01.2023 14:37:50  *01n 20 100TL 4  503.4  0.56   282  297.5  0.15    45  230.3  0.93  231.3  0.93  232.4  0.89   328   357 1.000  36.7   2556 C8DA
27.01.2023 14:38:10  *01n 20 100TL 4  503.2  0.61   312  297.4  0.20    59  230.6  1.00  231.1  0.98  232.5  0.96   372   367 1.000  36.7   2558 86C2
27.01.2023 14:38:30  *01n 20 100TL 4  523.5  0.56   294  297.2  0.18    54  230.6  0.93  231.5  0.95  232.5  0.93   349   366 1.000  36.7   2560 993D
27.01.2023 14:38:50  *01n 20 100TL 4  533.7  0.62   332  297.3  0.21    62  230.5  1.00  231.4  0.99  232.7  0.98   395   376 0.998i  36.7   2562 D655
27.01.2023 14:39:10  *01n 20 100TL 4  525.2  0.67   354  297.4  0.21    64  231.1  0.99  231.0  0.98  232.8  0.97   418   384 1.000  36.7   2564 201A
27.01.2023 14:39:30  *01n 20 100TL 4  533.2  0.66   355  297.4  0.21    62  230.7  0.97  231.5  0.96  232.6  0.94   418   383 1.000  36.7   2566 934F
27.01.2023 14:39:50  *01n 20 100TL 4  522.3  0.67   350  297.5  0.22    67  230.4  0.93  231.3  0.92  232.6  0.90   418   379 1.000  36.7   2569 99D3
27.01.2023 14:40:10  *01n 20 100TL 4  532.6  0.72   383  297.4  0.22    67  230.4  1.01  231.4  0.98  232.7  0.97   450   376 1.000  36.7   2571 9437
27.01.2023 14:40:30  *01n 20 100TL 4  532.4  0.51   273  297.3  0.18    53  230.3  0.97  231.2  0.96  232.4  0.94   326   369 1.000  36.7   2573 076E
27.01.2023 14:40:50  *01n 20 100TL 4  532.2  0.50   268  297.3  0.15    45  230.5  1.01  231.4  0.98  232.7  0.97   314   364 1.000  36.7   2575 920A
27.01.2023 14:41:10  *01n 20 100TL 4  540.3  0.50   276  297.3  0.18    53  230.6  0.95  231.6  0.96  232.5  0.95   329   354 0.999i  36.7   2577 3150
27.01.2023 14:41:30  *01n 20 100TL 4  527.7  0.60   318  297.9  0.18    53  230.9  1.01  230.8  0.98  232.7  0.97   372   369 1.000  36.7   2579 EC49
27.01.2023 14:41:51  *01n 20 100TL 4  531.4  0.63   338  297.4  0.21    62  230.6  0.91  230.7  0.91  232.4  0.89   401   363 1.000  36.7   2581 8233
27.01.2023 14:42:10  *01n 20 100TL 4  531.0  0.61   325  297.3  0.19    57  230.5  0.92  231.3  0.90  232.5  0.90   383   361 1.000  36.7   2583 7296
27.01.2023 14:42:31  *01n 20 100TL 4  530.7  0.65   344  297.4  0.19    56  230.4  0.91  231.4  0.88  232.4  0.91   401   363 1.000  36.7   2585 5C03
27.01.2023 14:42:51  *01n 20 100TL 4  532.3  0.52   276  297.3  0.16    47  230.6  0.99  231.6  0.97  232.6  0.94   323   358 1.000  36.7   2587 3491
27.01.2023 14:43:11  *01n 20 100TL 4  526.3  0.56   296  297.6  0.18    54  230.3  0.86  231.5  0.88  232.4  0.83   350   358 1.000  36.7   2589 2804
27.01.2023 14:43:31  *01n 20 100TL 4  536.4  0.56   302  297.4  0.18    56  230.2  0.93  231.4  0.91  232.4  0.90   358   347 1.000  36.7   2591 C0F9
27.01.2023 14:43:51  *01n 20 100TL 4  529.6  0.59   312  297.4  0.17    51  230.3  0.89  231.4  0.88  232.4  0.89   364   354 1.000  36.7   2593 DBD1
27.01.2023 14:44:11  *01n 20 100TL 4  529.4  0.56   302  297.4  0.19    57  230.0  0.98  231.2  0.96  232.2  0.94   360   358 1.000  36.7   2595 8C58
27.01.2023 14:44:31  *01n 20 100TL 4  529.1  0.60   320  297.4  0.18    53  230.1  0.92  231.3  0.89  232.0  0.89   373   357 1.000  36.7   2597 0498
27.01.2023 14:44:51  *01n 20 100TL 4  529.8  0.53   282  297.5  0.18    54  229.9  0.99  231.1  0.97  232.0  0.97   337   363 1.000  36.7   2599 C0AC
27.01.2023 14:45:11  *01n 20 100TL 4  525.0  0.56   296  297.6  0.16    48  230.1  1.00  231.1  1.00  232.3  0.97   344   370 1.000  36.7   2601 DBA2
27.01.2023 14:45:31  *01n 20 100TL 4  532.9  0.54   291  297.1  0.18    54  230.0  0.98  231.0  0.95  232.1  0.97   346   367 1.000  36.7   2603 4E60
27.01.2023 14:45:51  *01n 20 100TL 4  533.0  0.56   299  297.4  0.17    48  230.1  0.93  230.9  0.92  232.0  0.89   347   360 1.000  36.7   2605 C92A
27.01.2023 14:46:11  *01n 20 100TL 4  527.7  0.60   317  297.3  0.17    51  230.0  0.87  230.8  0.83  231.9  0.85   369   355 1.000  36.7   2607 70A4
27.01.2023 14:46:31  *01n 20 100TL 4  526.5  0.52   277  297.4  0.17    50  230.2  0.99  231.1  0.96  232.3  0.99   328   354 0.999i  36.7   2609 ED2F
27.01.2023 14:46:51  *01n 20 100TL 4  530.7  0.63   338  297.3  0.19    56  230.2  0.87  231.0  0.86  232.5  0.88   395   346 1.000  36.7   2611 2F4B
27.01.2023 14:47:11  *01n 20 100TL 4  531.4  0.57   302  297.3  0.18    53  229.9  0.89  230.8  0.87  232.2  0.87   355   343 1.000  36.7   2613 5873
27.01.2023 14:47:31  *01n 20 100TL 4  522.1  0.52   273  297.6  0.15    45  230.4  0.95  231.0  0.94  232.4  0.94   318   349 1.000  36.7   2615 D7D9
27.01.2023 14:47:51  *01n 20 100TL 4  491.4  0.67   331  297.4  0.20    61  230.3  0.91  231.0  0.89  232.6  0.87   392   358 1.000  36.7   2617 D372
27.01.2023 14:48:11  *01n 20 100TL 4  499.9  0.64   323  297.5  0.18    53  230.4  1.02  231.2  1.00  232.7  0.99   376   370 0.999i  36.7   2619 CAEB
27.01.2023 14:48:32  *01n 20 100TL 4  504.4  0.52   263  297.3  0.17    50  230.3  0.95  231.2  0.93  232.6  0.92   314   376 1.000  36.7   2621 22A9
27.01.2023 14:48:52  *01n 20 100TL 4  516.4  0.63   325  297.4  0.19    57  230.5  0.96  231.0  0.95  232.5  0.92   383   379 1.000  36.7   2623 E801
27.01.2023 14:49:12  *01n 20 100TL 4  506.8  0.73   375  297.4  0.21    62  230.6  0.96  231.2  0.94  232.4  0.94   437   387 1.000  36.7   2625 3E17
27.01.2023 14:49:32  *01n 20 100TL 4  511.8  0.75   386  297.4  0.23    70  230.5  0.96  231.2  0.96  232.4  0.93   456   393 1.000  36.7   2627 082F
27.01.2023 14:49:52  *01n 20 100TL 4  507.6  0.72   367  297.4  0.22    65  230.3  0.97  231.0  0.93  232.4  0.93   433   399 1.000  36.7   2629 0A17
27.01.2023 14:50:12  *01n 20 100TL 4  508.0  0.65   334  297.3  0.20    61  230.4  0.97  231.4  0.96  232.6  0.97   395   402 1.000  36.7   2632 726C
27.01.2023 14:50:32  *01n 20 100TL 4  509.2  0.78   401  297.4  0.24    71  230.3  0.91  231.1  0.90  232.5  0.89   473   408 1.000  36.7   2634 8CBB
27.01.2023 14:50:52  *01n 20 100TL 4  503.3  0.65   332  297.3  0.21    65  230.2  0.99  231.2  0.98  232.5  0.95   398   411 1.000  36.7   2636 18E5
27.01.2023 14:51:12  *01n 20 100TL 4  512.4  0.77   395  297.3  0.23    68  230.5  0.99  231.0  0.95  232.4  0.97   463   410 1.000  36.7   2638 7EBB
27.01.2023 14:51:32  *01n 20 100TL 4  509.8  0.74   378  297.4  0.25    73  230.3  0.99  231.1  0.95  232.4  0.95   451   408 1.000  36.7   2641 BE89
27.01.2023 14:51:52  *01n 20 100TL 4  506.6  0.70   360  297.4  0.21    62  230.5  0.98  231.2  0.96  232.5  0.94   422   392 1.000  36.7   2643 4E05
27.01.2023 14:52:12  *01n 20 100TL 4  506.6  0.68   347  297.4  0.22    65  230.8  0.92  230.9  0.93  232.8  0.89   413   378 1.000  36.7   2645 B3DD
27.01.2023 14:52:32  *01n 20 100TL 4  496.7  0.72   357  297.3  0.19    56  231.9  0.93  230.0  0.94  232.4  0.92   413   372 1.000  36.7   2647 8B93
27.01.2023 14:52:52  *01n 20 100TL 4  501.8  0.66   331  297.3  0.20    59  230.3  0.93  231.1  0.91  232.7  0.90   390   364 1.000  36.7   2649 4080
27.01.2023 14:53:12  *01n 20 100TL 4  483.4  0.66   320  297.5  0.19    56  230.3  0.99  231.2  0.98  232.7  0.93   376   369 1.000  36.7   2651 E54E
27.01.2023 14:53:32  *01n 20 100TL 4  504.1  0.71   360  297.5  0.21    62  231.0  0.93  230.5  0.90  232.8  0.90   422   381 1.000  36.7   2653 EABF
27.01.2023 14:53:52  *01n 20 100TL 4  514.7  0.67   346  297.5  0.22    67  230.9  0.99  230.8  0.96  232.7  0.95   413   384 1.000  36.7   2656 113A
27.01.2023 14:54:12  *01n 20 100TL 4  497.0  0.60   300  297.3  0.17    51  230.6  0.96  231.5  0.93  232.8  0.93   352   381 1.000  36.7   2658 9C5E
27.01.2023 14:54:32  *01n 20 100TL 4  506.4  0.65   329  297.5  0.21    64  230.7  0.99  231.4  0.97  232.9  0.98   393   383 1.000  36.7   2660 6AA2
27.01.2023 14:54:52  *01n 20 100TL 4  505.5  0.75   384  297.4  0.21    65  230.6  0.98  231.6  0.94  232.7  0.93   450   387 1.000  36.7   2662 FACC
27.01.2023 14:55:13  *01n 20 100TL 4  510.1  0.57   297  297.6  0.19    57  231.1  0.98  231.2  0.96  232.6  0.91   355   383 1.000  36.7   2664 7BE9
27.01.2023 14:55:33  *01n 20 100TL 4  510.7  0.65   337  297.4  0.21    62  230.3  0.91  231.4  0.91  232.5  0.90   399   384 1.000  36.7   2666 53E6
27.01.2023 14:55:53  *01n 20 100TL 4  506.8  0.58   296  297.4  0.18    54  230.3  0.90  231.4  0.90  232.4  0.88   350   373 1.000  36.7   2668 8735
27.01.2023 14:56:13  *01n 20 100TL 4  495.6  0.68   340  297.4  0.19    56  230.4  0.93  231.5  0.93  232.6  0.93   396   361 1.000  36.7   2670 0029
27.01.2023 14:56:33  *01n 20 100TL 4  495.0  0.58   288  297.1  0.17    51  230.5  0.97  231.4  0.97  232.6  0.95   340   346 0.999i  36.7   2672 C6A0
27.01.2023 14:56:53  *01n 20 100TL 4  493.8  0.52   260  297.3  0.13    39  230.6  0.96  231.6  0.93  232.7  0.93   300   328 1.000  36.7   2674 A53D
27.01.2023 14:57:13  *01n 20 100TL 4  484.2  0.46   224  297.6  0.11    35  230.4  0.95  231.4  0.95  232.5  0.93   259   312 1.000  36.7   2676 931F
27.01.2023 14:57:33  *01n 20 100TL 4  499.2  0.61   306  297.3  0.15    45  230.5  0.90  231.5  0.90  232.6  0.87   352   306 1.000  36.7   2678 BF4E
27.01.2023 14:57:53  *01n 20 100TL 4  491.9  0.39   196  297.7  0.08    25  230.4  0.95  231.5  0.94  232.6  0.93   222   294 1.000  36.7   2679 637F
27.01.2023 14:58:13  *01n 20 100TL 4  494.2  0.50   245  297.3  0.11    35  230.7  0.93  230.9  0.93  232.4  0.89   280   291 1.000  36.7   2681 5E29
27.01.2023 14:58:33  *01n 20 100TL 4  502.4  0.57   291  297.3  0.12    36  230.5  0.89  231.4  0.88  232.5  0.88   328   288 1.000  36.7   2683 1049
27.01.2023 14:58:53  *01n 20 100TL 4  493.0  0.47   234  297.1  0.11    35  230.4  0.93  231.5  0.93  232.7  0.92   270   296 1.000  36.7   2684 9BD2
27.01.2023 14:59:13  *01n 20 100TL 4  492.3  0.61   302  296.9  0.13    38  230.2  0.87  231.3  0.85  232.4  0.86   340   300 1.000  36.7   2686 FD4A
27.01.2023 14:59:33  *01n 20 100TL 4  495.0  0.42   212  297.7  0.10    28  230.1  0.93  231.0  0.96  232.2  0.90   241   303 1.000  36.7   2688 5F78
27.01.2023 14:59:53  *01n 20 100TL 4  500.8  0.48   244  297.5  0.12    38  229.9  0.94  231.1  0.95  232.0  0.93   282   314 1.000  36.7   2689 9E8D
27.01.2023 15:00:13  *01n 20 100TL 4  501.0  0.60   300  297.1  0.15    44  230.0  0.88  230.6  0.88  232.1  0.86   344   317 1.000  36.7   2691 AC35
27.01.2023 15:00:33  *01n 20 100TL 4  491.2  0.47   231  297.5  0.12    36  229.8  0.94  230.8  0.96  232.2  0.93   268   323 1.000  36.7   2693 4732
27.01.2023 15:00:53  *01n 20 100TL 4  491.3  0.65   321  297.4  0.16    48  229.4  0.95  230.4  0.93  231.7  0.92   370   329 1.000  36.7   2695 314D
27.01.2023 15:01:13  *01n 20 100TL 4  500.9  0.52   260  297.2  0.14    42  229.3  0.93  230.2  0.91  231.7  0.91   303   328 1.000  36.7   2697 EBD3
27.01.2023 15:01:33  *01n 20 100TL 4  490.6  0.64   318  297.8  0.15    45  229.1  0.88  230.0  0.88  231.6  0.86   364   323 1.000  36.7   2698 5ABA
27.01.2023 15:01:53  *01n 20 100TL 4  489.9  0.64   314  297.2  0.17    51  229.2  0.96  230.0  0.93  231.6  0.91   366   323 0.999i  36.7   2700 3493
27.01.2023 15:02:14  *01n 20 100TL 4  489.8  0.57   282  297.6  0.13    39  228.8  0.85  230.1  0.84  231.5  0.80   321   309 1.000  36.7   2702 C9E1
27.01.2023 15:02:34  *01n 20 100TL 4  499.7  0.48   242  297.9  0.12    36  228.8  0.86  230.0  0.85  231.7  0.83   279   299 1.000  36.7   2704 9D71
27.01.2023 15:02:54  *01n 20 100TL 4  499.4  0.45   228  297.2  0.10    30  228.8  0.91  230.0  0.90  231.4  0.91   259   288 1.000  36.7   2705 D7E3
27.01.2023 15:03:14  *01n 20 100TL 4  489.5  0.62   305  297.2  0.14    42  229.1  0.83  230.2  0.84  231.4  0.82   347   277 1.000  36.7   2707 67FE
27.01.2023 15:03:34  *01n 20 100TL 4  489.3  0.57   280  297.2  0.11    33  229.2  0.83  230.2  0.79  231.7  0.83   314   268 1.000  36.7   2708 4F59
27.01.2023 15:03:54  *01n 20 100TL 4  489.1  0.43   215  297.3  0.09    28  229.2  0.87  230.1  0.85  231.5  0.83   244   260 1.000  36.7   2710 1655
27.01.2023 15:04:14  *01n 20 100TL 4  488.3  0.54   262  297.3  0.10    30  230.2  0.87  229.7  0.83  230.8  0.82   292   256 1.000  36.7   2711 2A5C
27.01.2023 15:04:34  *01n 20 100TL 4  488.2  0.53   260  297.3  0.08    24  229.2  0.89  230.1  0.89  231.4  0.86   285   254 1.000  36.7   2713 D74F
27.01.2023 15:04:54  *01n 20 100TL 4  479.2  0.54   260  297.4  0.09    28  229.2  0.85  230.4  0.83  231.8  0.86   289   250 1.000  36.7   2714 F075
27.01.2023 15:05:14  *01n 20 100TL 4  478.3  0.42   201  297.2  0.07    19  229.4  0.86  230.3  0.87  231.7  0.86   221   250 1.000  36.7   2715 E43D
27.01.2023 15:05:34  *01n 20 100TL 4  488.0  0.48   234  297.4  0.08    25  229.5  0.86  230.3  0.86  231.5  0.84   260   248 1.000  36.7   2717 8664
27.01.2023 15:05:54  *01n 20 100TL 4  497.7  0.51   256  297.4  0.08    22  229.2  0.89  230.2  0.87  231.6  0.85   279   251 1.000  36.7   2718 25D7
27.01.2023 15:06:14  *01n 20 100TL 4  487.4  0.52   253  297.4  0.10    28  229.5  0.89  229.7  0.88  231.7  0.88   282   253 1.000  36.7   2720 EEC8
27.01.2023 15:06:34  *01n 20 100TL 4  496.6  0.43   215  297.2  0.08    24  229.2  0.88  230.0  0.89  231.6  0.85   239   248 0.999i  36.7   2721 48BB
27.01.2023 15:06:54  *01n 20 100TL 4  477.1  0.44   210  297.1  0.07    21  229.3  0.89  230.2  0.87  231.6  0.83   231   251 1.000  36.7   2722 C8F3
27.01.2023 15:07:14  *01n 20 100TL 4  486.7  0.38   186  297.6  0.07    21  229.4  0.89  230.2  0.84  231.9  0.86   207   251 0.999i  36.7   2724 D3C2
27.01.2023 15:07:34  *01n 20 100TL 4  486.3  0.54   265  297.6  0.09    27  229.2  0.86  229.9  0.83  231.6  0.84   292   251 1.000  36.7   2725 1129
27.01.2023 15:07:54  *01n 20 100TL 4  476.8  0.50   239  297.2  0.08    24  229.2  0.89  230.0  0.89  231.7  0.86   263   251 1.000  36.7   2727 DD6F
27.01.2023 15:08:14  *01n 20 100TL 4  485.8  0.52   254  297.5  0.08    24  229.1  0.89  229.8  0.90  231.3  0.88   279   253 1.000  36.7   2728 1774
27.01.2023 15:08:34  *01n 20 100TL 4  486.1  0.38   186  297.3  0.07    19  229.1  0.86  229.9  0.83  231.4  0.85   205   245 1.000  36.7   2729 C381
27.01.2023 15:08:55  *01n 20 100TL 4  485.2  0.40   196  297.2  0.05    16  229.0  0.86  229.7  0.82  231.2  0.83   213   242 1.000  36.7   2731 DCD3
27.01.2023 15:09:15  *01n 20 100TL 4  466.1  0.43   202  297.4  0.07    22  228.9  0.84  229.7  0.86  231.3  0.83   225   236 0.999c  36.7   2732 A62A
27.01.2023 15:09:35  *01n 20 100TL 4  485.0  0.51   248  297.2  0.08    24  229.7  0.89  229.5  0.85  230.4  0.83   273   242 1.000  36.7   2733 1844
27.01.2023 15:09:55  *01n 20 100TL 4  475.1  0.57   271  297.4  0.10    32  228.9  0.88  229.8  0.85  231.3  0.83   303   245 1.000  36.7   2735 86BE
27.01.2023 15:10:15  *01n 20 100TL 4  484.6  0.41   199  297.4  0.07    22  229.0  0.83  229.9  0.83  231.7  0.79   222   251 1.000  36.7   2736 2441
27.01.2023 15:10:35  *01n 20 100TL 4  494.1  0.46   230  297.6  0.09    25  228.9  0.87  230.2  0.80  231.8  0.84   256   253 0.999i  36.7   2738 4B1D
27.01.2023 15:10:55  *01n 20 100TL 4  474.7  0.53   254  297.4  0.10    28  229.0  0.87  230.2  0.84  231.9  0.84   283   254 1.000  36.7   2739 991C
27.01.2023 15:11:15  *01n 20 100TL 4  493.4  0.41   205  297.3  0.07    21  228.7  0.90  229.8  0.86  231.4  0.89   227   260 1.000  36.7   2740 BE90
27.01.2023 15:11:35  *01n 20 100TL 4  493.2  0.43   210  297.4  0.08    27  229.4  0.86  229.4  0.84  231.5  0.85   238   262 1.000  36.7   2742 ADBF
27.01.2023 15:11:55  *01n 20 100TL 4  492.9  0.47   233  297.4  0.08    24  229.1  0.84  230.0  0.85  231.8  0.83   257   260 1.000  36.7   2743 D663
27.01.2023 15:12:15  *01n 20 100TL 4  482.8  0.42   204  297.0  0.07    22  228.9  0.89  230.1  0.86  231.7  0.86   227   257 0.999i  36.7   2745 F8B3
27.01.2023 15:12:35  *01n 20 100TL 4  492.4  0.46   230  297.3  0.07    19  229.3  0.88  230.1  0.89  231.7  0.87   250   253 1.000  36.7   2746 85ED
27.01.2023 15:12:55  *01n 20 100TL 4  479.7  0.44   213  297.2  0.07    21  228.9  0.89  230.2  0.86  231.6  0.84   234   244 1.000  36.7   2748 8019
27.01.2023 15:13:15  *01n 20 100TL 4  472.4  0.39   187  297.3  0.05    16  229.1  0.87  230.1  0.84  231.5  0.85   204   236 1.000  36.7   2749 26C0
27.01.2023 15:13:35  *01n 20 100TL 4  491.7  0.40   198  297.5  0.05    15  229.1  0.87  230.3  0.84  231.6  0.81   213   238 0.999c  36.7   2750 49A3
27.01.2023 15:13:55  *01n 20 100TL 4  481.8  0.42   204  297.3  0.06    18  228.9  0.87  230.1  0.83  231.7  0.84   222   233 1.000  36.7   2752 A07F
27.01.2023 15:14:15  *01n 20 100TL 4  481.5  0.36   175  297.0  0.05    15  229.2  0.83  230.1  0.82  231.8  0.83   190   233 1.000  36.7   2753 829D
27.01.2023 15:14:35  *01n 20 100TL 4  478.8  0.40   193  297.5  0.06    18  228.9  0.87  229.8  0.88  231.6  0.86   212   236 1.000  36.7   2754 85CF
27.01.2023 15:14:55  *01n 20 100TL 4  475.3  0.45   216  297.0  0.07    19  229.3  0.86  229.5  0.83  231.7  0.82   236   238 1.000  36.7   2756 BD66
27.01.2023 15:15:16  *01n 20 100TL 4  490.4  0.43   213  297.3  0.08    24  229.7  0.85  229.7  0.86  231.6  0.80   238   245 1.000  36.7   2757 C546
27.01.2023 15:15:36  *01n 20 100TL 4  490.1  0.42   207  297.4  0.07    21  229.0  0.87  230.2  0.89  231.8  0.86   228   251 1.000  36.8   2758 8199
27.01.2023 15:15:56  *01n 20 100TL 4  489.9  0.52   257  297.4  0.10    32  228.8  0.88  229.9  0.87  231.6  0.88   289   259 1.000  36.8   2760 80D5
27.01.2023 15:16:16  *01n 20 100TL 4  491.4  0.49   242  297.4  0.08    25  229.1  0.92  230.1  0.90  231.5  0.89   268   263 0.999i  36.7   2761 6CF8
27.01.2023 15:16:36  *01n 20 100TL 4  486.0  0.49   241  297.5  0.11    33  229.1  0.90  230.1  0.90  231.6  0.89   274   271 1.000  36.7   2763 D0F3
27.01.2023 15:16:56  *01n 20 100TL 4  503.4  0.44   224  297.3  0.08    25  229.2  0.87  230.2  0.83  231.8  0.81   250   273 1.000  36.7   2764 381F
27.01.2023 15:17:16  *01n 20 100TL 4  494.1  0.51   256  297.6  0.12    35  229.5  0.86  230.2  0.85  231.8  0.85   291   277 1.000  36.7   2766 5811
27.01.2023 15:17:36  *01n 20 100TL 4  488.5  0.59   291  297.5  0.13    39  229.4  0.88  230.1  0.87  231.7  0.86   331   283 1.000  36.7   2767 6C6F
27.01.2023 15:17:56  *01n 20 100TL 4  499.0  0.55   279  297.2  0.11    32  229.4  0.86  229.4  0.84  231.9  0.85   311   276 1.000  36.7   2769 ED65
27.01.2023 15:18:16  *01n 20 100TL 4  490.8  0.42   205  297.7  0.09    27  229.4  0.86  229.8  0.85  231.8  0.83   233   267 1.000  36.7   2770 CB09
27.01.2023 15:18:36  *01n 20 100TL 4  491.6  0.57   282  297.3  0.09    27  229.3  0.90  230.2  0.89  231.7  0.90   309   259 1.000  36.7   2772 AA71
27.01.2023 15:18:56  *01n 20 100TL 4  482.2  0.45   218  297.4  0.07    21  229.4  0.89  230.4  0.86  231.9  0.87   239   244 0.999i  36.7   2773 4CB3
27.01.2023 15:19:16  *01n 20 100TL 4  482.4  0.44   212  297.4  0.05    15  229.2  0.89  230.1  0.86  231.8  0.84   227   222 1.000  36.7   2775 72AB
27.01.2023 15:19:36  *01n 20 100TL 4  466.2  0.48   224  297.3  0.06    16  229.4  0.84  229.6  0.84  232.2  0.81   241   209 1.000  36.7   2776 0820
27.01.2023 15:19:56  *01n 20 100TL 4  446.7  0.42   190  297.3  0.04    12  229.4  0.88  229.5  0.81  231.9  0.81   202   195 1.000  36.7   2777 48DB
27.01.2023 15:20:16  *01n 20 100TL 4  426.3  0.41   180  297.4  0.02     6  229.2  0.86  230.6  0.82  231.9  0.82   186   183 1.000  36.7   2778 69F1
27.01.2023 15:20:36  *01n 20 100TL 4  408.8  0.42   170  297.4  0.02     7  229.1  0.84  230.4  0.83  231.8  0.84   178   178 0.999c  36.7   2779 3D0C
27.01.2023 15:20:56  *01n 20 100TL 4  409.0  0.47   195  297.3  0.02     6  229.1  0.83  230.6  0.83  231.9  0.81   201   175 0.999c  36.7   2780 9CBA
27.01.2023 15:21:16  *01n 20 100TL 4  409.1  0.45   183  297.4  0.02     6  229.0  0.86  230.6  0.82  231.3  0.85   189   172 1.000  36.7   2781 8AD8
27.01.2023 15:21:36  *01n 20 100TL 4  409.0  0.47   195  297.6  0.02     6  229.2  0.84  230.5  0.83  231.8  0.85   201   170 1.000  36.7   2782 105B
27.01.2023 15:21:57  *01n 20 100TL 4  408.9  0.42   173  297.4  0.01     3  229.9  0.85  230.2  0.82  231.9  0.84   177   164 0.999c  36.8   2783 42A6
27.01.2023 15:22:17  *01n 20 100TL 4  409.1  0.36   149  297.3  0.00     1  229.0  0.84  230.2  0.80  231.4  0.81   151   160 0.999c  36.7   2784 7102
27.01.2023 15:22:37  *01n 20 100TL 4  409.0  0.30   125  297.5  0.00     3  229.0  0.86  230.2  0.80  231.6  0.81   128   157 1.000  36.7   2785 C436
27.01.2023 15:22:57  *01n 20 100TL 4  408.9  0.32   131  297.5  0.00     1  228.9  0.87  230.2  0.81  231.4  0.80   132   154 0.999c  36.7   2785 8415
27.01.2023 15:23:17  *01n 20 100TL 4  408.9  0.34   140  297.5  0.01     3  228.9  0.83  230.4  0.81  231.7  0.82   143   155 0.999i  36.7   2786 806D
27.01.2023 15:23:37  *01n 20 100TL 4  409.0  0.34   140  297.5  0.01     3  228.9  0.84  230.3  0.85  231.6  0.81   143   157 0.999i  36.8   2787 1DD5
27.01.2023 15:23:57  *01n 20 100TL 4  409.0  0.40   167  297.2  0.01     6  229.1  0.84  230.4  0.83  231.6  0.81   173   161 0.999i  36.7   2788 61A5
27.01.2023 15:24:17  *01n 20 100TL 4  409.0  0.45   184  297.6  0.02     6  228.9  0.85  230.2  0.83  231.7  0.82   190   169 0.999c  36.7   2789 20CD
27.01.2023 15:24:37  *01n 20 100TL 4  409.1  0.50   205  297.4  0.02     6  228.7  0.85  230.3  0.85  231.6  0.82   212   181 1.000  36.7   2790 A3BD
27.01.2023 15:24:57  *01n 20 100TL 4  409.2  0.39   163  297.6  0.04    15  228.8  0.85  230.1  0.81  231.6  0.76   178   189 1.000  36.7   2791 1031
27.01.2023 15:25:17  *01n 20 100TL 4  409.1  0.50   207  297.4  0.07    18  228.7  0.86  230.0  0.86  231.4  0.84   225   205 0.999i  36.7   2792 0ABB
27.01.2023 15:25:37  *01n 20 100TL 4  409.0  0.48   198  297.4  0.08    24  228.9  0.86  230.2  0.86  231.5  0.85   222   224 1.000  36.7   2793 0858
27.01.2023 15:25:57  *01n 20 100TL 4  408.8  0.45   184  297.4  0.07    24  229.0  0.87  230.4  0.86  231.9  0.86   209   239 1.000  36.7   2795 D7BB
27.01.2023 15:26:17  *01n 20 100TL 4  442.9  0.54   238  297.4  0.12    36  229.2  0.94  230.4  0.89  231.8  0.88   274   271 0.999i  36.7   2796 3DAF
27.01.2023 15:26:37  *01n 20 100TL 4  469.2  0.50   238  296.8  0.11    35  229.7  0.95  229.8  0.93  231.4  0.92   273   292 1.000  36.7   2797 362E
27.01.2023 15:26:57  *01n 20 100TL 4  488.8  0.60   292  297.5  0.13    39  229.1  0.93  230.3  0.90  231.6  0.90   332   306 1.000  36.7   2799 00A1
27.01.2023 15:27:17  *01n 20 100TL 4  498.4  0.63   317  297.0  0.14    42  229.2  0.89  230.1  0.91  231.6  0.87   360   305 1.000  36.7   2801 D301
27.01.2023 15:27:37  *01n 20 100TL 4  488.3  0.59   288  297.2  0.12    38  229.2  0.85  230.3  0.84  231.7  0.84   326   292 0.999c  36.7   2803 2E0E
27.01.2023 15:27:57  *01n 20 100TL 4  498.0  0.49   247  297.3  0.11    32  229.2  0.90  230.3  0.86  231.7  0.87   279   279 1.000  36.7   2804 4F18
27.01.2023 15:28:18  *01n 20 100TL 4  497.7  0.46   231  297.2  0.07    22  229.2  0.90  230.1  0.84  231.2  0.87   254   259 1.000  36.7   2806 5393
27.01.2023 15:28:38  *01n 20 100TL 4  497.6  0.43   215  297.3  0.08    22  229.0  0.88  230.1  0.85  231.4  0.84   238   238 0.999c  36.7   2807 1416
27.01.2023 15:28:58  *01n 20 100TL 4  493.7  0.50   245  297.5  0.06    15  229.2  0.85  229.9  0.84  231.6  0.83   260   219 1.000  36.7   2808 6CE9
27.01.2023 15:29:18  *01n 20 100TL 4  473.1  0.40   192  297.3  0.04    12  229.0  0.86  229.9  0.87  231.4  0.83   204   199 1.000  36.7   2809 A10E
27.01.2023 15:29:38  *01n 20 100TL 4  453.2  0.36   164  297.2  0.02     6  229.0  0.84  229.8  0.86  231.4  0.85   170   181 1.000  36.7   2811 D452
27.01.2023 15:29:58  *01n 20 100TL 4  432.6  0.42   183  297.3  0.02     7  229.3  0.85  229.9  0.83  231.3  0.83   190   167 0.999c  36.7   2811 4582
27.01.2023 15:30:18  *01n 20 100TL 4  412.7  0.36   149  297.6  0.00     1  229.1  0.85  230.1  0.86  231.3  0.81   151   158 1.000  36.8   2812 7EBB
27.01.2023 15:30:38  *01n 20 100TL 4  409.0  0.43   180  297.6  0.00     0  229.0  0.84  229.9  0.81  231.2  0.79   180   158 0.998c  36.7   2813 6598
27.01.2023 15:30:58  *01n 20 100TL 4  409.0  0.37   152  297.4  0.02     6  229.0  0.84  230.0  0.81  231.2  0.80   210   163 1.000  36.7   2814 5914
27.01.2023 15:31:18  *01n 20 100TL 4  409.0  0.44   181  297.8  0.02     6  229.1  0.84  229.9  0.83  231.2  0.83   187   169 1.000  36.7   2815 1CC0
27.01.2023 15:31:38  *01n 20 100TL 4  409.1  0.37   152  297.4  0.02     7  229.1  0.86  229.9  0.84  231.2  0.82   160   170 0.999c  36.7   2816 34AD
27.01.2023 15:31:58  *01n 20 100TL 4  408.9  0.45   186  297.3  0.01     3  229.2  0.87  230.2  0.82  230.8  0.80   189   175 1.000  36.8   2817 279F
27.01.2023 15:32:18  *01n 20 100TL 4  409.0  0.35   144  297.4  0.02     7  228.5  0.89  229.6  0.85  230.9  0.86   152   172 1.000  36.8   2818 2CD1
27.01.2023 15:32:38  *01n 20 100TL 4  408.9  0.40   163  297.3  0.00     3  228.9  0.82  229.8  0.82  230.9  0.82   166   167 0.999c  36.8   2819 3FFF
27.01.2023 15:32:58  *01n 20 100TL 4  409.1  0.40   164  297.2  0.01     6  229.6  0.85  229.6  0.81  230.7  0.84   170   161 0.999i  36.7   2820 5688
27.01.2023 15:33:18  *01n 20 100TL 4  409.0  0.41   172  297.2  0.01     6  228.8  0.83  229.9  0.84  231.0  0.82   178   161 1.000  36.8   2821 6275
27.01.2023 15:33:38  *01n 20 100TL 4  408.9  0.49   201  297.2  0.01     4  229.4  0.84  229.6  0.83  231.1  0.79   205   166 0.999c  36.8   2822 F398
27.01.2023 15:33:58  *01n 20 100TL 4  408.9  0.34   141  297.3  0.02     7  229.1  0.87  229.7  0.84  231.1  0.84   149   167 0.999i  36.7   2823 D3AF
27.01.2023 15:34:18  *01n 20 100TL 4  409.1  0.39   163  297.5  0.02     4  228.6  0.86  229.9  0.86  231.3  0.84   167   170 1.000  36.8   2823 645A
27.01.2023 15:34:38  *01n 20 100TL 4  409.1  0.40   163  297.4  0.02     6  228.7  0.85  229.7  0.81  231.2  0.81   169   173 0.999c  36.8   2824 B30C
27.01.2023 15:34:58  *01n 20 100TL 4  409.1  0.45   184  297.4  0.02     7  228.9  0.86  230.0  0.80  231.4  0.83   192   180 0.999i  36.8   2825 85E2
27.01.2023 15:35:19  *01n 20 100TL 4  409.0  0.48   196  297.4  0.03    10  228.9  0.86  229.7  0.82  231.2  0.83   207   178 0.999i  36.8   2826 CA38
27.01.2023 15:35:39  *01n 20 100TL 4  408.9  0.50   204  297.5  0.03    10  229.1  0.87  229.9  0.82  231.4  0.83   215   184 0.999i  36.8   2827 EE19
27.01.2023 15:35:59  *01n 20 100TL 4  408.9  0.39   160  297.3  0.03    10  229.2  0.86  230.0  0.82  231.4  0.85   170   187 1.000  36.8   2828 EB58
27.01.2023 15:36:19  *01n 20 100TL 4  408.9  0.41   167  297.4  0.03    12  229.3  0.85  230.3  0.82  231.6  0.83   180   190 1.000  36.8   2830 A9EB
27.01.2023 15:36:39  *01n 20 100TL 4  409.0  0.45   187  297.0  0.05    13  229.1  0.89  230.2  0.86  231.5  0.85   201   199 1.000  36.8   2831 F986
27.01.2023 15:36:59  *01n 20 100TL 4  409.0  0.40   164  297.3  0.04    12  229.1  0.86  230.1  0.83  231.4  0.83   177   201 0.999i  36.8   2832 F23E
27.01.2023 15:37:19  *01n 20 100TL 4  409.2  0.48   198  297.4  0.06    18  229.6  0.85  230.3  0.80  231.0  0.82   216   204 1.000  36.8   2833 3730
27.01.2023 15:37:39  *01n 20 100TL 4  408.9  0.54   219  297.3  0.08    22  229.3  0.91  230.1  0.84  231.5  0.89   242   205 1.000  36.8   2834 B0F7
27.01.2023 15:37:59  *01n 20 100TL 4  409.0  0.39   158  297.3  0.04    10  229.2  0.90  230.2  0.85  231.6  0.85   169   204 0.999i  36.8   2835 F386
27.01.2023 15:38:19  *01n 20 100TL 4  409.0  0.43   178  297.4  0.05    15  229.3  0.87  230.3  0.82  231.7  0.82   193   198 0.999c  36.8   2836 681C
27.01.2023 15:38:39  *01n 20 100TL 4  409.1  0.36   151  297.5  0.03    10  229.4  0.86  230.3  0.83  231.9  0.79   161   192 1.000  36.8   2837 1169
27.01.2023 15:38:59  *01n 20 100TL 4  408.9  0.45   184  297.3  0.04    10  229.6  0.80  230.2  0.82  231.7  0.79   195   186 1.000  36.8   2838 4496
27.01.2023 15:39:19  *01n 20 100TL 4  408.9  0.35   146  297.3  0.02     7  229.5  0.84  230.3  0.81  231.9  0.81   154   178 0.999c  36.8   2839 B4C4
27.01.2023 15:39:39  *01n 20 100TL 4  409.0  0.42   173  297.4  0.02     7  229.5  0.88  229.9  0.84  231.6  0.83   181   170 1.000  36.8   2840 B198
27.01.2023 15:39:59  *01n 20 100TL 4  408.9  0.36   149  297.3  0.00     1  229.3  0.87  230.3  0.81  231.8  0.82   151   160 0.999i  36.8   2841 12CB
27.01.2023 15:40:19  *01n 20 100TL 4  408.9  0.36   148  297.8  0.00     0  229.4  0.82  230.4  0.80  231.8  0.82   148   152 0.999c  36.8   2842 27E6
27.01.2023 15:40:39  *01n 20 100TL 4  408.7  0.28   114  298.2  0.00     0  229.5  0.84  230.1  0.81  231.6  0.82   114   144 0.998c  36.8   2843 5420
27.01.2023 15:40:59  *01n 20 100TL 4  408.9  0.36   151  297.4  0.00     0  229.5  0.84  230.3  0.82  231.7  0.81   151   135 0.999i  36.8   2844 82B9
27.01.2023 15:41:19  *01n 20 100TL 4  409.1  0.31   129  297.2  0.00     0  229.3  0.83  230.3  0.81  231.6  0.83   129   129 0.999c  36.8   2845 C3E0
27.01.2023 15:41:39  *01n 20 100TL 4  409.0  0.27   111  297.4  0.00     0  229.6  0.84  230.3  0.81  231.5  0.81   111   126 0.999c  36.8   2845 E09A
27.01.2023 15:42:00  *01n 20 100TL 4  408.9  0.28   117  297.2  0.00     0  229.6  0.86  230.3  0.83  231.7  0.83   117   120 0.998i  36.8   2846 2BD9
27.01.2023 15:42:20  *01n 20 100TL 4  409.2  0.23    97  297.4  0.00     0  229.5  0.87  230.4  0.81  231.7  0.85    97   115 0.998i  36.8   2847 93B8
27.01.2023 15:42:40  *01n 20 100TL 4  408.9  0.25   102  297.4  0.00     0  229.6  0.83  230.4  0.80  232.0  0.79   102   117 0.998c  36.8   2847 25C4
27.01.2023 15:43:00  *01n 20 100TL 4  409.0  0.36   146  297.4  0.00     0  229.4  0.84  230.3  0.81  231.7  0.79   146   115 0.999c  36.8   2848 237B
27.01.2023 15:43:20  *01n 20 100TL 4  408.9  0.26   108  297.5  0.00     0  229.4  0.86  230.0  0.80  231.5  0.79   108   117 0.999c  36.8   2849 6C1C
27.01.2023 15:43:40  *01n 20 100TL 4  408.9  0.22    93  297.5  0.00     0  229.4  0.83  229.9  0.81  231.4  0.80    93   115 0.999c  36.8   2849 AFE2
27.01.2023 15:44:00  *01n 20 100TL 4  409.1  0.32   131  297.2  0.00     0  229.3  0.83  229.9  0.81  231.5  0.80   131   115 0.999c  36.8   2850 6E6F
27.01.2023 15:44:20  *01n 20 100TL 4  408.8  0.30   125  297.3  0.00     0  229.4  0.85  229.4  0.84  231.4  0.80   140   117 0.999i  36.8   2851 2F48
27.01.2023 15:44:40  *01n 20 100TL 4  409.0  0.36   149  297.4  0.00     0  229.1  0.83  229.8  0.81  231.2  0.78   149   119 0.998i  36.8   2851 5E42
27.01.2023 15:45:00  *01n 20 100TL 4  409.1  0.22    91  297.0  0.00     0  229.2  0.83  229.6  0.79  231.4  0.79    91   120 0.999c  36.8   2852 FF4C
27.01.2023 15:45:20  *01n 20 100TL 4  409.2  0.36   146  297.5  0.00     0  229.2  0.86  229.9  0.83  231.3  0.81   146   122 0.998i  36.8   2853 BE99
27.01.2023 15:45:40  *01n 20 100TL 4  409.2  0.37   151  297.6  0.00     0  229.0  0.85  229.9  0.82  231.2  0.79   151   122 0.999c  36.8   2853 1397
27.01.2023 15:46:00  *01n 20 100TL 4  409.0  0.26   109  297.3  0.00     0  229.3  0.84  229.9  0.83  231.2  0.81   109   119 0.998i  36.8   2854 2E86
27.01.2023 15:46:20  *01n 20 100TL 4  408.8  0.27   111  297.4  0.00     0  229.2  0.85  230.1  0.80  231.4  0.81   111   115 0.999i  36.8   2855 7E70
27.01.2023 15:46:40  *01n 20 100TL 4  409.0  0.33   137  297.3  0.00     0  229.2  0.87  230.0  0.79  231.3  0.81   137   114 0.998c  36.8   2855 AA75
27.01.2023 15:47:00  *01n 20 100TL 4  408.9  0.35   141  297.4  0.00     0  229.0  0.86  229.9  0.81  231.3  0.80   141   115 0.998i  36.8   2856 BAB4
27.01.2023 15:47:20  *01n 20 100TL 4  408.8  0.32   132  297.3  0.00     0  229.4  0.86  229.9  0.81  231.2  0.81   132   117 0.998i  36.8   2856 F935
27.01.2023 15:47:40  *01n 20 100TL 4  409.0  0.36   149  297.4  0.00     0  229.3  0.84  229.9  0.83  231.3  0.84   149   119 0.998i  36.8   2857 5E51
27.01.2023 15:48:00  *01n 20 100TL 4  409.1  0.43   180  297.2  0.00     0  229.9  0.84  229.6  0.81  231.0  0.77   180   125 0.999c  36.8   2858 5E04
27.01.2023 15:48:20  *01n 20 100TL 4  409.2  0.27   111  297.3  0.00     0  229.5  0.82  230.1  0.81  231.5  0.83   111   128 0.997c  36.8   2859 46BF
27.01.2023 15:48:41  *01n 20 100TL 4  409.1  0.32   132  297.3  0.00     1  229.5  0.86  230.2  0.81  231.6  0.80   134   132 0.999c  36.8   2859 9FE9
27.01.2023 15:49:01  *01n 20 100TL 4  409.0  0.35   143  297.4  0.00     0  229.6  0.82  230.2  0.85  231.5  0.78   143   140 0.998c  36.8   2860 4BCB
27.01.2023 15:49:21  *01n 20 100TL 4  409.0  0.26   108  297.4  0.00     0  229.5  0.85  230.2  0.80  231.6  0.81   108   135 0.999i  36.9   2861 550D
27.01.2023 15:49:41  *01n 20 100TL 4  408.9  0.29   120  297.5  0.00     0  229.3  0.84  230.2  0.80  231.6  0.79   120   132 0.999c  36.9   2862 136B
27.01.2023 15:50:01  *01n 20 100TL 4  409.0  0.39   161  297.3  0.00     0  229.6  0.85  230.4  0.79  231.8  0.82   161   128 0.999c  36.9   2862 785A
27.01.2023 15:50:21  *01n 20 100TL 4  408.8  0.27   111  297.3  0.00     0  229.8  0.88  230.2  0.81  231.6  0.78   111   117 0.998c  36.9   2863 AB7A
27.01.2023 15:50:41  *01n 20 100TL 4  408.5  0.17    70  297.3  0.00     0  229.6  0.84  230.4  0.79  231.7  0.79    70   106 0.998c  36.9   2864 5635
27.01.2023 15:51:01  *01n 20 100TL 4  409.1  0.28   115  297.4  0.00     0  229.6  0.82  230.3  0.80  231.6  0.78   115    99 0.998c  36.9   2864 FC36
27.01.2023 15:51:21  *01n 20 100TL 4  408.7  0.20    83  297.4  0.00     0  229.6  0.81  230.2  0.80  231.7  0.82    83    93 0.998i  36.9   2865 4F8D
27.01.2023 15:51:41  *01n 20 100TL 4  408.9  0.20    82  297.2  0.00     0  229.9  0.86  229.8  0.82  231.7  0.79    82    93 0.998c  36.9   2865 0207
27.01.2023 15:52:01  *01n 20 100TL 4  408.9  0.16    68  297.3  0.00     0  229.7  0.82  230.1  0.82  231.8  0.80    68    86 0.994c  36.9   2866 E665
27.01.2023 15:52:21  *01n 20 100TL 4  409.0  0.21    90  297.4  0.00     0  229.8  0.85  230.2  0.79  231.5  0.76    90    86 0.996c  36.9   2866 27DB
27.01.2023 15:52:41  *01n 20 100TL 4  409.1  0.20    83  297.4  0.00     0  229.7  0.84  230.0  0.80  231.5  0.80    83    86 0.998i  36.9   2867 66C6
27.01.2023 15:53:01  *01n 20 100TL 4  409.0  0.21    86  297.4  0.00     0  229.5  0.84  229.7  0.83  231.6  0.80    86    91 0.998c  36.9   2867 201E
27.01.2023 15:53:21  *01n 20 100TL 4  409.0  0.33   135  297.5  0.00     0  229.3  0.83  229.5  0.81  231.7  0.79   135    88 0.998i  36.9   2868 85B1
27.01.2023 15:53:41  *01n 20 100TL 4  409.1  0.27   111  297.5  0.00     0  229.5  0.82  230.0  0.81  231.7  0.79   111    93 0.998c  36.9   2868 1EA6
27.01.2023 15:54:01  *01n 20 100TL 4  408.9  0.18    76  297.3  0.00     0  229.5  0.81  230.0  0.82  231.6  0.79    76    93 0.998c  36.9   2869 4AD0
27.01.2023 15:54:21  *01n 20 100TL 4  409.0  0.19    79  297.3  0.00     0  229.4  0.83  229.9  0.80  231.6  0.78    79    97 0.997i  36.9   2869 3F66
27.01.2023 15:54:41  *01n 20 100TL 4  407.5  0.30   122  296.9  0.00     0  230.2  0.84  229.6  0.81  231.3  0.80   122   105 0.998i  36.9   2870 AC04
27.01.2023 15:55:02  *01n 20 100TL 4  409.1  0.26   109  297.3  0.00     0  228.5  0.84  230.4  0.81  231.8  0.82   109   112 0.998i  36.9   2870 887D
27.01.2023 15:55:22  *01n 20 100TL 4  409.1  0.35   143  297.4  0.00     0  228.4  0.87  230.3  0.81  231.7  0.81   143   120 0.998i  36.9   2871 2F1C
27.01.2023 15:55:42  *01n 20 100TL 4  409.0  0.24    97  297.3  0.00     0  228.2  0.87  230.2  0.80  231.9  0.83    97   125 0.998i  36.9   2872 C6E1
27.01.2023 15:56:02  *01n 20 100TL 4  409.0  0.33   135  297.4  0.00     0  228.7  0.84  230.6  0.79  232.1  0.83   135   129 0.998c  36.9   2872 EC11
27.01.2023 15:56:22  *01n 20 100TL 4  409.0  0.30   125  297.6  0.00     0  228.7  0.84  230.7  0.82  232.2  0.81   125   131 0.999i  36.9   2873 3A01
27.01.2023 15:56:42  *01n 20 100TL 4  409.0  0.39   160  297.3  0.00     0  229.1  0.82  231.0  0.77  232.4  0.81   160   129 0.999c  36.9   2874 74A4
27.01.2023 15:57:02  *01n 20 100TL 4  408.9  0.32   132  297.3  0.00     0  229.3  0.84  230.3  0.79  231.5  0.79   132   126 0.999i  36.9   2875 99EF
27.01.2023 15:57:22  *01n 20 100TL 4  408.9  0.29   119  297.7  0.00     0  230.0  0.83  230.3  0.79  231.6  0.79   119   123 0.999i  36.9   2875 C5F5
27.01.2023 15:57:42  *01n 20 100TL 4  409.1  0.21    88  297.2  0.00     0  229.9  0.82  230.5  0.79  232.0  0.80    88   114 0.998c  36.9   2876 5904
27.01.2023 15:58:02  *01n 20 100TL 4  408.8  0.22    93  297.3  0.00     0  229.9  0.83  230.4  0.79  231.8  0.81    93   111 0.999c  36.9   2877 9932
27.01.2023 15:58:22  *01n 20 100TL 4  409.0  0.36   149  297.5  0.00     0  230.0  0.82  230.5  0.81  231.7  0.75   149   105 0.998c  36.9   2877 A352
27.01.2023 15:58:42  *01n 20 100TL 4  408.8  0.28   112  297.1  0.00     0  230.0  0.88  230.6  0.83  231.9  0.83   112   100 0.998i  36.9   2878 B6DA
27.01.2023 15:59:02  *01n 20 100TL 4  409.1  0.25   106  297.4  0.00     0  229.9  0.83  230.5  0.82  231.9  0.80   106    96 0.998i  36.9   2878 2C3C
27.01.2023 15:59:22  *01n 20 100TL 4  409.1  0.21    86  297.3  0.00     0  229.8  0.83  230.3  0.79  231.7  0.82    86    91 0.997i  36.9   2879 3411
27.01.2023 15:59:42  *01n 20 100TL 4  408.9  0.26   108  297.4  0.00     0  229.5  0.81  230.2  0.80  231.7  0.81   108    91 0.997i  36.9   2879 6A21
27.01.2023 16:00:02  *01n 20 100TL 4  408.9  0.19    79  297.6  0.00     0  229.8  0.84  230.3  0.78  231.8  0.79    79    90 0.998c  36.9   2880 D1EB
27.01.2023 16:00:22  *01n 20 100TL 4  409.1  0.15    64  297.5  0.00     0  229.9  0.85  230.6  0.77  231.9  0.84    64    88 0.995i  36.9   2880 66A8
27.01.2023 16:00:42  *01n 20 100TL 4  409.0  0.25   103  297.2  0.00     0  229.9  0.83  230.5  0.79  232.1  0.78   103    88 0.997i  36.9   2881 177A
27.01.2023 16:01:03  *01n 20 100TL 4  409.0  0.21    88  297.5  0.00     0  229.6  0.83  230.4  0.80  231.8  0.78    88    90 0.998c  36.9   2881 4787
27.01.2023 16:01:23  *01n 20 100TL 4  408.9  0.17    68  297.4  0.00     0  229.9  0.83  230.3  0.78  231.9  0.76    68    88 0.998c  36.9   2882 5834
27.01.2023 16:01:42  *01n 20 100TL 4  409.0  0.19    80  297.5  0.00     0  229.7  0.85  230.7  0.80  232.1  0.81    80    90 0.998i  37.0   2882 1BCD
27.01.2023 16:02:02  *01n 20 100TL 4  409.1  0.25   102  297.4  0.00     0  229.7  0.81  230.5  0.79  232.0  0.81   102    86 0.997i  37.0   2883 A30A
27.01.2023 16:02:23  *01n 20 100TL 4  408.9  0.17    70  297.3  0.00     0  229.9  0.81  230.0  0.81  232.2  0.79    70    88 0.997i  37.0   2883 BB9D
27.01.2023 16:02:43  *01n 20 100TL 4  408.8  0.09    39  297.3  0.00     0  229.8  0.82  230.6  0.78  232.1  0.79    39    86 0.997c  37.0   2884 1B49
27.01.2023 16:03:03  *01n 20 100TL 4  409.0  0.18    76  297.3  0.00     0  229.7  0.84  230.4  0.79  232.1  0.78    76    83 0.995c  37.0   2884 5C76
27.01.2023 16:03:23  *01n 20 100TL 4  408.9  0.28   114  297.3  0.00     0  229.3  0.84  230.2  0.80  232.1  0.75   114    83 0.997c  37.0   2885 4926
27.01.2023 16:03:43  *01n 20 100TL 4  409.1  0.28   119  297.5  0.00     0  229.8  0.82  230.6  0.79  232.1  0.78   119    80 0.997c  37.0   2885 846D
27.01.2023 16:04:03  *01n 20 100TL 4  408.9  0.16    68  297.4  0.00     0  229.6  0.81  230.3  0.80  232.1  0.81    68    79 0.995c  37.0   2886 91C6
27.01.2023 16:04:23  *01n 20 100TL 4  408.9  0.22    93  297.4  0.00     0  229.5  0.83  230.5  0.81  232.2  0.79    93    79 0.997c  37.0   2886 21BD
27.01.2023 16:04:43  *01n 20 100TL 4  409.0  0.20    82  297.3  0.00     0  230.0  0.83  230.5  0.78  232.3  0.78    82    77 0.995c  37.0   2887 F015
27.01.2023 16:05:03  *01n 20 100TL 4  408.9  0.16    68  297.4  0.00     0  229.8  0.86  230.6  0.83  232.1  0.80    68    76 0.996i  37.0   2887 D539
27.01.2023 16:05:23  *01n 20 100TL 4  408.9  0.16    67  297.4  0.00     0  229.6  0.82  230.4  0.80  231.9  0.79    67    73 0.997c  37.0   2887 E037
27.01.2023 16:05:43  *01n 20 100TL 4  409.0  0.18    73  297.4  0.00     0  229.6  0.83  230.4  0.80  231.8  0.81    73    77 0.997i  37.0   2888 8D2D
27.01.2023 16:06:03  *01n 20 100TL 4  409.1  0.10    42  297.4  0.00     0  229.5  0.86  230.2  0.79  231.8  0.83    42    73 0.995i  37.0   2888 4C24
27.01.2023 16:06:23  *01n 20 100TL 4  409.1  0.30   126  297.3  0.00     0  229.7  0.82  230.4  0.78  232.0  0.78   126    74 0.996c  37.0   2889 F044
27.01.2023 16:06:43  *01n 20 100TL 4  409.0  0.09    38  297.4  0.00     0  229.7  0.83  230.4  0.82  232.0  0.82    38    73 0.994i  37.0   2889 099B
27.01.2023 16:07:03  *01n 20 100TL 4  409.1  0.29   120  297.3  0.00     0  229.7  0.86  230.6  0.82  232.1  0.81   120    74 0.995i  37.0   2889 B49A
27.01.2023 16:07:23  *01n 20 100TL 4  409.0  0.12    50  297.2  0.00     0  229.8  0.82  230.6  0.81  232.4  0.80    50    70 0.995i  37.0   2890 E59C
27.01.2023 16:07:44  *01n 20 100TL 4  409.1  0.14    59  297.5  0.00     0  229.7  0.83  230.4  0.81  232.1  0.78    59    73 0.995i  37.0   2890 CF53
27.01.2023 16:08:04  *01n 20 100TL 4  408.9  0.27   112  297.5  0.00     0  229.6  0.85  230.2  0.80  232.0  0.78   112    71 0.994i  37.0   2891 FB67
27.01.2023 16:08:24  *01n 20 100TL 4  408.9  0.13    54  297.3  0.00     0  230.3  0.81  229.6  0.79  231.8  0.79    54    70 0.996c  37.0   2891 8231
27.01.2023 16:08:44  *01n 20 100TL 4  408.8  0.26   106  297.4  0.00     0  229.8  0.82  230.3  0.80  232.2  0.79   106    73 0.997i  37.0   2891 BA2D
27.01.2023 16:09:04  *01n 20 100TL 4  409.0  0.28   115  297.3  0.00     0  229.8  0.83  230.3  0.82  232.1  0.80   115    74 0.995c  37.0   2892 5E30
27.01.2023 16:09:24  *01n 20 100TL 4  408.9  0.15    64  297.4  0.00     0  229.9  0.83  230.0  0.82  232.2  0.79    64    68 0.994i  37.0   2892 BAEE
27.01.2023 16:09:44  *01n 20 100TL 4  408.9  0.16    67  297.3  0.00     0  229.9  0.81  230.3  0.82  232.0  0.76    67    68 0.996i  37.0   2893 A0D4
27.01.2023 16:10:04  *01n 20 100TL 4  409.0  0.21    86  297.3  0.00     0  229.6  0.83  230.0  0.79  231.9  0.82    86    68 0.995i  37.0   2893 898B
27.01.2023 16:10:24  *01n 20 100TL 4  409.2  0.15    64  297.5  0.00     0  229.5  0.80  230.1  0.78  232.0  0.82    64    65 0.996i  37.0   2893 4A4F
27.01.2023 16:10:44  *01n 20 100TL 4  408.9  0.07    27  297.3  0.00     0  229.2  0.81  229.9  0.79  232.0  0.77    27    65 0.995c  37.0   2894 3E9E
27.01.2023 16:11:04  *01n 20 100TL 4  409.0  0.17    70  297.3  0.00     0  229.5  0.80  229.9  0.79  232.0  0.78    70    65 0.996c  37.0   2894 2591
27.01.2023 16:11:24  *01n 20 100TL 4  408.9  0.19    79  297.4  0.00     0  229.4  0.83  230.1  0.79  232.2  0.77    79    64 0.993c  37.0   2895 6975
27.01.2023 16:11:44  *01n 20 100TL 4  409.0  0.14    59  297.6  0.00     0  229.6  0.83  230.3  0.82  232.2  0.80    59    67 0.989i  37.0   2895 2042
27.01.2023 16:12:04  *01n 20 100TL 4  409.0  0.25   103  297.5  0.00     0  229.4  0.84  230.2  0.80  232.2  0.79   103    62 0.991i  37.0   2895 5BDF
27.01.2023 16:12:24  *01n 20 100TL 4  408.8  0.13    53  297.4  0.00     0  229.3  0.84  230.3  0.79  232.1  0.80    53    61 0.991i  37.0   2896 4FB8
27.01.2023 16:12:44  *01n 20 100TL 4  408.8  0.21    86  297.3  0.00     0  230.2  0.80  229.8  0.79  231.9  0.81    86    59 0.988i  37.0   2896 EA92
27.01.2023 16:13:04  *01n 20 100TL 4  409.0  0.24    99  297.2  0.00     0  229.9  0.80  229.6  0.83  232.0  0.78    99    59 0.994c  37.0   2896 3CE6
27.01.2023 16:13:25  *01n 20 100TL 4  408.9  0.16    67  297.4  0.00     0  229.4  0.82  230.0  0.79  231.9  0.78    67    54 0.993i  37.0   2897 BD8C
27.01.2023 16:13:44  *01n 20 100TL 4  408.5  0.09    39  296.0  0.00     0  229.6  0.79  230.3  0.80  232.2  0.78    39    54 0.993c  37.0   2897 8E4C
27.01.2023 16:14:05  *01n 20 100TL 4  409.7  0.09    38  294.9  0.00     0  229.5  0.84  230.1  0.81  232.2  0.82    38    50 0.992i  37.0   2897 4704
27.01.2023 16:14:25  *01n 20 100TL 4  410.1  0.13    56  299.2  0.00     0  229.6  0.84  230.2  0.78  232.0  0.76    56    50 0.986c  37.0   2897 DD45
27.01.2023 16:14:45  *01n 20 100TL 4  408.3  0.08    35  295.3  0.00     0  229.6  0.81  230.0  0.80  231.7  0.79    35    50 0.976i  37.0   2898 3AC3
27.01.2023 16:15:05  *01n 20 100TL 4  409.2  0.22    91  297.1  0.00     0  229.6  0.83  230.2  0.80  232.1  0.79    91    48 0.989i  37.0   2898 D491
27.01.2023 16:15:25  *01n 20 100TL 4  409.0  0.09    38  297.3  0.00     0  229.6  0.84  230.2  0.81  231.9  0.82    38    48 0.985i  37.0   2898 84DF
27.01.2023 16:15:44  *01n 20 100TL 4  409.0  0.18    73  297.5  0.00     0  229.5  0.82  230.3  0.81  231.9  0.79    73    47 0.965i  37.0   2899 3D87
