24.04.2023 06:50:05  *01n 20 100TL 4  232.2  0.07    16  242.6  0.00     0  228.0  0.78  228.6  0.77  229.5  0.76    16    45 0.952c  27.3      0 3544
24.04.2023 06:50:26  *01n 20 100TL 4  213.2  0.36    77  281.6  0.00     0  227.6  0.79  228.0  0.79  229.4  0.73    77    48 0.980c  27.3      0 7FA9
24.04.2023 06:50:45  *01n 20 100TL 4  200.3  0.32    64  261.4  0.00     1  227.5  0.77  228.1  0.80  229.4  0.76    65    41 0.975c  27.4      0 C244
24.04.2023 06:51:05  *01n 20 100TL 4  200.2  0.16    32  240.7  0.00     0  227.5  0.83  228.0  0.80  229.4  0.80    32    38 0.963i  27.5      0 A236
24.04.2023 06:51:26  *01n 20 100TL 4  200.1  0.16    33  220.6  0.00     0  227.6  0.79  228.2  0.79  229.3  0.77    33    36 0.940c  27.6      1 72D2
24.04.2023 06:51:46  *01n 20 100TL 4  200.2  0.23    45  213.8  0.00     0  227.7  0.79  228.3  0.79  229.3  0.79    45    35 0.966c  27.6      1 FD53
24.04.2023 06:52:06  *01n 20 100TL 4  200.2  0.11    21  213.5  0.00     0  228.3  0.81  227.5  0.79  228.8  0.78    21    36 0.977i  27.7      1 5B95
24.04.2023 06:52:26  *01n 20 100TL 4  200.2  0.13    27  213.5  0.00     0  227.6  0.79  228.3  0.80  229.4  0.80    27    35 0.975i  27.8      1 C3D1
24.04.2023 06:52:46  *01n 20 100TL 4  200.2  0.30    61  213.4  0.00     0  227.6  0.77  228.2  0.79  229.5  0.75    61    36 0.965c  27.8      1 56F3
24.04.2023 06:57:26  *01n 20 100TL 4  387.7  0.23    88  404.7  0.00     0  227.9  0.83  228.4  0.84  229.2  0.89    88   102 0.440c  27.7      2 7EE2
24.04.2023 06:57:47  *01n 20 100TL 4  388.1  0.23    91  404.6  0.00     1  227.7  0.78  228.2  0.78  228.9  0.82    93    74 0.993i  27.7      2 B378
24.04.2023 06:58:07  *01n 20 100TL 4  388.1  0.22    85  404.4  0.00     0  227.8  0.77  228.4  0.80  229.1  0.75    85    74 0.996c  27.8      3 33FF
24.04.2023 06:58:27  *01n 20 100TL 4  388.4  0.19    76  404.4  0.00     0  227.5  0.76  228.3  0.78  228.8  0.78    76    71 0.997c  27.9      3 404E
24.04.2023 06:58:47  *01n 20 100TL 4  388.3  0.21    82  404.6  0.00     0  227.9  0.81  227.6  0.80  228.8  0.76    82    74 0.996i  28.0      3 2020
24.04.2023 06:59:07  *01n 20 100TL 4  388.3  0.17    68  404.3  0.00     0  227.4  0.77  228.4  0.82  229.0  0.79    68    73 0.991c  28.0      4 C959
24.04.2023 06:59:27  *01n 20 100TL 4  388.2  0.16    64  404.5  0.00     0  227.3  0.75  227.9  0.78  228.8  0.76    64    73 0.997c  28.1      4 BE11
24.04.2023 06:59:47  *01n 20 100TL 4  388.1  0.21    82  404.3  0.00     0  227.1  0.80  228.0  0.82  228.8  0.79    82    77 0.996i  28.2      5 DEE5
24.04.2023 07:00:07  *01n 20 100TL 4  388.3  0.15    59  404.6  0.00     0  226.8  0.81  227.8  0.82  228.5  0.75    59    73 0.997i  28.2      5 7AC9
24.04.2023 07:00:27  *01n 20 100TL 4  388.3  0.25    97  404.4  0.00     0  227.0  0.79  227.9  0.79  228.4  0.78    97    80 0.996i  28.3      5 FC02
24.04.2023 07:00:47  *01n 20 100TL 4  388.3  0.13    51  404.4  0.00     0  227.4  0.76  228.5  0.76  229.3  0.77    51    73 0.997c  28.3      6 4542
24.04.2023 07:01:07  *01n 20 100TL 4  388.1  0.21    80  404.4  0.00     0  227.7  0.76  228.4  0.80  229.0  0.76    80    77 0.997i  28.4      6 251E
24.04.2023 07:01:27  *01n 20 100TL 4  388.3  0.16    64  404.4  0.00     0  228.0  0.77  228.6  0.79  229.3  0.79    64    79 0.997i  28.4      7 0FFC
24.04.2023 07:01:47  *01n 20 100TL 4  388.3  0.26   100  404.5  0.00     0  228.0  0.77  228.7  0.80  229.3  0.75   100    79 0.997c  28.5      7 150F
24.04.2023 07:02:07  *01n 20 100TL 4  388.2  0.17    68  404.4  0.00     1  228.0  0.77  228.6  0.79  229.4  0.79    70    82 0.997i  28.5      8 53B2
24.04.2023 07:02:27  *01n 20 100TL 4  388.1  0.10    39  404.4  0.00     0  228.0  0.77  228.6  0.76  229.4  0.77    39    79 0.997c  28.6      8 7061
24.04.2023 07:02:47  *01n 20 100TL 4  388.3  0.16    64  404.4  0.00     0  227.8  0.79  228.4  0.79  229.2  0.77    64    79 0.995c  28.6      9 EADA
24.04.2023 07:03:07  *01n 20 100TL 4  388.3  0.14    53  404.6  0.00     0  228.2  0.79  228.3  0.81  228.7  0.77    53    80 0.995c  28.7      9 AA47
24.04.2023 07:03:27  *01n 20 100TL 4  388.3  0.23    88  404.5  0.00     1  227.6  0.76  228.4  0.79  229.3  0.78    90    80 0.997c  28.7      9 03E4
24.04.2023 07:03:48  *01n 20 100TL 4  388.0  0.28   112  404.4  0.00     0  227.7  0.79  228.1  0.80  228.7  0.80   112    80 0.997i  28.7     10 9F85
24.04.2023 07:04:08  *01n 20 100TL 4  388.0  0.15    61  404.4  0.00     0  227.4  0.79  228.2  0.78  229.0  0.74    61    74 0.997c  28.8     10 723E
24.04.2023 07:04:28  *01n 20 100TL 4  388.3  0.15    61  404.2  0.00     0  227.4  0.79  228.0  0.83  228.8  0.80    61    74 0.992i  28.8     11 F124
24.04.2023 07:04:48  *01n 20 100TL 4  388.2  0.21    85  404.5  0.00     0  227.2  0.77  227.7  0.83  228.3  0.78    85    68 0.996i  28.8     11 C58D
24.04.2023 07:05:08  *01n 20 100TL 4  388.1  0.15    61  404.6  0.00     0  227.4  0.78  227.9  0.78  228.6  0.79    61    65 0.994i  28.9     12 0B5A
24.04.2023 07:05:28  *01n 20 100TL 4  388.0  0.15    59  404.5  0.00     0  227.2  0.76  227.6  0.79  228.5  0.77    59    62 0.993c  28.9     12 0E3A
24.04.2023 07:05:48  *01n 20 100TL 4  388.0  0.23    90  404.4  0.00     0  226.9  0.79  227.6  0.79  228.5  0.77    90    61 0.987i  29.0     12 C352
24.04.2023 07:06:08  *01n 20 100TL 4  388.2  0.19    74  404.5  0.00     0  226.8  0.81  227.4  0.77  228.1  0.73    74    53 0.984c  29.0     13 CC07
24.04.2023 07:06:28  *01n 20 100TL 4  388.1  0.21    80  404.4  0.00     0  227.0  0.77  227.7  0.78  228.4  0.77    80    54 0.987i  29.1     13 A0CF
24.04.2023 07:06:48  *01n 20 100TL 4  388.0  0.10    41  404.5  0.00     0  227.3  0.75  228.0  0.78  228.8  0.76    41    53 0.992c  29.1     13 6F44
24.04.2023 07:07:08  *01n 20 100TL 4  388.3  0.12    47  404.4  0.00     0  228.6  0.77  227.9  0.78  227.9  0.79    47    51 0.989c  29.1     13 8489
24.04.2023 07:07:28  *01n 20 100TL 4  388.2  0.07    30  404.4  0.00     0  227.4  0.77  228.0  0.79  228.6  0.77    30    47 0.991c  29.2     14 C44C
24.04.2023 07:07:48  *01n 20 100TL 4  388.1  0.13    50  404.4  0.00     0  227.2  0.77  227.8  0.77  228.5  0.76    50    53 0.992c  29.2     14 D773
24.04.2023 07:08:08  *01n 20 100TL 4  388.3  0.18    73  404.4  0.00     0  226.7  0.75  227.4  0.78  228.0  0.76    73    53 0.993c  29.2     14 6CF6
24.04.2023 07:08:28  *01n 20 100TL 4  388.2  0.10    38  404.5  0.00     0  226.2  0.78  227.1  0.80  227.7  0.78    38    53 0.989i  29.3     15 8E74
24.04.2023 07:08:48  *01n 20 100TL 4  388.3  0.10    39  404.4  0.00     0  226.3  0.79  226.9  0.79  227.6  0.77    39    59 0.990i  29.3     15 14D7
24.04.2023 07:13:29  *01n 20 100TL 4  280.0  0.24    68  257.4  0.00     0  227.6  0.77  227.5  0.80  229.0  0.76    68    73 0.971c  29.0     15 9BCC
24.04.2023 07:13:49  *01n 20 100TL 4  260.0  0.33    86  237.4  0.02     3  227.3  0.77  227.8  0.77  228.6  0.77    90    73 0.993c  29.1     16 A51A
24.04.2023 07:14:09  *01n 20 100TL 4  239.9  0.39    94  217.3  0.02     4  227.4  0.75  227.9  0.77  228.8  0.81    99    70 0.996c  29.1     16 AF27
24.04.2023 07:14:29  *01n 20 100TL 4  222.3  0.27    59  204.6  0.01     3  227.2  0.77  227.7  0.79  228.6  0.79    62    71 0.996i  29.2     16 7BF3
24.04.2023 07:14:49  *01n 20 100TL 4  222.1  0.22    48  204.5  0.03     4  227.8  0.76  227.4  0.79  228.8  0.77    53    73 0.997c  29.3     17 95FB
24.04.2023 07:15:09  *01n 20 100TL 4  221.9  0.34    76  204.4  0.03     7  227.2  0.80  227.9  0.78  228.8  0.76    83    79 0.997i  29.3     17 593E
24.04.2023 07:15:29  *01n 20 100TL 4  222.2  0.45    99  204.4  0.05    10  227.2  0.75  227.5  0.81  228.6  0.79   109    85 0.997c  29.4     18 1197
24.04.2023 07:15:50  *01n 20 100TL 4  221.9  0.41    91  204.4  0.06    12  227.2  0.76  227.8  0.77  228.6  0.75   103    85 0.998c  29.5     18 0796
24.04.2023 07:16:10  *01n 20 100TL 4  222.0  0.24    53  204.5  0.03     6  227.2  0.74  227.7  0.79  228.7  0.79    59    88 0.989c  29.5     19 BE5B
24.04.2023 07:16:30  *01n 20 100TL 4  222.1  0.47   105  204.6  0.07    13  227.2  0.82  227.7  0.79  228.8  0.80   119    90 0.998i  29.6     19 7638
24.04.2023 07:16:50  *01n 20 100TL 4  222.0  0.31    70  204.5  0.04     9  227.3  0.82  227.8  0.82  228.7  0.81    79    85 0.998i  29.6     20 DA9C
24.04.2023 07:17:10  *01n 20 100TL 4  222.0  0.33    74  204.5  0.06    10  227.3  0.78  227.8  0.80  229.0  0.79    85    85 0.998i  29.7     20 23ED
24.04.2023 07:17:30  *01n 20 100TL 4  222.0  0.33    74  204.6  0.04     7  227.0  0.75  227.9  0.81  228.7  0.76    82    80 0.997c  29.7     21 EEF5
24.04.2023 07:17:50  *01n 20 100TL 4  222.0  0.40    90  204.5  0.05     9  227.3  0.78  227.9  0.82  228.8  0.79    99    79 0.997i  29.8     21 4460
24.04.2023 07:18:10  *01n 20 100TL 4  221.7  0.28    61  204.2  0.03     6  227.3  0.79  227.9  0.81  228.8  0.82    67    77 0.997i  29.8     22 8E2D
24.04.2023 07:18:30  *01n 20 100TL 4  222.0  0.42    93  204.5  0.03     6  227.1  0.75  227.8  0.80  228.9  0.78    99    73 0.995c  29.8     22 6BBC
24.04.2023 07:18:50  *01n 20 100TL 4  222.0  0.37    80  204.3  0.03     6  227.3  0.77  228.0  0.76  228.8  0.75    86    71 0.996c  29.9     22 4F19
24.04.2023 07:19:10  *01n 20 100TL 4  222.0  0.45   100  204.6  0.04     9  227.4  0.78  228.0  0.76  228.9  0.78   109    73 0.996i  29.9     23 DFCE
24.04.2023 07:19:30  *01n 20 100TL 4  221.9  0.18    41  204.6  0.02     4  227.5  0.77  227.9  0.78  228.7  0.75    45    71 0.997c  30.0     23 F4E6
24.04.2023 07:19:50  *01n 20 100TL 4  221.9  0.53   115  204.3  0.03     7  227.1  0.74  227.7  0.76  228.5  0.78   123    73 0.994c  30.0     24 DD8C
24.04.2023 07:20:10  *01n 20 100TL 4  221.9  0.31    68  204.5  0.02     4  227.0  0.76  227.7  0.77  228.6  0.76    73    67 0.996c  30.0     24 EEE2
24.04.2023 07:20:30  *01n 20 100TL 4  222.0  0.26    59  204.3  0.02     3  227.1  0.78  227.5  0.81  228.6  0.80    62    67 0.996i  30.0     24 CDEE
24.04.2023 07:20:50  *01n 20 100TL 4  221.9  0.34    76  204.4  0.02     4  227.2  0.77  227.4  0.78  228.6  0.78    80    68 0.996c  30.1     25 66A9
24.04.2023 07:21:10  *01n 20 100TL 4  222.0  0.31    68  204.5  0.02     4  226.9  0.75  227.7  0.77  228.4  0.75    73    70 0.996c  30.1     25 EB50
24.04.2023 07:21:30  *01n 20 100TL 4  221.9  0.19    42  204.6  0.01     3  227.1  0.77  227.9  0.79  228.7  0.78    45    67 0.993i  30.1     25 EA91
24.04.2023 07:21:50  *01n 20 100TL 4  222.0  0.29    65  204.4  0.02     4  227.0  0.79  227.7  0.76  228.5  0.76    70    64 0.996i  30.2     26 49B4
24.04.2023 07:22:10  *01n 20 100TL 4  222.1  0.21    47  204.7  0.01     1  227.2  0.78  227.8  0.78  228.8  0.80    48    64 0.995i  30.2     26 F9CC
24.04.2023 07:22:31  *01n 20 100TL 4  222.0  0.28    64  204.5  0.02     3  227.1  0.76  227.8  0.81  228.7  0.77    67    62 0.993i  30.2     27 E482
24.04.2023 07:22:51  *01n 20 100TL 4  222.0  0.14    32  204.3  0.00     0  227.0  0.75  227.5  0.78  228.6  0.75    32    53 0.989c  30.2     27 2FB1
24.04.2023 07:23:11  *01n 20 100TL 4  221.9  0.33    74  204.5  0.00     0  227.4  0.76  227.1  0.78  228.5  0.73    74    57 0.987c  30.3     27 60AA
24.04.2023 07:23:31  *01n 20 100TL 4  221.9  0.21    45  204.5  0.00     0  226.7  0.77  227.4  0.75  228.3  0.79    45    53 0.992i  30.3     28 2C27
24.04.2023 07:23:51  *01n 20 100TL 4  222.0  0.59   132  204.4  0.00     0  227.0  0.78  227.8  0.77  228.7  0.78   132    59 0.985i  30.3     28 5515
24.04.2023 07:24:11  *01n 20 100TL 4  222.1  0.54   117  204.5  0.00     0  226.6  0.76  227.3  0.80  228.1  0.79   117    64 0.953i  30.4     28 276A
24.04.2023 07:24:31  *01n 20 100TL 4  222.0  0.30    67  204.4  0.00     0  226.8  0.78  227.4  0.77  228.4  0.78    67    48 0.984c  30.4     28 2DD0
24.04.2023 07:24:51  *01n 20 100TL 4  222.0  0.06    13  204.4  0.00     0  226.9  0.75  227.3  0.78  228.5  0.76    13    44 0.990c  30.4     29 3FCD
24.04.2023 07:25:11  *01n 20 100TL 4  221.8  0.20    44  204.5  0.00     0  226.7  0.75  227.3  0.80  228.4  0.78    44    44 0.987c  30.5     29 B041
24.04.2023 07:25:31  *01n 20 100TL 4  222.0  0.22    48  204.5  0.00     0  227.1  0.75  227.6  0.77  228.7  0.75    48    44 0.980c  30.5     29 F0A8
24.04.2023 07:30:12  *01n 20 100TL 4  403.5  0.40   164  419.1  0.02     9  226.8  0.76  227.3  0.80  228.3  0.82   173   126 0.990c  30.1     30 145F
24.04.2023 07:30:32  *01n 20 100TL 4  400.6  0.29   117  419.1  0.01     7  226.6  0.77  227.3  0.80  228.6  0.73   125   123 0.998c  30.2     31 93F8
24.04.2023 07:30:52  *01n 20 100TL 4  403.9  0.32   129  418.1  0.01     7  226.8  0.80  227.4  0.81  228.6  0.81   137   117 0.998i  30.2     31 102D
24.04.2023 07:31:12  *01n 20 100TL 4  403.5  0.23    93  417.6  0.00     3  226.6  0.79  227.3  0.80  228.5  0.80    96   114 0.999i  30.3     32 9A48
24.04.2023 07:31:32  *01n 20 100TL 4  402.2  0.30   122  418.2  0.01     6  226.8  0.77  227.2  0.78  228.4  0.79   128   114 0.998c  30.3     33 2F4F
24.04.2023 07:31:52  *01n 20 100TL 4  402.3  0.23    94  418.1  0.01     6  226.7  0.78  227.4  0.78  228.5  0.79   100   114 0.998i  30.4     33 6329
24.04.2023 07:32:12  *01n 20 100TL 4  402.3  0.26   105  418.3  0.00     4  226.8  0.78  227.4  0.81  228.7  0.80   109   112 0.999i  30.5     34 019C
24.04.2023 07:32:32  *01n 20 100TL 4  402.4  0.27   108  418.2  0.00     3  227.2  0.79  226.9  0.79  228.8  0.81   111   114 0.998i  30.5     35 C38E
24.04.2023 07:32:52  *01n 20 100TL 4  402.3  0.25   103  418.4  0.02     7  227.0  0.80  227.6  0.79  228.7  0.79   111   112 0.998i  30.5     35 6960
24.04.2023 07:33:12  *01n 20 100TL 4  402.1  0.33   132  418.7  0.00     3  227.2  0.77  227.9  0.79  228.8  0.80   135   112 0.998c  30.6     36 4B97
24.04.2023 07:33:32  *01n 20 100TL 4  402.2  0.24    97  418.2  0.01     6  227.2  0.82  227.6  0.79  228.7  0.82   103   115 0.998i  30.6     37 CF07
24.04.2023 07:33:52  *01n 20 100TL 4  402.2  0.28   117  418.2  0.02     7  227.0  0.81  227.9  0.81  228.8  0.77   125   115 0.998i  30.7     37 56E3
24.04.2023 07:34:12  *01n 20 100TL 4  401.5  0.36   143  419.2  0.01     7  227.3  0.75  227.9  0.80  229.0  0.77   151   120 0.998c  30.7     38 BE3F
24.04.2023 07:34:32  *01n 20 100TL 4  401.5  0.31   126  417.2  0.02     7  227.2  0.75  227.8  0.81  228.7  0.78   134   122 0.998c  30.7     39 857E
24.04.2023 07:34:52  *01n 20 100TL 4  401.7  0.40   161  419.7  0.03    10  227.6  0.78  228.2  0.80  229.0  0.80   172   128 0.998i  30.7     39 649B
24.04.2023 07:35:12  *01n 20 100TL 4  401.4  0.23    93  417.1  0.01     6  227.4  0.79  227.9  0.80  228.9  0.79    99   122 0.998i  30.8     40 7874
24.04.2023 07:35:32  *01n 20 100TL 4  401.5  0.24    97  416.8  0.01     6  227.2  0.76  227.9  0.78  228.9  0.79   103   123 0.998c  30.8     41 A929
24.04.2023 07:35:52  *01n 20 100TL 4  400.7  0.27   109  418.7  0.03    13  227.6  0.78  228.1  0.76  229.2  0.77   123   126 0.998c  30.8     41 F126
24.04.2023 07:36:12  *01n 20 100TL 4  402.3  0.19    79  417.1  0.01     4  227.2  0.76  227.9  0.79  229.0  0.79    83   126 0.998c  30.9     42 0119
24.04.2023 07:36:33  *01n 20 100TL 4  402.6  0.41   167  419.4  0.04    19  227.7  0.78  227.3  0.80  228.5  0.77   187   129 0.998c  30.9     43 6DD6
24.04.2023 07:36:53  *01n 20 100TL 4  402.1  0.33   134  418.1  0.03    12  227.5  0.78  228.1  0.78  229.1  0.83   146   131 0.998c  30.9     43 3B2B
24.04.2023 07:37:13  *01n 20 100TL 4  402.1  0.29   117  418.5  0.03    12  227.3  0.81  228.0  0.80  228.8  0.79   129   132 0.999c  30.9     44 96DF
24.04.2023 07:37:33  *01n 20 100TL 4  402.3  0.28   112  418.4  0.01     7  227.1  0.78  227.7  0.79  228.8  0.80   120   132 0.998c  31.0     45 D211
24.04.2023 07:37:53  *01n 20 100TL 4  402.1  0.36   143  418.2  0.03    13  227.3  0.79  227.9  0.79  228.8  0.81   157   134 0.999i  31.0     46 C0E5
24.04.2023 07:38:13  *01n 20 100TL 4  402.4  0.38   154  418.5  0.03    12  227.1  0.82  227.7  0.80  228.7  0.80   166   137 0.999i  31.0     46 8677
24.04.2023 07:38:33  *01n 20 100TL 4  402.1  0.35   140  418.3  0.04    19  227.4  0.80  228.0  0.77  229.2  0.80   160   143 0.999c  31.1     47 F7F2
24.04.2023 07:38:53  *01n 20 100TL 4  402.3  0.25   102  418.3  0.03    12  227.3  0.79  228.0  0.83  228.9  0.82   114   146 0.999i  31.1     48 1C1D
24.04.2023 07:39:13  *01n 20 100TL 4  402.2  0.28   114  418.3  0.03    13  227.1  0.78  227.6  0.77  228.8  0.77   128   144 0.999c  31.1     49 0B9C
24.04.2023 07:39:33  *01n 20 100TL 4  402.2  0.30   122  418.1  0.03    16  227.2  0.82  227.1  0.81  228.0  0.79   138   148 0.999i  31.1     50 CB65
24.04.2023 07:39:53  *01n 20 100TL 4  402.3  0.28   114  418.4  0.03    15  226.4  0.81  227.3  0.79  228.2  0.85   129   146 0.999i  31.1     51 AB9D
24.04.2023 07:40:13  *01n 20 100TL 4  402.3  0.27   109  418.4  0.03    15  226.6  0.81  227.4  0.80  228.3  0.81   125   154 0.999c  31.2     51 9F9C
24.04.2023 07:40:33  *01n 20 100TL 4  402.1  0.40   161  418.1  0.06    25  227.2  0.75  226.9  0.79  228.0  0.78   187   160 0.999c  31.2     52 2212
24.04.2023 07:40:53  *01n 20 100TL 4  402.3  0.32   132  418.4  0.05    24  226.7  0.79  227.1  0.82  228.2  0.82   157   163 1.000  31.2     53 6509
24.04.2023 07:41:13  *01n 20 100TL 4  402.2  0.35   140  418.4  0.04    19  226.6  0.81  227.3  0.83  228.3  0.82   160   164 0.999i  31.2     54 34CF
24.04.2023 07:41:33  *01n 20 100TL 4  402.1  0.32   131  418.3  0.04    19  226.6  0.82  227.5  0.79  228.6  0.81   151   157 0.998c  31.2     55 2709
24.04.2023 07:41:53  *01n 20 100TL 4  402.3  0.25   105  418.2  0.03    13  227.1  0.80  228.0  0.80  229.0  0.83   119   154 0.999i  31.3     56 C1CF
24.04.2023 07:42:13  *01n 20 100TL 4  402.1  0.30   123  418.3  0.03    13  227.2  0.81  228.2  0.80  229.2  0.81   137   149 0.999c  31.3     57 7FB9
24.04.2023 07:42:33  *01n 20 100TL 4  402.2  0.40   164  418.3  0.05    22  226.2  0.80  227.3  0.80  228.2  0.80   187   146 0.998c  31.3     58 63C8
24.04.2023 07:42:53  *01n 20 100TL 4  402.1  0.28   115  418.3  0.03    13  226.5  0.80  227.3  0.79  228.2  0.81   129   138 0.999c  31.3     58 FACD
24.04.2023 07:43:14  *01n 20 100TL 4  402.3  0.34   137  418.5  0.03    13  226.5  0.80  227.3  0.81  228.2  0.83   151   135 0.999i  31.4     59 8313
24.04.2023 07:43:34  *01n 20 100TL 4  402.1  0.33   135  418.2  0.02    10  226.6  0.80  227.5  0.82  228.1  0.78   146   146 0.998i  31.4     60 7683
24.04.2023 07:43:54  *01n 20 100TL 4  402.2  0.39   158  418.2  0.04    16  226.8  0.77  227.7  0.79  228.4  0.79   175   141 0.999c  31.4     61 662C
24.04.2023 07:44:14  *01n 20 100TL 4  402.2  0.33   135  418.3  0.03    12  226.7  0.80  227.5  0.81  228.5  0.80   148   137 0.999i  31.4     62 C368
24.04.2023 07:44:34  *01n 20 100TL 4  402.1  0.34   140  418.3  0.02     7  226.7  0.79  227.4  0.84  228.4  0.79   148   135 0.998c  31.5     62 6070
24.04.2023 07:44:54  *01n 20 100TL 4  402.5  0.35   143  418.5  0.03    12  226.4  0.78  227.3  0.81  228.3  0.80   155   134 0.999c  31.5     63 2A40
24.04.2023 07:45:14  *01n 20 100TL 4  400.5  0.27   111  417.7  0.01     7  226.5  0.81  227.2  0.80  228.1  0.80   119   128 0.998i  31.5     64 61C4
24.04.2023 07:45:34  *01n 20 100TL 4  401.2  0.36   143  419.2  0.01     6  226.8  0.78  227.7  0.81  228.4  0.83   149   119 0.998i  31.5     64 35E4
24.04.2023 07:45:54  *01n 20 100TL 4  402.1  0.34   138  418.1  0.00     1  227.5  0.77  227.4  0.79  229.0  0.79   140   112 0.998c  31.5     65 EC60
24.04.2023 07:46:14  *01n 20 100TL 4  402.2  0.25   103  418.3  0.00     0  226.7  0.80  227.5  0.76  228.4  0.82   103   103 0.998c  31.5     66 5729
24.04.2023 07:46:34  *01n 20 100TL 4  402.0  0.10    42  418.2  0.00     0  226.7  0.78  227.5  0.79  228.4  0.79    42    93 0.998c  31.6     66 63A6
24.04.2023 07:46:54  *01n 20 100TL 4  402.3  0.23    93  418.2  0.00     0  226.5  0.79  227.3  0.76  228.1  0.76    93    93 0.997c  31.6     67 53A7
24.04.2023 07:47:14  *01n 20 100TL 4  402.1  0.29   115  418.2  0.00     0  226.5  0.77  227.4  0.80  228.2  0.83   115    91 0.997i  31.6     67 6061
24.04.2023 07:47:34  *01n 20 100TL 4  402.1  0.10    41  418.1  0.00     0  226.6  0.77  227.4  0.77  228.2  0.78    41    80 0.996c  31.6     68 4546
24.04.2023 07:47:54  *01n 20 100TL 4  402.2  0.22    88  418.3  0.00     1  227.5  0.80  228.2  0.79  229.0  0.82    90    80 0.996c  31.6     68 4205
24.04.2023 07:48:14  *01n 20 100TL 4  402.3  0.23    94  418.2  0.00     0  225.1  0.76  225.9  0.82  226.8  0.81    94    80 0.996i  31.7     69 7BDE
24.04.2023 07:48:34  *01n 20 100TL 4  402.2  0.25   100  418.4  0.00     0  225.1  0.76  226.1  0.77  227.0  0.79   100    71 0.992c  31.7     69 469A
24.04.2023 07:48:54  *01n 20 100TL 4  402.1  0.24    97  418.3  0.00     0  228.5  0.78  229.3  0.80  230.3  0.81    97    74 0.996c  31.7     69 A45B
24.04.2023 07:49:14  *01n 20 100TL 4  402.2  0.14    59  418.3  0.00     0  228.6  0.80  229.3  0.80  230.3  0.83    59    76 0.997i  31.7     70 FB4D
24.04.2023 07:49:34  *01n 20 100TL 4  402.2  0.14    57  418.1  0.00     0  228.5  0.80  229.3  0.80  230.2  0.80    57    74 0.996c  31.7     70 708B
24.04.2023 07:49:55  *01n 20 100TL 4  402.2  0.17    70  418.3  0.00     0  228.9  0.78  229.5  0.79  230.4  0.83    70    73 0.996c  31.8     71 24C7
24.04.2023 07:50:15  *01n 20 100TL 4  402.2  0.11    47  418.3  0.00     0  228.6  0.77  229.3  0.78  230.4  0.82    47    76 0.997c  31.8     71 433B
24.04.2023 07:50:35  *01n 20 100TL 4  402.2  0.23    94  418.4  0.00     0  229.3  0.81  229.1  0.76  230.5  0.83    94    77 0.996c  31.8     72 FC16
24.04.2023 07:50:55  *01n 20 100TL 4  402.1  0.15    61  418.2  0.00     0  228.7  0.81  229.7  0.83  230.7  0.83    61    83 0.996i  31.8     72 640A
24.04.2023 07:51:15  *01n 20 100TL 4  402.2  0.26   108  418.1  0.00     0  228.7  0.79  229.6  0.79  230.4  0.81   108    83 0.996c  31.8     72 5969
24.04.2023 07:51:35  *01n 20 100TL 4  402.1  0.20    83  418.2  0.00     0  229.2  0.85  229.8  0.79  230.9  0.79    83    86 0.997i  31.9     73 155F
24.04.2023 07:51:55  *01n 20 100TL 4  402.2  0.31   126  418.2  0.00     0  229.0  0.82  229.8  0.79  230.8  0.85   126    88 0.997i  31.9     73 A84B
24.04.2023 07:52:15  *01n 20 100TL 4  402.0  0.19    79  418.3  0.00     0  228.8  0.78  229.8  0.80  230.8  0.80    79    85 0.997c  31.9     74 E34B
24.04.2023 07:52:35  *01n 20 100TL 4  402.2  0.25   103  418.3  0.00     0  228.7  0.83  229.6  0.82  230.6  0.81   103    83 0.995i  31.9     74 1CF1
24.04.2023 07:52:55  *01n 20 100TL 4  402.2  0.23    91  418.4  0.00     0  228.6  0.83  229.4  0.75  230.6  0.80    91    85 0.997c  31.9     75 5976
24.04.2023 07:53:15  *01n 20 100TL 4  402.0  0.19    76  418.1  0.00     0  228.6  0.83  229.4  0.81  230.5  0.80    76    85 0.990c  32.0     75 9F5C
24.04.2023 07:53:35  *01n 20 100TL 4  402.3  0.25    99  418.3  0.00     0  228.8  0.82  229.7  0.79  230.9  0.86    99    88 0.997i  32.0     76 E72B
24.04.2023 07:53:55  *01n 20 100TL 4  402.4  0.19    77  418.3  0.00     0  229.1  0.81  230.0  0.79  231.2  0.79    77    93 0.998c  32.0     76 73B9
24.04.2023 07:54:15  *01n 20 100TL 4  402.2  0.21    83  418.1  0.00     0  228.9  0.78  229.7  0.78  230.7  0.80    83    96 0.997c  32.0     77 D37E
24.04.2023 07:54:35  *01n 20 100TL 4  402.1  0.20    83  418.3  0.00     0  229.6  0.80  229.2  0.77  230.4  0.81    83   100 0.998c  32.0     77 7F85
24.04.2023 07:54:55  *01n 20 100TL 4  402.3  0.27   111  418.3  0.00     0  228.8  0.83  229.5  0.80  230.7  0.82   111   111 0.998i  32.0     78 14D2
24.04.2023 07:55:15  *01n 20 100TL 4  402.1  0.28   114  418.5  0.00     3  228.8  0.83  229.7  0.82  230.7  0.81   117   115 0.998i  32.1     79 7496
24.04.2023 07:55:35  *01n 20 100TL 4  402.4  0.35   141  419.1  0.01     6  228.3  0.81  229.4  0.81  230.3  0.78   148   123 0.998c  32.1     79 AEAB
24.04.2023 07:55:56  *01n 20 100TL 4  402.7  0.43   172  419.5  0.00     0  229.0  0.82  229.6  0.82  230.9  0.85   172   128 0.998c  32.1     80 B7B6
24.04.2023 07:56:16  *01n 20 100TL 4  404.0  0.29   119  417.6  0.00     4  228.9  0.83  229.7  0.82  230.7  0.83   123   122 0.998i  32.1     81 D420
24.04.2023 07:56:36  *01n 20 100TL 4  401.3  0.24   100  417.7  0.00     4  229.2  0.82  230.1  0.81  230.9  0.82   105   122 0.999i  32.1     81 DCCD
24.04.2023 07:56:56  *01n 20 100TL 4  402.2  0.18    73  418.1  0.00     0  229.1  0.80  230.0  0.81  231.0  0.80    73   115 0.998c  32.2     82 12FA
24.04.2023 07:57:16  *01n 20 100TL 4  402.2  0.39   161  418.4  0.00     0  229.0  0.83  229.8  0.80  230.8  0.85   161   114 0.998i  32.2     83 32B3
24.04.2023 07:57:36  *01n 20 100TL 4  402.2  0.23    94  418.3  0.00     0  229.2  0.79  229.7  0.81  230.7  0.82    94   112 0.998c  32.2     83 5899
24.04.2023 07:57:56  *01n 20 100TL 4  402.0  0.25    99  418.3  0.00     0  230.0  0.82  229.9  0.77  229.8  0.82    99   115 0.998c  32.2     84 1EBF
24.04.2023 07:58:16  *01n 20 100TL 4  402.0  0.30   123  418.4  0.01     7  229.0  0.79  229.9  0.79  230.8  0.82   131   117 0.999c  32.2     85 2CCB
24.04.2023 07:58:36  *01n 20 100TL 4  402.4  0.27   109  418.5  0.00     1  229.3  0.81  229.7  0.83  231.0  0.85   111   120 0.998c  32.2     85 4466
24.04.2023 07:58:56  *01n 20 100TL 4  402.3  0.37   151  418.2  0.01     4  228.7  0.81  229.6  0.82  230.5  0.83   155   123 0.999i  32.3     86 C7E0
24.04.2023 07:59:16  *01n 20 100TL 4  401.6  0.31   125  417.7  0.00     0  229.0  0.82  229.9  0.82  230.7  0.82   125   120 0.998c  32.3     87 FDA3
24.04.2023 07:59:36  *01n 20 100TL 4  401.6  0.33   135  419.0  0.00     1  229.0  0.79  229.8  0.83  230.7  0.84   137   122 0.998c  32.3     87 12E1
24.04.2023 07:59:56  *01n 20 100TL 4  402.0  0.31   123  418.6  0.00     1  229.0  0.79  229.9  0.83  230.6  0.82   125   117 0.999c  32.3     88 D87E
24.04.2023 08:00:16  *01n 20 100TL 4  402.2  0.23    94  418.3  0.00     4  229.0  0.83  229.6  0.83  230.5  0.82    99   112 0.998i  32.3     89 936F
24.04.2023 08:00:36  *01n 20 100TL 4  402.0  0.19    77  418.1  0.00     0  229.4  0.79  230.5  0.84  231.2  0.84    77   108 0.998c  32.3     89 239E
24.04.2023 08:00:56  *01n 20 100TL 4  402.3  0.23    93  418.3  0.00     1  229.6  0.83  230.3  0.79  231.1  0.80    94   105 0.998c  32.4     90 2420
24.04.2023 08:01:16  *01n 20 100TL 4  402.2  0.34   137  418.2  0.00     0  229.4  0.83  230.3  0.83  231.1  0.80   137   100 0.998i  32.4     90 D058
24.04.2023 08:01:36  *01n 20 100TL 4  402.2  0.23    93  418.2  0.00     0  229.8  0.83  229.8  0.84  231.5  0.83    93    99 0.998i  32.4     91 A55D
24.04.2023 08:01:56  *01n 20 100TL 4  402.3  0.27   108  418.3  0.00     0  229.8  0.77  229.6  0.82  231.4  0.80   108   100 0.998c  32.4     91 A929
24.04.2023 08:02:16  *01n 20 100TL 4  402.1  0.21    85  418.2  0.00     0  229.2  0.82  229.2  0.80  230.9  0.86    85   106 0.998c  32.4     92 CB17
24.04.2023 08:02:37  *01n 20 100TL 4  402.3  0.28   112  418.3  0.00     0  229.2  0.79  229.3  0.80  231.0  0.84   112   105 0.998c  32.4     93 9093
24.04.2023 08:02:57  *01n 20 100TL 4  402.2  0.25   100  418.2  0.00     1  229.4  0.81  229.2  0.79  231.0  0.83   102   105 0.998c  32.4     93 5071
24.04.2023 08:03:17  *01n 20 100TL 4  402.3  0.39   161  418.5  0.00     0  229.9  0.82  228.7  0.82  231.0  0.83   161   105 0.998i  32.5     94 FA71
24.04.2023 08:03:37  *01n 20 100TL 4  402.3  0.32   131  418.3  0.00     0  229.8  0.82  229.9  0.82  231.8  0.86   131   102 0.998i  32.5     94 9816
24.04.2023 08:03:57  *01n 20 100TL 4  402.3  0.23    96  418.3  0.00     1  229.9  0.81  229.8  0.79  231.6  0.86    97   106 0.998c  32.5     95 C208
24.04.2023 08:04:17  *01n 20 100TL 4  402.2  0.35   143  418.1  0.00     0  229.7  0.81  229.8  0.82  231.4  0.83   143   119 0.996c  32.5     96 E015
24.04.2023 08:04:37  *01n 20 100TL 4  402.2  0.29   120  416.8  0.01     4  229.1  0.85  229.3  0.84  231.1  0.84   125   131 0.998i  32.5     96 E5A4
24.04.2023 08:04:57  *01n 20 100TL 4  402.0  0.34   140  418.4  0.00     4  229.4  0.87  229.6  0.85  231.1  0.87   144   143 0.999i  32.5     97 C2C7
24.04.2023 08:05:17  *01n 20 100TL 4  402.2  0.25   103  418.5  0.02    10  229.8  0.83  228.6  0.81  231.2  0.85   114   154 0.999c  32.6     98 AA7A
24.04.2023 08:05:37  *01n 20 100TL 4  402.4  0.41   167  418.3  0.06    25  230.3  0.84  228.8  0.80  231.2  0.86   193   163 0.999i  32.6     99 B726
24.04.2023 08:05:57  *01n 20 100TL 4  402.3  0.45   183  418.4  0.06    24  229.7  0.79  229.3  0.80  231.4  0.86   207   170 0.999c  32.6    100 38CD
24.04.2023 08:06:17  *01n 20 100TL 4  402.3  0.43   175  418.2  0.06    27  229.3  0.82  229.8  0.82  230.8  0.85   202   178 1.000  32.6    101 95F3
24.04.2023 08:06:37  *01n 20 100TL 4  402.2  0.38   154  418.2  0.05    24  229.5  0.83  230.2  0.83  230.9  0.88   178   175 1.000  32.6    102 23DC
24.04.2023 08:06:57  *01n 20 100TL 4  402.1  0.44   178  418.2  0.04    19  230.0  0.85  229.4  0.83  230.5  0.85   198   172 0.999i  32.6    103 9540
24.04.2023 08:07:17  *01n 20 100TL 4  402.1  0.41   167  418.3  0.05    22  229.4  0.83  230.3  0.81  230.7  0.83   190   164 1.000  32.6    104 F859
24.04.2023 08:07:37  *01n 20 100TL 4  402.1  0.35   144  418.3  0.03    15  230.1  0.83  229.1  0.87  230.7  0.83   160   151 0.999i  32.7    104 666F
24.04.2023 08:07:57  *01n 20 100TL 4  402.3  0.42   170  418.3  0.03    10  229.2  0.82  230.0  0.81  230.5  0.83   181   148 0.998c  32.7    105 C120
24.04.2023 08:08:17  *01n 20 100TL 4  402.3  0.33   135  418.3  0.03    15  228.9  0.83  230.0  0.80  230.6  0.85   151   149 0.999c  32.7    106 DCBC
24.04.2023 08:08:38  *01n 20 100TL 4  402.2  0.41   164  418.2  0.03    15  228.9  0.84  229.9  0.81  230.7  0.84   180   152 0.999i  32.7    107 307C
24.04.2023 08:08:58  *01n 20 100TL 4  402.3  0.34   140  418.4  0.04    18  228.9  0.83  229.7  0.82  230.6  0.85   158   161 0.999c  32.7    108 2A7D
24.04.2023 08:09:18  *01n 20 100TL 4  402.2  0.41   164  418.3  0.06    25  228.4  0.82  229.6  0.84  230.5  0.83   190   175 0.999i  32.7    109 C091
24.04.2023 08:09:38  *01n 20 100TL 4  402.3  0.35   140  418.5  0.05    21  228.9  0.86  229.8  0.85  230.7  0.86   161   181 0.999i  32.7    110 C2E2
24.04.2023 08:09:58  *01n 20 100TL 4  402.2  0.39   157  418.3  0.07    27  228.9  0.83  229.7  0.85  230.7  0.85   184   195 1.000  32.7    111 4477
24.04.2023 08:10:18  *01n 20 100TL 4  402.4  0.38   154  418.2  0.06    25  228.6  0.86  229.4  0.84  230.3  0.86   180   209 0.999i  32.8    112 605A
24.04.2023 08:10:38  *01n 20 100TL 4  402.2  0.38   152  418.3  0.07    33  228.7  0.86  229.3  0.84  230.2  0.88   186   219 1.000  32.8    113 2FEC
24.04.2023 08:10:58  *01n 20 100TL 4  402.2  0.43   173  418.4  0.09    41  228.6  0.89  229.6  0.85  230.5  0.86   215   230 1.000  32.8    114 059A
24.04.2023 08:11:18  *01n 20 100TL 4  402.3  0.51   205  418.9  0.10    44  229.0  0.86  229.4  0.84  230.9  0.86   250   239 1.000  32.8    116 D779
24.04.2023 08:11:38  *01n 20 100TL 4  402.4  0.48   193  418.3  0.12    51  229.1  0.89  229.6  0.93  230.8  0.92   245   262 1.000  32.8    117 D8AD
24.04.2023 08:11:58  *01n 20 100TL 4  398.0  0.57   228  418.3  0.16    70  229.1  0.89  229.3  0.91  230.8  0.89   299   289 0.999i  32.8    118 DC73
24.04.2023 08:12:18  *01n 20 100TL 4  418.4  0.67   282  418.3  0.22    91  228.8  0.87  229.4  0.83  230.3  0.89   373   321 1.000  32.8    120 6AE8
24.04.2023 08:12:38  *01n 20 100TL 4  436.3  0.67   292  418.4  0.23    97  228.7  0.90  229.3  0.94  230.3  0.90   390   350 1.000  32.8    122 8CF8
24.04.2023 08:12:58  *01n 20 100TL 4  474.2  0.72   343  418.4  0.23    99  226.8  0.97  230.5  0.97  231.0  0.98   442   381 1.000  32.9    124 8A1D
24.04.2023 08:13:18  *01n 20 100TL 4  483.6  0.65   317  418.4  0.24   102  227.0  0.89  230.5  0.88  231.1  0.88   419   384 1.000  32.9    126 B757
24.04.2023 08:13:38  *01n 20 100TL 4  486.7  0.69   341  418.2  0.28   117  228.5  1.03  229.6  1.04  230.1  1.03   459   418 1.000  32.9    128 E1C2
24.04.2023 08:13:58  *01n 20 100TL 4  493.1  0.73   361  418.3  0.28   115  229.0  1.04  229.6  1.01  230.8  1.03   477   437 1.000  32.9    131 DE8D
24.04.2023 08:14:19  *01n 20 100TL 4  513.7  0.65   337  418.4  0.28   117  229.1  1.00  229.8  1.00  230.9  1.00   454   466 1.000  32.9    133 5B55
24.04.2023 08:14:39  *01n 20 100TL 4  508.7  0.71   364  418.4  0.28   120  229.5  1.12  229.4  1.12  230.9  1.12   485   495 1.000  32.9    136 006E
24.04.2023 08:14:59  *01n 20 100TL 4  488.5  0.80   392  418.3  0.33   140  229.7  1.06  230.5  1.04  231.3  1.04   532   517 1.000  32.9    139 510D
24.04.2023 08:15:19  *01n 20 100TL 4  498.2  0.75   375  418.3  0.35   148  229.5  1.08  230.4  1.06  231.4  1.06   523   538 1.000  32.9    142 9AEE
24.04.2023 08:15:39  *01n 20 100TL 4  488.1  0.91   448  418.4  0.39   164  229.6  1.03  230.2  1.02  231.1  1.06   613   555 1.000  33.0    145 E28D
24.04.2023 08:15:59  *01n 20 100TL 4  500.2  0.87   439  418.4  0.43   183  229.2  1.15  229.9  1.16  231.0  1.12   622   579 1.000  33.0    148 BECD
24.04.2023 08:16:19  *01n 20 100TL 4  524.3  0.89   469  418.5  0.43   180  229.2  1.19  229.8  1.17  230.9  1.18   650   601 1.000  33.0    151 B428
24.04.2023 08:16:39  *01n 20 100TL 4  523.1  0.83   437  418.3  0.40   167  229.6  1.20  230.5  1.20  231.5  1.20   605   617 1.000  33.0    155 9E9C
24.04.2023 08:16:59  *01n 20 100TL 4  527.6  0.83   439  418.1  0.45   189  230.1  1.19  230.9  1.17  231.8  1.16   628   634 1.000  33.0    158 BE0E
24.04.2023 08:17:19  *01n 20 100TL 4  516.8  0.97   505  418.4  0.48   201  230.2  1.26  231.0  1.25  231.9  1.23   706   663 1.000  33.0    162 96C0
24.04.2023 08:17:39  *01n 20 100TL 4  537.6  0.91   492  418.3  0.50   213  229.6  1.27  230.5  1.26  231.4  1.23   706   688 1.000  33.0    166 CE6D
24.04.2023 08:17:59  *01n 20 100TL 4  524.5  1.05   552  418.5  0.53   222  229.9  1.26  230.8  1.26  231.8  1.23   775   726 1.000  33.0    169 B9D5
24.04.2023 08:18:19  *01n 20 100TL 4  532.9  1.06   566  439.6  0.54   242  230.0  1.42  230.7  1.40  231.7  1.38   808   770 1.000  33.0    174 00BC
24.04.2023 08:18:39  *01n 20 100TL 4  530.5  0.98   521  466.4  0.55   259  230.3  1.40  231.0  1.39  232.0  1.36   781   813 1.000  33.0    178 9C4C
24.04.2023 08:18:59  *01n 20 100TL 4  520.9  1.13   593  505.0  0.58   296  230.3  1.52  230.9  1.54  232.0  1.51   889   866 1.000  33.1    183 E1F7
24.04.2023 08:19:19  *01n 20 100TL 4  524.9  1.05   553  535.8  0.60   325  230.5  1.58  230.9  1.57  232.3  1.55   878   915 1.000  33.1    188 584F
24.04.2023 08:19:39  *01n 20 100TL 4  533.8  1.12   601  557.5  0.57   318  230.3  1.61  230.8  1.63  232.1  1.61   920   912 1.000  33.1    193 E3B1
24.04.2023 08:19:59  *01n 20 100TL 4  516.6  1.08   563  546.4  0.54   299  230.1  1.60  230.7  1.59  232.1  1.57   862   895 1.000  33.1    198 7F38
24.04.2023 08:20:19  *01n 20 100TL 4  527.9  1.16   614  546.1  0.61   338  229.9  1.44  230.5  1.43  232.1  1.42   953   892 1.000  33.1    203 DD72
24.04.2023 08:20:40  *01n 20 100TL 4  532.4  1.05   563  545.9  0.53   289  230.0  1.48  230.3  1.47  231.8  1.43   852   894 1.000  33.1    208 A3D2
24.04.2023 08:21:00  *01n 20 100TL 4  520.6  1.13   592  545.6  0.57   317  230.2  1.50  230.7  1.48  232.2  1.45   909   897 1.000  33.1    213 4F9B
24.04.2023 08:21:20  *01n 20 100TL 4  524.2  1.18   621  553.5  0.59   331  230.5  1.52  230.0  1.50  232.0  1.48   952   914 1.000  33.2    218 13E5
24.04.2023 08:21:40  *01n 20 100TL 4  513.6  1.25   642  553.8  0.64   357  230.0  1.51  230.3  1.50  231.8  1.46   999   912 1.000  33.2    223 DB97
24.04.2023 08:22:00  *01n 20 100TL 4  523.6  1.19   625  553.4  0.62   344  230.1  1.50  230.6  1.47  231.7  1.48   970   921 1.000  33.2    228 A173
24.04.2023 08:22:20  *01n 20 100TL 4  512.3  1.19   613  545.4  0.60   328  230.1  1.48  230.5  1.45  231.7  1.44   941   915 1.000  33.2    233 FCC5
24.04.2023 08:22:40  *01n 20 100TL 4  511.7  1.13   579  544.7  0.61   332  230.4  1.62  230.8  1.59  232.3  1.58   912   921 1.000  33.2    238 238D
24.04.2023 08:23:00  *01n 20 100TL 4  522.4  1.22   639  553.5  0.71   393  230.5  1.62  230.9  1.60  232.2  1.59  1033   952 1.000  33.2    244 1079
24.04.2023 08:23:20  *01n 20 100TL 4  521.9  1.05   553  554.2  0.51   285  230.4  1.45  230.9  1.43  232.1  1.42   839   868 1.000  33.2    249 1087
24.04.2023 08:23:40  *01n 20 100TL 4  531.9  1.07   570  548.9  0.55   306  230.4  1.48  230.9  1.46  232.0  1.45   877   834 1.000  33.2    253 232E
24.04.2023 08:24:00  *01n 20 100TL 4  531.9  0.98   523  559.9  0.47   267  230.2  1.41  230.9  1.39  232.1  1.37   790   817 1.000  33.2    258 CE7F
24.04.2023 08:24:20  *01n 20 100TL 4  531.6  0.94   505  548.4  0.50   276  230.5  1.44  230.9  1.41  232.0  1.41   781   785 0.999c  33.2    262 DB70
24.04.2023 08:24:40  *01n 20 100TL 4  522.2  0.93   488  548.2  0.43   234  230.3  1.31  230.7  1.29  231.7  1.26   723   740 1.000  33.2    267 F121
24.04.2023 08:25:00  *01n 20 100TL 4  511.1  0.87   450  547.9  0.37   207  230.2  1.24  230.6  1.22  231.6  1.20   657   685 1.000  33.3    271 81B6
24.04.2023 08:25:20  *01n 20 100TL 4  520.9  0.89   463  547.8  0.40   221  229.8  1.26  230.2  1.28  231.4  1.24   685   654 1.000  33.3    274 1388
24.04.2023 08:25:40  *01n 20 100TL 4  510.9  0.81   418  536.7  0.33   181  229.9  1.18  230.6  1.13  231.6  1.15   599   625 1.000  33.3    278 FEA2
24.04.2023 08:26:00  *01n 20 100TL 4  515.6  0.76   396  535.2  0.33   180  229.9  1.19  230.7  1.17  231.7  1.17   576   599 1.000  33.3    281 96B2
24.04.2023 08:26:20  *01n 20 100TL 4  515.4  0.83   428  515.2  0.33   175  229.8  1.14  230.5  1.10  231.3  1.08   604   567 1.000  33.3    284 136D
24.04.2023 08:26:40  *01n 20 100TL 4  515.2  0.83   427  495.2  0.33   164  230.5  1.12  230.2  1.09  231.2  1.11   592   541 1.000  33.3    288 9CF7
24.04.2023 08:27:00  *01n 20 100TL 4  504.9  0.70   357  475.3  0.29   141  229.4  1.17  230.3  1.13  231.4  1.13   498   515 1.000  33.3    291 9539
24.04.2023 08:27:21  *01n 20 100TL 4  504.7  0.77   393  455.2  0.29   134  229.9  1.06  230.6  1.03  231.7  1.02   527   489 1.000  33.3    293 DB87
24.04.2023 08:27:41  *01n 20 100TL 4  504.4  0.76   386  435.2  0.32   141  230.1  1.14  230.7  1.11  231.6  1.12   527   485 1.000  33.3    296 FB4F
24.04.2023 08:28:01  *01n 20 100TL 4  504.2  0.79   399  418.3  0.32   132  230.4  0.98  231.0  0.96  231.8  0.99   532   480 1.000  33.3    299 C24D
24.04.2023 08:28:21  *01n 20 100TL 4  503.7  0.78   392  418.4  0.33   138  230.3  1.03  231.1  1.05  231.9  1.03   531   497 1.000  33.4    301 33F9
24.04.2023 08:28:41  *01n 20 100TL 4  503.5  0.78   395  418.5  0.34   143  230.5  1.12  231.0  1.10  231.9  1.10   538   526 1.000  33.4    304 7E18
24.04.2023 08:29:01  *01n 20 100TL 4  523.8  0.79   416  418.3  0.33   140  230.5  1.19  230.6  1.19  232.2  1.16   556   566 1.000  33.4    307 AF64
24.04.2023 08:29:21  *01n 20 100TL 4  523.6  0.84   439  418.4  0.40   169  229.4  1.21  230.0  1.16  231.0  1.15   608   610 1.000  33.4    311 43EC
24.04.2023 08:29:41  *01n 20 100TL 4  512.8  0.97   502  418.1  0.42   178  229.7  1.26  230.3  1.26  231.4  1.26   680   646 1.000  33.4    314 C9B1
24.04.2023 08:30:01  *01n 20 100TL 4  522.7  0.97   512  418.3  0.46   195  229.6  1.25  230.2  1.21  231.1  1.22   708   674 1.000  33.4    318 0040
24.04.2023 08:30:21  *01n 20 100TL 4  522.7  0.99   520  418.2  0.50   209  230.6  1.30  229.3  1.30  230.6  1.29   729   698 1.000  33.4    322 10AC
24.04.2023 08:30:41  *01n 20 100TL 4  531.5  0.89   477  418.3  0.43   180  229.4  1.22  230.0  1.21  231.1  1.20   657   694 1.000  33.5    325 38E4
24.04.2023 08:31:01  *01n 20 100TL 4  522.4  0.92   485  418.2  0.46   193  229.6  1.26  230.0  1.26  231.3  1.21   679   700 1.000  33.5    329 33E6
24.04.2023 08:31:21  *01n 20 100TL 4  522.0  0.92   482  418.3  0.41   172  229.5  1.21  230.2  1.20  231.1  1.18   654   694 1.000  33.5    333 B666
24.04.2023 08:31:41  *01n 20 100TL 4  521.8  0.90   471  418.2  0.44   184  230.1  1.33  230.7  1.32  231.6  1.29   656   677 1.000  33.5    337 9EA6
24.04.2023 08:32:01  *01n 20 100TL 4  521.0  0.88   460  418.6  0.40   169  229.9  1.30  230.2  1.27  231.4  1.28   630   650 1.000  33.5    341 E62A
24.04.2023 08:32:21  *01n 20 100TL 4  521.1  0.83   434  418.2  0.38   163  229.8  1.14  230.3  1.12  231.4  1.11   598   608 1.000  33.5    344 E22E
24.04.2023 08:32:41  *01n 20 100TL 4  521.2  0.84   442  418.2  0.41   175  229.6  1.12  230.4  1.09  231.1  1.09   617   567 1.000  33.5    348 D77A
24.04.2023 08:33:02  *01n 20 100TL 4  521.7  0.84   442  418.2  0.39   164  229.6  1.07  230.4  1.06  231.3  1.06   607   532 1.000  33.5    351 07D2
24.04.2023 08:33:22  *01n 20 100TL 4  511.3  0.75   386  418.2  0.35   146  229.4  1.08  230.1  1.10  231.1  1.12   532   508 1.000  33.5    353 AECA
24.04.2023 08:33:42  *01n 20 100TL 4  509.7  0.80   408  418.2  0.34   143  229.6  1.10  230.2  1.10  231.2  1.11   552   494 1.000  33.5    356 67DC
24.04.2023 08:34:02  *01n 20 100TL 4  509.7  0.75   383  418.2  0.33   138  229.6  1.03  230.4  1.02  231.4  1.03   521   482 1.000  33.5    359 8B08
24.04.2023 08:34:22  *01n 20 100TL 4  509.7  0.73   378  418.3  0.34   144  229.5  1.01  230.3  0.99  231.1  1.01   523   485 1.000  33.6    362 8FFF
24.04.2023 08:34:42  *01n 20 100TL 4  499.2  0.69   347  418.3  0.30   126  229.9  1.04  230.4  1.02  231.2  1.02   474   486 1.000  33.5    364 439D
24.04.2023 08:35:02  *01n 20 100TL 4  509.0  0.65   332  418.3  0.32   135  229.8  1.13  230.6  1.08  231.5  1.11   468   503 1.000  33.6    367 92A1
24.04.2023 08:35:22  *01n 20 100TL 4  495.9  0.78   390  418.5  0.35   146  229.9  1.16  230.7  1.14  231.6  1.13   537   511 1.000  33.6    370 0171
24.04.2023 08:35:42  *01n 20 100TL 4  490.0  0.71   350  418.2  0.34   143  230.1  1.08  230.7  1.06  231.9  1.07   494   517 1.000  33.6    373 541A
24.04.2023 08:36:02  *01n 20 100TL 4  488.9  0.79   386  418.2  0.36   149  229.9  1.09  230.6  1.07  231.6  1.09   535   535 1.000  33.6    376 1939
24.04.2023 08:36:22  *01n 20 100TL 4  507.2  0.86   439  418.5  0.42   177  230.2  1.12  230.7  1.09  231.8  1.12   616   558 1.000  33.6    379 50BF
24.04.2023 08:36:42  *01n 20 100TL 4  478.4  0.76   367  418.0  0.40   167  230.3  1.15  230.9  1.12  231.8  1.13   535   581 1.000  33.6    382 A314
24.04.2023 08:37:02  *01n 20 100TL 4  487.8  0.88   433  418.2  0.45   189  230.5  1.23  231.5  1.23  232.5  1.23   622   627 1.000  33.6    385 C68E
24.04.2023 08:37:22  *01n 20 100TL 4  491.9  0.96   476  422.4  0.57   241  230.9  1.31  231.3  1.29  232.5  1.27   717   695 1.000  33.6    389 4037
24.04.2023 08:37:42  *01n 20 100TL 4  502.5  1.14   578  413.4  0.74   308  230.6  1.38  231.3  1.38  232.3  1.36   886   816 1.000  33.7    393 A256
24.04.2023 08:38:02  *01n 20 100TL 4  501.1  1.26   631  421.6  1.93   816  231.0  2.13  231.9  2.13  232.4  2.09  1448  1387 1.000  33.7    399 A163
24.04.2023 08:38:22  *01n 20 100TL 4  500.9  1.40   701  437.8  2.13   936  231.3  2.41  231.6  2.39  232.8  2.37  1638  1617 1.000  33.7    407 474D
24.04.2023 08:38:42  *01n 20 100TL 4  502.0  1.39   698  428.6  1.92   822  231.6  2.23  232.1  2.21  233.1  2.17  1521  1443 1.000  33.7    416 C49F
24.04.2023 08:39:02  *01n 20 100TL 4  492.4  1.57   775  421.6  2.67  1126  231.7  2.87  232.3  2.87  233.4  2.82  1901  1921 1.000  33.7    425 BED7
24.04.2023 08:39:22  *01n 20 100TL 4  492.3  1.67   823  421.5  2.95  1243  232.4  3.19  231.8  3.18  233.5  3.17  2067  2092 1.000  33.7    437 EBF4
24.04.2023 08:39:43  *01n 20 100TL 4  489.4  1.69   828  443.0  2.96  1312  231.5  3.29  232.4  3.30  232.8  3.27  2140  2143 1.000  33.7    448 AEBB
24.04.2023 08:40:03  *01n 20 100TL 4  489.5  1.63   804  440.7  1.23   544  231.1  1.96  232.0  1.95  232.9  1.94  1348  1292 1.000  33.7    458 99C5
24.04.2023 08:40:23  *01n 20 100TL 4  489.7  1.66   814  460.1  1.16   535  231.1  2.01  231.6  1.97  232.6  2.00  1350  1258 1.000  33.7    465 AE3F
24.04.2023 08:40:43  *01n 20 100TL 4  479.7  1.60   772  488.5  1.01   494  230.7  1.91  231.4  1.88  232.3  1.86  1266  1268 1.000  33.8    472 2F93
24.04.2023 08:41:03  *01n 20 100TL 4  488.8  1.62   796  478.3  1.08   521  230.6  2.05  231.3  2.01  232.3  1.99  1318  1303 1.000  33.8    480 71CF
24.04.2023 08:41:23  *01n 20 100TL 4  498.5  1.51   756  507.8  1.04   534  230.5  2.16  231.4  2.15  232.6  2.14  1290  1333 1.000  33.8    487 0413
24.04.2023 08:41:43  *01n 20 100TL 4  488.5  1.65   808  517.8  0.99   514  231.0  2.13  231.0  2.14  232.9  2.12  1322  1310 1.000  33.8    495 7F3B
24.04.2023 08:42:03  *01n 20 100TL 4  496.3  1.60   798  517.8  0.99   514  230.7  1.96  231.1  1.93  232.5  1.92  1312  1301 1.000  33.8    501 0D69
24.04.2023 08:42:23  *01n 20 100TL 4  496.8  1.65   823  518.1  1.25   650  230.4  2.27  231.0  2.25  232.3  2.24  1474  1506 1.000  33.8    509 8714
24.04.2023 08:42:43  *01n 20 100TL 4  508.4  1.70   865  538.7  1.16   627  229.9  2.27  230.5  2.25  231.8  2.20  1492  1474 1.000  33.8    519 6DE8
24.04.2023 08:43:03  *01n 20 100TL 4  516.2  1.68   871  548.3  0.94   529  230.0  2.16  230.9  2.16  232.0  2.10  1400  1361 1.000  33.9    527 2369
24.04.2023 08:43:23  *01n 20 100TL 4  507.9  1.73   881  548.9  0.95   526  229.8  2.08  230.6  2.08  231.8  2.08  1408  1321 1.000  33.9    534 DC50
24.04.2023 08:43:43  *01n 20 100TL 4  508.5  1.46   746  549.1  0.84   463  229.7  2.00  230.6  1.99  231.9  1.94  1210  1258 1.000  33.9    541 CF84
24.04.2023 08:44:03  *01n 20 100TL 4  507.9  1.43   729  570.4  0.69   395  229.8  1.81  230.4  1.80  231.6  1.78  1124  1168 1.000  33.9    548 E017
24.04.2023 08:44:23  *01n 20 100TL 4  511.6  1.35   694  551.8  0.75   413  230.0  1.73  230.5  1.70  231.8  1.70  1107  1130 1.000  33.9    555 5D7E
24.04.2023 08:44:43  *01n 20 100TL 4  501.4  1.33   672  552.4  0.68   378  230.0  1.77  230.7  1.78  231.8  1.72  1051  1101 1.000  33.9    561 6EB8
24.04.2023 08:45:03  *01n 20 100TL 4  511.6  1.34   686  540.7  0.73   398  229.8  1.64  230.5  1.65  231.9  1.62  1084  1089 1.000  33.9    567 5C9C
24.04.2023 08:45:23  *01n 20 100TL 4  521.3  1.38   723  543.6  0.70   384  229.6  1.70  230.2  1.69  231.8  1.69  1107  1084 1.000  34.0    573 B83E
24.04.2023 08:45:44  *01n 20 100TL 4  531.5  1.25   666  543.1  0.66   361  229.8  1.86  230.1  1.85  231.3  1.84  1028  1094 1.000  34.0    579 B5EE
24.04.2023 08:46:04  *01n 20 100TL 4  531.4  1.40   744  539.4  0.74   401  229.8  1.70  230.2  1.66  231.5  1.65  1145  1107 1.000  34.0    585 11BC
24.04.2023 08:46:24  *01n 20 100TL 4  530.9  1.50   799  549.2  0.73   402  229.9  1.73  230.1  1.69  231.4  1.69  1202  1142 1.000  34.0    592 9206
24.04.2023 08:46:44  *01n 20 100TL 4  531.6  1.55   828  540.8  0.82   445  230.0  1.91  230.3  1.89  231.4  1.90  1274  1176 1.000  34.0    598 4C43
24.04.2023 08:47:04  *01n 20 100TL 4  520.8  1.51   788  551.4  0.71   395  230.5  1.96  230.8  1.96  231.8  1.94  1184  1176 1.000  34.0    604 9229
24.04.2023 08:47:24  *01n 20 100TL 4  541.9  1.36   741  540.2  0.75   407  230.6  1.92  231.0  1.92  232.2  1.86  1149  1196 1.000  34.0    611 B571
24.04.2023 08:47:44  *01n 20 100TL 4  529.7  1.63   866  539.9  0.79   430  230.8  2.06  231.1  2.03  232.3  2.02  1297  1235 1.000  34.0    618 9AB3
24.04.2023 08:48:04  *01n 20 100TL 4  519.5  1.57   819  539.7  0.82   445  230.5  1.91  230.6  1.87  231.8  1.85  1264  1232 1.000  34.0    625 E362
24.04.2023 08:48:24  *01n 20 100TL 4  529.2  1.56   828  539.4  0.80   433  230.3  1.96  230.3  1.94  231.5  1.91  1261  1229 1.000  34.0    632 FF81
24.04.2023 08:48:44  *01n 20 100TL 4  528.7  1.51   804  549.8  0.75   413  230.2  1.84  229.6  1.81  231.7  1.78  1217  1208 1.000  34.0    638 8B79
24.04.2023 08:49:04  *01n 20 100TL 4  531.1  1.40   746  550.1  0.69   384  230.5  1.93  230.9  1.89  232.0  1.89  1130  1184 1.000  34.1    645 06A1
24.04.2023 08:49:24  *01n 20 100TL 4  527.2  1.41   749  538.2  0.74   401  230.7  1.84  231.0  1.83  232.3  1.78  1150  1133 1.000  34.1    652 CAC4
24.04.2023 08:49:44  *01n 20 100TL 4  528.1  1.33   701  538.0  0.72   389  230.8  1.77  230.2  1.74  232.1  1.73  1091  1087 1.000  34.1    658 6A2F
24.04.2023 08:50:04  *01n 20 100TL 4  529.0  1.27   672  538.1  0.64   344  230.2  1.65  230.3  1.60  231.8  1.60  1017  1019 1.000  34.1    664 6F4B
24.04.2023 08:50:24  *01n 20 100TL 4  529.0  1.08   576  537.9  0.59   318  230.3  1.58  230.6  1.55  231.9  1.53   895   950 1.000  34.1    669 F734
24.04.2023 08:50:44  *01n 20 100TL 4  528.9  1.15   613  537.7  0.61   329  230.0  1.46  230.5  1.43  231.8  1.44   943   910 1.000  34.1    674 5FD9
24.04.2023 08:51:04  *01n 20 100TL 4  518.0  1.08   561  537.5  0.53   286  229.9  1.51  230.4  1.48  231.7  1.47   848   888 1.000  34.1    679 1C32
24.04.2023 08:51:24  *01n 20 100TL 4  521.0  1.09   570  547.8  0.54   296  230.0  1.39  230.5  1.37  231.8  1.36   866   868 1.000  34.2    684 D1F4
24.04.2023 08:51:44  *01n 20 100TL 4  523.9  1.11   581  547.8  0.56   308  230.6  1.43  231.0  1.41  232.3  1.43   889   859 1.000  34.2    689 6BF2
24.04.2023 08:52:04  *01n 20 100TL 4  514.5  1.04   535  536.1  0.51   274  231.2  1.39  230.6  1.35  232.2  1.33   810   830 1.000  34.2    694 4A14
24.04.2023 08:52:25  *01n 20 100TL 4  514.4  1.05   541  536.1  0.52   279  230.6  1.38  231.0  1.37  232.2  1.32   820   804 1.000  34.2    698 E708
24.04.2023 08:52:45  *01n 20 100TL 4  528.7  0.95   502  536.8  0.52   282  230.3  1.45  231.1  1.45  232.2  1.43   784   811 1.000  34.2    703 17CE
24.04.2023 08:53:05  *01n 20 100TL 4  524.9  1.09   573  547.0  0.54   297  230.6  1.47  230.3  1.45  232.1  1.45   871   823 1.000  34.2    707 B9BF
24.04.2023 08:53:25  *01n 20 100TL 4  524.0  0.99   520  536.1  0.53   286  230.5  1.41  231.3  1.39  232.2  1.38   807   819 1.000  34.2    712 7D38
24.04.2023 08:53:45  *01n 20 100TL 4  520.7  0.97   509  540.8  0.50   271  230.7  1.50  231.1  1.48  232.3  1.49   781   817 1.000  34.2    716 27F2
24.04.2023 08:54:05  *01n 20 100TL 4  520.5  1.02   534  529.6  0.56   299  230.2  1.43  231.1  1.40  232.0  1.39   833   791 1.000  34.2    721 0ED5
24.04.2023 08:54:25  *01n 20 100TL 4  520.5  0.88   459  540.2  0.46   253  230.2  1.30  230.8  1.29  232.0  1.28   712   746 1.000  34.2    725 C896
24.04.2023 08:54:45  *01n 20 100TL 4  520.1  0.86   448  529.5  0.47   253  230.3  1.26  231.1  1.27  232.2  1.24   701   720 1.000  34.3    729 772D
24.04.2023 08:55:05  *01n 20 100TL 4  519.8  0.87   457  539.9  0.51   280  230.3  1.26  231.2  1.26  232.2  1.24   738   735 1.000  34.3    733 6262
24.04.2023 08:55:25  *01n 20 100TL 4  519.8  0.82   431  539.5  0.44   238  230.2  1.36  230.6  1.35  232.0  1.33   669   723 1.000  34.3    737 6646
24.04.2023 08:55:45  *01n 20 100TL 4  519.4  0.80   419  529.0  0.48   256  230.4  1.29  230.9  1.29  232.0  1.28   675   700 1.000  34.3    741 6938
24.04.2023 08:56:05  *01n 20 100TL 4  538.9  0.81   439  528.4  0.53   279  230.2  1.25  230.9  1.23  232.1  1.22   718   686 1.000  34.3    745 F7CA
24.04.2023 08:56:25  *01n 20 100TL 4  528.5  0.83   444  507.2  0.43   216  230.8  1.25  231.0  1.24  232.3  1.21   660   686 1.000  34.3    749 663E
24.04.2023 08:56:45  *01n 20 100TL 4  519.6  0.87   457  527.8  0.50   263  230.9  1.35  231.4  1.35  231.4  1.33   721   737 1.000  34.3    753 BFBF
24.04.2023 08:57:05  *01n 20 100TL 4  507.5  1.04   529  538.3  0.57   308  230.8  1.40  231.2  1.39  232.4  1.38   837   805 1.000  34.3    757 436E
24.04.2023 08:57:25  *01n 20 100TL 4  506.8  1.06   538  517.4  0.61   314  231.0  1.56  231.6  1.55  232.8  1.56   852   883 1.000  34.3    762 E932
24.04.2023 08:57:45  *01n 20 100TL 4  496.0  1.30   645  527.4  0.96   508  231.8  1.86  232.3  1.84  233.6  1.84  1153  1211 1.000  34.3    768 9816
24.04.2023 08:58:06  *01n 20 100TL 4  492.4  1.58   782  551.8  1.08   598  231.5  2.13  232.3  2.10  233.4  2.10  1380  1425 1.000  34.3    775 BC74
24.04.2023 08:58:26  *01n 20 100TL 4  501.5  2.03  1019  554.2  1.91  1060  231.8  2.99  232.4  2.98  233.5  2.94  2079  1962 1.000  34.3    784 2BFE
24.04.2023 08:58:46  *01n 20 100TL 4  482.5  2.79  1348  539.8  3.74  2020  231.8  4.76  232.4  4.77  233.5  4.70  3369  3224 1.000  34.4    798 B133
24.04.2023 08:59:06  *01n 20 100TL 4  479.2  3.10  1487  523.5  3.88  2035  232.1  4.92  233.2  4.90  234.0  4.91  3523  3443 1.000  34.4    816 D8FD
24.04.2023 08:59:26  *01n 20 100TL 4  468.8  2.98  1399  527.4  3.12  1651  232.6  4.33  233.2  4.32  234.2  4.29  3050  3079 1.000  34.4    836 1E43
24.04.2023 08:59:46  *01n 20 100TL 4  488.2  3.08  1506  556.7  3.99  2223  232.5  5.15  233.4  5.13  234.4  5.13  3729  3587 1.000  34.4    851 2902
24.04.2023 09:00:06  *01n 20 100TL 4  493.5  2.57  1272  540.7  2.61  1414  232.5  3.77  233.2  3.75  234.2  3.75  2687  2688 1.000  34.4    871 CB00
24.04.2023 09:00:26  *01n 20 100TL 4  486.1  2.30  1120  536.5  1.47   788  232.3  2.91  232.8  2.89  233.7  2.89  1908  1892 1.000  34.4    882 AFB6
24.04.2023 09:00:46  *01n 20 100TL 4  475.5  1.99   950  525.0  1.20   633  232.2  2.53  232.8  2.52  233.9  2.49  1583  1647 1.000  34.4    893 A37E
24.04.2023 09:01:06  *01n 20 100TL 4  475.7  2.05   976  535.7  1.11   598  231.9  2.46  232.6  2.45  233.7  2.43  1574  1550 1.000  34.5    902 D2FF
24.04.2023 09:01:26  *01n 20 100TL 4  495.1  2.01   994  568.8  1.17   666  232.3  2.49  232.8  2.47  233.9  2.45  1661  1589 1.000  34.5    911 34D3
24.04.2023 09:01:46  *01n 20 100TL 4  484.8  2.09  1016  546.0  1.57   857  232.6  2.75  232.3  2.75  233.4  2.69  1873  1835 1.000  34.5    921 45E3
24.04.2023 09:02:06  *01n 20 100TL 4  485.0  1.98   961  557.1  1.17   657  232.2  2.30  232.9  2.27  233.8  2.26  1618  1597 1.000  34.5    930 BF70
24.04.2023 09:02:26  *01n 20 100TL 4  475.6  2.38  1136  556.7  3.48  1937  232.8  4.51  233.5  4.51  234.6  4.49  3074  3022 1.000  34.5    944 76A7
24.04.2023 09:02:46  *01n 20 100TL 4  456.3  2.59  1184  551.2  3.22  1777  232.7  4.35  233.3  4.34  234.3  4.33  2961  2955 1.000  34.5    961 2E16
24.04.2023 09:03:06  *01n 20 100TL 4  474.3  2.40  1139  576.0  3.10  1788  232.5  4.34  233.3  4.35  234.2  4.33  2928  2941 1.000  34.5    977 A9AF
24.04.2023 09:03:26  *01n 20 100TL 4  474.1  2.36  1123  564.7  3.31  1870  232.5  4.43  233.3  4.42  234.5  4.40  2993  2958 1.000  34.6    993 2FEF
24.04.2023 09:03:46  *01n 20 100TL 4  492.2  2.18  1074  570.4  3.16  1806  232.6  4.17  233.0  4.14  234.3  4.14  2880  2919 1.000  34.6   1010 3EFC
24.04.2023 09:04:06  *01n 20 100TL 4  492.1  2.20  1084  559.3  3.16  1768  232.6  4.29  233.0  4.28  234.2  4.27  2853  2894 1.000  34.6   1026 A379
24.04.2023 09:04:27  *01n 20 100TL 4  474.0  2.29  1084  556.2  2.79  1551  232.5  3.93  233.2  3.94  234.3  3.87  2636  2668 1.000  34.6   1043 1672
24.04.2023 09:04:47  *01n 20 100TL 4  481.7  2.24  1084  556.7  2.77  1542  232.3  4.03  233.0  4.01  234.1  3.99  2627  2670 1.000  34.6   1058 6A4F
24.04.2023 09:05:07  *01n 20 100TL 4  492.2  2.25  1112  551.9  3.05  1687  232.3  4.08  232.9  4.09  234.1  4.04  2800  2789 1.000  34.6   1073 91DC
24.04.2023 09:05:27  *01n 20 100TL 4  502.3  2.30  1159  558.9  3.12  1745  232.5  4.07  233.2  4.07  234.4  4.04  2905  2876 1.000  34.7   1088 28F2
24.04.2023 09:05:47  *01n 20 100TL 4  473.1  2.52  1194  552.5  3.30  1824  232.6  4.40  233.4  4.40  234.5  4.39  3019  2972 1.000  34.7   1105 FE35
24.04.2023 09:06:07  *01n 20 100TL 4  481.5  2.50  1206  551.6  3.47  1916  232.5  4.58  233.5  4.58  234.7  4.56  3123  3103 1.000  34.7   1122 D1DB
24.04.2023 09:06:27  *01n 20 100TL 4  463.2  2.71  1258  557.3  3.12  1741  232.7  4.33  233.4  4.31  234.7  4.30  2999  2906 1.000  34.7   1139 505F
24.04.2023 09:06:47  *01n 20 100TL 4  454.2  2.67  1214  559.3  2.88  1615  233.0  4.06  233.6  4.08  234.7  4.01  2830  2825 1.000  34.7   1155 3EE6
24.04.2023 09:07:07  *01n 20 100TL 4  480.4  2.48  1191  561.6  2.36  1329  232.7  3.64  233.5  3.62  234.9  3.61  2520  2552 1.000  34.7   1169 BCE4
24.04.2023 09:07:27  *01n 20 100TL 4  500.3  2.30  1149  536.2  2.23  1197  233.0  3.48  233.5  3.45  234.8  3.46  2346  2410 1.000  34.8   1181 64D7
24.04.2023 09:07:47  *01n 20 100TL 4  510.4  2.33  1193  560.6  2.17  1222  233.1  3.52  233.7  3.54  235.1  3.47  2415  2375 1.000  34.8   1194 8B8C
24.04.2023 09:08:07  *01n 20 100TL 4  490.6  2.60  1277  536.8  3.82  2052  233.6  4.59  234.2  4.59  234.3  4.56  3329  3268 1.000  34.8   1209 F56A
24.04.2023 09:08:27  *01n 20 100TL 4  471.5  2.80  1321  541.9  3.69  2000  233.2  4.94  233.9  4.92  235.2  4.91  3321  3358 1.000  34.8   1228 CF95
24.04.2023 09:08:47  *01n 20 100TL 4  451.8  2.94  1330  550.4  3.48  1921  233.4  4.54  234.1  4.53  235.4  4.51  3251  3149 1.000  34.8   1246 B271
24.04.2023 09:09:07  *01n 20 100TL 4  461.1  2.76  1274  541.5  2.44  1322  233.4  3.80  234.3  3.79  235.3  3.78  2597  2566 1.000  34.9   1262 2E09
24.04.2023 09:09:27  *01n 20 100TL 4  472.3  2.92  1380  541.9  4.00  2171  233.1  5.15  234.0  5.14  235.1  5.12  3552  3501 1.000  34.9   1280 E44D
24.04.2023 09:09:47  *01n 20 100TL 4  488.0  2.82  1377  532.4  3.96  2110  233.4  5.09  234.0  5.10  235.6  5.05  3488  3521 1.000  34.9   1299 04D2
24.04.2023 09:10:07  *01n 20 100TL 4  500.9  2.81  1406  535.9  4.17  2240  233.5  5.05  234.2  5.02  235.4  5.01  3646  3514 1.000  34.9   1317 C1B7
24.04.2023 09:10:27  *01n 20 100TL 4  493.8  2.81  1390  532.8  4.14  2209  233.3  5.27  234.2  5.27  235.0  5.24  3599  3628 1.000  34.9   1336 E674
24.04.2023 09:10:48  *01n 20 100TL 4  488.7  2.83  1388  537.9  4.26  2291  233.3  5.24  234.2  5.25  235.2  5.20  3680  3640 1.000  35.0   1356 7641
24.04.2023 09:11:08  *01n 20 100TL 4  488.3  2.70  1322  536.4  3.79  2034  233.0  4.96  233.8  4.95  234.9  4.94  3356  3389 1.000  35.0   1377 18FF
24.04.2023 09:11:28  *01n 20 100TL 4  488.7  2.59  1269  524.0  2.42  1272  233.0  3.40  233.9  3.39  235.0  3.36  2542  2447 1.000  35.0   1395 8707
24.04.2023 09:11:48  *01n 20 100TL 4  488.4  2.33  1141  529.4  1.69   895  232.5  2.98  233.3  2.96  234.4  2.96  2037  2011 1.000  35.0   1407 83A9
24.04.2023 09:12:08  *01n 20 100TL 4  498.6  2.25  1123  516.4  1.72   888  232.6  2.87  233.4  2.85  234.5  2.82  2011  1977 1.000  35.0   1417 42AE
24.04.2023 09:12:28  *01n 20 100TL 4  498.5  2.27  1136  536.2  2.11  1136  232.9  3.38  233.7  3.35  234.8  3.36  2273  2288 1.000  35.1   1430 439E
24.04.2023 09:12:48  *01n 20 100TL 4  478.4  2.51  1202  529.8  3.92  2079  232.7  4.83  233.6  4.81  234.7  4.81  3282  3288 1.000  35.1   1445 B076
24.04.2023 09:13:08  *01n 20 100TL 4  497.6  2.42  1205  537.0  3.59  1930  232.9  4.43  233.0  4.41  234.8  4.38  3135  3097 1.000  35.1   1461 C45C
24.04.2023 09:13:28  *01n 20 100TL 4  507.3  2.21  1124  539.6  2.15  1164  232.6  3.44  232.7  3.42  234.5  3.41  2288  2247 1.000  35.1   1479 08C3
24.04.2023 09:13:48  *01n 20 100TL 4  506.7  2.21  1126  530.3  3.38  1795  232.3  4.33  233.0  4.33  234.1  4.28  2922  2967 1.000  35.2   1494 DB91
24.04.2023 09:14:08  *01n 20 100TL 4  508.3  2.11  1072  527.8  1.62   856  232.3  2.77  233.3  2.75  234.2  2.70  1928  1846 1.000  35.2   1506 6B54
24.04.2023 09:14:28  *01n 20 100TL 4  487.2  2.12  1034  545.5  2.30  1257  232.5  3.28  233.6  3.25  234.3  3.22  2291  2323 1.000  35.2   1520 622B
24.04.2023 09:14:48  *01n 20 100TL 4  505.9  2.10  1068  537.9  3.47  1872  233.1  4.28  233.5  4.28  234.9  4.22  2940  3004 1.000  35.2   1534 416C
24.04.2023 09:15:08  *01n 20 100TL 4  487.3  2.00   976  549.7  2.70  1486  233.0  3.46  233.8  3.43  234.9  3.42  2462  2532 1.000  35.2   1550 4ACB
24.04.2023 09:15:28  *01n 20 100TL 4  476.1  2.10  1002  541.5  3.92  2125  232.7  4.68  233.3  4.66  234.9  4.67  3128  3164 1.000  35.3   1563 1C9A
24.04.2023 09:15:48  *01n 20 100TL 4  476.3  1.96   933  541.7  4.02  2180  232.8  4.27  233.6  4.26  234.5  4.23  3114  3018 1.000  35.3   1580 C58C
24.04.2023 09:16:08  *01n 20 100TL 4  476.5  1.89   903  541.8  3.83  2081  233.0  4.20  233.1  4.17  233.8  4.15  2984  2935 1.000  35.3   1598 C430
24.04.2023 09:16:28  *01n 20 100TL 4  474.3  1.73   823  531.0  3.81  2027  232.1  4.22  233.2  4.24  234.3  4.19  2851  2893 1.000  35.3   1613 5ABF
24.04.2023 09:16:48  *01n 20 100TL 4  475.8  1.71   817  525.6  3.93  2069  232.2  4.08  232.9  4.04  234.2  4.05  2887  2781 1.000  35.4   1629 F026
24.04.2023 09:17:08  *01n 20 100TL 4  478.8  1.56   749  525.5  3.79  1995  232.3  4.11  232.6  4.10  234.1  4.07  2745  2722 1.000  35.4   1644 D060
24.04.2023 09:17:29  *01n 20 100TL 4  456.8  1.97   900  518.4  3.68  1915  232.5  3.82  233.0  3.81  234.3  3.77  2815  2722 1.000  35.4   1659 FA12
24.04.2023 09:17:49  *01n 20 100TL 4  438.4  2.02   886  530.7  3.84  2041  232.1  3.96  233.0  3.94  234.0  3.93  2928  2806 1.000  35.4   1674 9E00
24.04.2023 09:18:09  *01n 20 100TL 4  438.4  1.80   793  529.4  2.67  1416  232.5  3.14  232.8  3.09  234.6  3.09  2209  2189 1.000  35.4   1689 037B
24.04.2023 09:18:29  *01n 20 100TL 4  421.0  2.48  1045  530.6  3.56  1889  232.6  4.40  233.0  4.39  234.5  4.38  2934  2963 1.000  35.5   1704 602B
24.04.2023 09:18:49  *01n 20 100TL 4  430.8  1.85   799  546.2  3.51  1919  232.9  3.73  232.5  3.71  234.5  3.69  2719  2655 1.000  35.5   1718 2FCA
24.04.2023 09:19:09  *01n 20 100TL 4  420.0  2.34   985  525.1  3.61  1899  232.5  4.33  233.5  4.31  234.4  4.31  2885  2925 1.000  35.5   1734 326C
24.04.2023 09:19:29  *01n 20 100TL 4  412.4  2.46  1017  525.3  3.55  1869  232.5  4.25  233.1  4.27  234.1  4.21  2887  2917 1.000  35.5   1751 D69B
24.04.2023 09:19:49  *01n 20 100TL 4  403.9  2.55  1031  525.0  3.64  1911  232.6  4.15  233.6  4.14  234.4  4.10  2943  2934 1.000  35.5   1767 9AE8
24.04.2023 09:20:09  *01n 20 100TL 4  393.2  2.62  1029  524.7  3.58  1881  232.5  4.27  233.4  4.29  234.4  4.24  2911  2951 1.000  35.6   1784 202A
24.04.2023 09:20:29  *01n 20 100TL 4  369.8  3.21  1187  525.0  3.65  1919  232.5  4.48  233.6  4.50  234.5  4.44  3106  3096 1.000  35.6   1801 C934
24.04.2023 09:20:49  *01n 20 100TL 4  369.3  3.34  1234  526.0  3.60  1895  231.9  4.57  233.9  4.58  234.7  4.52  3129  3126 1.000  35.6   1818 7790
24.04.2023 09:21:09  *01n 20 100TL 4  372.7  3.57  1332  523.7  3.76  1971  231.9  4.57  233.4  4.55  234.5  4.53  3303  3213 1.000  35.6   1836 D2D3
24.04.2023 09:21:29  *01n 20 100TL 4  393.3  3.36  1321  523.7  3.79  1989  232.0  4.69  233.8  4.69  234.9  4.65  3311  3172 1.000  35.7   1854 2BF1
24.04.2023 09:21:49  *01n 20 100TL 4  381.6  3.50  1339  519.7  3.88  2018  232.4  4.72  233.5  4.73  234.1  4.67  3358  3224 1.000  35.7   1871 6415
24.04.2023 09:22:09  *01n 20 100TL 4  365.0  3.74  1367  524.3  3.70  1940  232.3  4.87  234.1  4.85  235.0  4.85  3308  3331 1.000  35.7   1889 8F71
24.04.2023 09:22:29  *01n 20 100TL 4  361.7  3.92  1422  525.5  3.83  2017  232.1  4.69  233.9  4.68  234.9  4.66  3439  3327 1.000  35.7   1908 99C2
24.04.2023 09:22:49  *01n 20 100TL 4  364.0  3.77  1373  526.0  3.82  2012  232.3  4.93  234.0  4.92  234.9  4.92  3385  3349 1.000  35.7   1928 FDD1
24.04.2023 09:23:09  *01n 20 100TL 4  351.3  4.08  1435  524.2  3.85  2018  232.2  4.89  233.7  4.86  234.9  4.85  3504  3410 1.000  35.8   1946 FA05
24.04.2023 09:23:30  *01n 20 100TL 4  360.6  3.98  1437  519.0  3.83  1992  231.6  4.83  233.3  4.83  234.4  4.80  3430  3413 1.000  35.8   1964 88FB
24.04.2023 09:23:50  *01n 20 100TL 4  361.3  3.86  1397  519.0  3.82  1986  231.6  4.95  233.2  4.95  234.2  4.91  3384  3393 1.000  35.8   1983 2C45
24.04.2023 09:24:10  *01n 20 100TL 4  365.5  3.89  1423  518.5  3.91  2029  231.7  4.93  233.3  4.92  234.4  4.91  3453  3356 1.000  35.8   2002 129F
24.04.2023 09:24:30  *01n 20 100TL 4  366.4  2.10   770  513.8  1.51   779  231.4  2.38  232.7  2.38  234.0  2.33  1550  1565 1.000  35.8   2020 22A5
24.04.2023 09:24:50  *01n 20 100TL 4  367.5  3.52  1297  524.1  3.83  2009  231.6  4.57  233.1  4.54  234.4  4.54  3306  3282 1.000  35.9   2036 119A
24.04.2023 09:25:10  *01n 20 100TL 4  366.5  3.43  1258  515.0  3.78  1950  231.4  4.70  232.8  4.71  234.0  4.66  3208  3227 1.000  35.9   2054 31F4
24.04.2023 09:25:30  *01n 20 100TL 4  368.0  3.16  1164  520.3  3.76  1959  231.3  4.55  232.9  4.54  234.0  4.55  3123  3064 1.000  35.9   2071 0499
24.04.2023 09:25:50  *01n 20 100TL 4  367.9  3.50  1289  513.2  3.97  2041  231.3  4.57  233.0  4.56  234.0  4.52  3331  3218 1.000  35.9   2087 C2EF
24.04.2023 09:26:10  *01n 20 100TL 4  372.3  3.35  1249  518.3  3.88  2014  231.5  4.77  233.2  4.76  234.3  4.76  3263  3210 1.000  36.0   2106 4701
24.04.2023 09:26:30  *01n 20 100TL 4  363.1  3.32  1210  513.0  3.84  1972  231.9  4.47  233.6  4.46  234.6  4.43  3183  3158 1.000  36.0   2124 6279
24.04.2023 09:26:50  *01n 20 100TL 4  348.9  3.54  1237  508.5  2.98  1518  231.5  3.96  233.4  3.97  234.5  3.91  2755  2804 1.000  36.0   2142 6A05
24.04.2023 09:27:10  *01n 20 100TL 4  337.4  2.59   872  522.8  2.05  1074  231.4  2.97  232.6  2.94  234.1  2.94  1947  2125 1.000  36.0   2159 8A72
24.04.2023 09:27:30  *01n 20 100TL 4  344.1  4.13  1422  525.9  3.89  2046  231.3  5.06  232.9  5.05  234.1  5.01  3468  3491 1.000  36.0   2175 D03A
24.04.2023 09:27:50  *01n 20 100TL 4  343.0  4.15  1423  515.8  3.97  2050  231.2  4.97  232.8  4.94  233.9  4.95  3474  3442 1.000  36.1   2196 5ACF
24.04.2023 09:28:10  *01n 20 100TL 4  349.6  4.27  1495  516.7  3.93  2032  231.3  5.05  232.7  5.02  234.0  5.02  3527  3472 1.000  36.1   2214 442D
24.04.2023 09:28:30  *01n 20 100TL 4  345.1  2.77   958  521.5  1.98  1037  230.6  3.03  232.2  3.04  233.2  2.98  1995  2037 1.000  36.1   2229 533F
24.04.2023 09:28:50  *01n 20 100TL 4  353.8  2.60   921  545.4  1.71   936  230.7  2.87  232.2  2.87  233.5  2.82  1858  1918 1.000  36.1   2241 EF86
24.04.2023 09:29:10  *01n 20 100TL 4  342.0  2.44   837  556.0  1.19   662  230.3  2.16  231.7  2.14  233.1  2.11  1499  1416 1.000  36.1   2251 C6B2
24.04.2023 09:29:30  *01n 20 100TL 4  342.7  2.37   813  557.5  1.10   614  230.5  2.20  231.9  2.20  233.0  2.14  1428  1524 1.000  36.2   2265 C06C
24.04.2023 09:29:51  *01n 20 100TL 4  358.8  2.86  1026  552.4  1.98  1097  230.8  3.07  232.1  3.05  233.1  3.01  2124  1867 1.000  36.2   2272 EA34
24.04.2023 09:30:11  *01n 20 100TL 4  353.2  4.45  1573  557.9  3.60  2008  230.9  5.06  232.4  5.07  233.4  5.02  3581  3463 1.000  36.2   2286 9FD2
24.04.2023 09:30:31  *01n 20 100TL 4  352.0  3.76  1326  545.7  2.99  1632  230.6  4.45  232.0  4.43  233.1  4.44  2958  3004 1.000  36.2   2306 2D29
24.04.2023 09:30:51  *01n 20 100TL 4  355.7  2.78   988  546.6  1.51   831  231.2  2.83  231.9  2.82  233.5  2.80  1820  1823 1.000  36.3   2323 722C
24.04.2023 09:31:11  *01n 20 100TL 4  365.7  4.67  1707  533.2  4.19  2235  231.4  5.66  233.0  5.67  233.9  5.62  3942  3881 1.000  36.3   2340 8E33
24.04.2023 09:31:31  *01n 20 100TL 4  359.6  2.85  1026  528.1  1.77   938  230.9  2.93  232.2  2.92  233.2  2.88  1965  1936 1.000  36.3   2357 C284
24.04.2023 09:31:51  *01n 20 100TL 4  382.4  3.71  1419  551.0  3.94  2174  231.5  5.21  233.0  5.21  233.9  5.18  3593  3498 1.000  36.3   2369 2AD6
24.04.2023 09:32:11  *01n 20 100TL 4  386.2  3.57  1380  536.4  4.15  2232  231.6  5.24  232.6  5.23  233.6  5.24  3613  3631 1.000  36.3   2389 2E77
24.04.2023 09:32:31  *01n 20 100TL 4  386.7  2.77  1074  538.4  2.93  1580  231.1  4.00  231.9  3.99  233.0  3.98  2655  2708 1.000  36.3   2407 4432
24.04.2023 09:32:51  *01n 20 100TL 4  386.4  1.98   767  534.9  1.04   561  230.5  2.05  231.1  2.03  232.2  1.99  1329  1304 1.000  36.4   2418 555A
24.04.2023 09:33:11  *01n 20 100TL 4  401.1  2.52  1011  538.3  3.40  1835  230.7  4.05  231.3  4.07  232.5  4.00  2847  2478 1.000  36.4   2425 82CB
24.04.2023 09:33:31  *01n 20 100TL 4  394.1  2.00   787  508.4  1.05   538  230.6  2.20  231.3  2.19  232.4  2.16  1326  1359 1.000  36.4   2434 CF0A
24.04.2023 09:33:51  *01n 20 100TL 4  417.0  1.93   807  514.9  0.98   508  230.8  2.11  231.4  2.06  232.5  2.05  1315  1359 1.000  36.4   2442 515C
24.04.2023 09:34:11  *01n 20 100TL 4  446.2  2.10   939  505.1  1.08   549  231.5  2.23  232.1  2.22  233.3  2.17  1489  1408 1.000  36.4   2449 5688
24.04.2023 09:34:31  *01n 20 100TL 4  459.6  2.30  1060  508.4  1.49   759  229.0  2.43  232.6  2.40  233.3  2.38  1820  1658 1.000  36.4   2458 D940
24.04.2023 09:34:51  *01n 20 100TL 4  461.5  2.27  1049  500.7  1.16   582  230.6  2.25  231.5  2.21  232.6  2.18  1632  1527 1.000  36.4   2466 3BDB
24.04.2023 09:35:11  *01n 20 100TL 4  452.1  2.25  1022  523.3  1.19   624  230.8  2.38  231.7  2.40  232.8  2.35  1646  1567 1.000  36.5   2475 8107
24.04.2023 09:35:31  *01n 20 100TL 4  470.6  2.15  1017  524.6  1.05   552  231.1  2.49  231.7  2.49  232.9  2.44  1570  1620 1.000  36.5   2484 B8D8
24.04.2023 09:35:52  *01n 20 100TL 4  481.5  2.08  1005  514.8  1.12   579  230.8  2.53  231.4  2.52  232.9  2.49  1585  1593 1.000  36.5   2493 72D4
24.04.2023 09:36:12  *01n 20 100TL 4  482.0  1.85   892  515.7  1.04   541  230.5  2.18  231.2  2.15  232.6  2.13  1434  1481 1.000  36.5   2502 633C
24.04.2023 09:36:32  *01n 20 100TL 4  500.5  1.74   871  521.3  1.32   691  230.5  2.37  231.1  2.34  232.5  2.33  1562  1646 1.000  36.5   2511 3B51
24.04.2023 09:36:52  *01n 20 100TL 4  496.0  1.73   857  517.7  1.30   679  230.1  2.20  230.9  2.17  232.0  2.17  1536  1417 1.000  36.5   2519 E087
24.04.2023 09:37:12  *01n 20 100TL 4  494.2  1.48   733  504.4  0.91   462  230.3  1.84  230.7  1.80  232.2  1.80  1196  1133 1.000  36.5   2526 FAD4
24.04.2023 09:37:32  *01n 20 100TL 4  498.3  1.39   694  508.4  0.72   366  229.9  1.79  230.5  1.77  231.8  1.73  1060  1091 1.000  36.5   2532 37ED
24.04.2023 09:37:52  *01n 20 100TL 4  498.1  1.49   746  518.2  0.78   407  229.8  1.95  230.3  1.92  232.0  1.90  1153  1170 1.000  36.5   2539 E4DC
24.04.2023 09:38:12  *01n 20 100TL 4  497.6  1.75   871  528.0  0.82   434  229.9  1.91  230.1  1.88  231.8  1.88  1306  1239 1.000  36.5   2545 3C5F
24.04.2023 09:38:32  *01n 20 100TL 4  497.5  1.75   872  517.5  0.91   474  229.8  1.99  230.3  1.97  231.8  1.96  1347  1240 1.000  36.5   2552 D73D
24.04.2023 09:38:52  *01n 20 100TL 4  506.8  1.44   730  517.1  0.72   372  229.9  1.86  230.2  1.84  231.7  1.80  1103  1133 1.000  36.6   2559 9355
24.04.2023 09:39:12  *01n 20 100TL 4  507.3  1.26   645  517.1  0.69   358  229.8  1.69  230.6  1.69  231.7  1.68  1004  1013 1.000  36.6   2565 F72D
24.04.2023 09:39:32  *01n 20 100TL 4  506.5  1.14   579  517.3  0.56   292  229.9  1.44  231.1  1.42  232.2  1.40   872   897 1.000  36.6   2570 0AA0
24.04.2023 09:39:52  *01n 20 100TL 4  508.3  1.02   521  516.9  0.54   280  230.2  1.45  231.3  1.45  232.2  1.42   802   808 1.000  36.6   2575 57C8
24.04.2023 09:40:12  *01n 20 100TL 4  507.5  1.02   523  516.7  0.50   262  230.3  1.26  231.2  1.25  232.2  1.21   785   717 1.000  36.6   2579 8C4C
24.04.2023 09:40:32  *01n 20 100TL 4  515.9  0.79   407  526.8  0.40   213  230.6  1.32  230.9  1.27  232.4  1.26   621   662 1.000  36.6   2583 6640
24.04.2023 09:40:52  *01n 20 100TL 4  505.6  0.83   419  526.8  0.36   192  230.2  1.22  231.2  1.21  232.2  1.20   611   651 1.000  36.6   2587 5E3E
24.04.2023 09:41:12  *01n 20 100TL 4  505.9  0.85   431  516.1  0.40   209  230.7  1.35  231.8  1.32  232.7  1.31   640   682 1.000  36.6   2591 5A88
24.04.2023 09:41:32  *01n 20 100TL 4  495.3  1.05   520  526.3  0.42   225  231.1  1.35  231.9  1.32  232.9  1.31   746   741 1.000  36.6   2594 7954
24.04.2023 09:41:53  *01n 20 100TL 4  481.2  1.08   521  507.7  0.48   244  230.8  1.37  231.7  1.36  232.7  1.33   766   785 1.000  36.6   2599 94D0
24.04.2023 09:42:13  *01n 20 100TL 4  489.7  1.14   558  523.9  0.48   254  230.4  1.44  231.4  1.44  232.5  1.41   813   856 1.000  36.6   2603 99D6
24.04.2023 09:42:33  *01n 20 100TL 4  509.9  1.20   611  533.6  0.53   285  230.6  1.62  231.1  1.61  232.4  1.57   897   910 1.000  36.6   2608 FD22
24.04.2023 09:42:53  *01n 20 100TL 4  499.5  1.30   650  537.5  0.64   343  231.3  1.66  231.1  1.65  232.5  1.59   993   990 1.000  36.6   2614 CC8C
24.04.2023 09:43:13  *01n 20 100TL 4  499.3  1.46   730  544.4  0.72   398  231.0  1.70  231.6  1.69  232.8  1.68  1129  1098 1.000  36.6   2619 C63F
24.04.2023 09:43:33  *01n 20 100TL 4  497.7  1.95   973  531.5  4.26  2265  231.2  4.79  231.8  4.79  233.0  4.76  3239  3230 1.000  36.6   2627 3A17
24.04.2023 09:43:53  *01n 20 100TL 4  487.4  2.19  1068  549.5  3.95  2174  231.7  4.49  232.2  4.48  233.5  4.46  3242  3155 1.000  36.6   2645 9FDB
24.04.2023 09:44:13  *01n 20 100TL 4  489.4  2.16  1060  547.9  2.67  1467  231.0  3.85  231.5  3.86  232.8  3.79  2528  2499 1.000  36.6   2660 8698
24.04.2023 09:44:33  *01n 20 100TL 4  469.0  2.26  1062  523.9  1.57   823  230.5  2.79  231.0  2.80  232.4  2.74  1886  1841 1.000  36.6   2675 D0C1
24.04.2023 09:44:53  *01n 20 100TL 4  478.6  2.34  1124  542.2  4.47  2429  231.2  5.22  231.2  5.19  232.7  5.20  3553  3590 1.000  36.6   2692 B8F6
24.04.2023 09:45:13  *01n 20 100TL 4  498.3  2.26  1129  544.3  2.85  1554  230.8  3.93  231.3  3.89  232.6  3.90  2684  2648 1.000  36.6   2710 DC61
24.04.2023 09:45:33  *01n 20 100TL 4  496.9  2.11  1051  563.0  2.86  1612  231.3  3.96  231.7  3.96  232.9  3.91  2664  2670 1.000  36.6   2724 3FA3
24.04.2023 09:45:53  *01n 20 100TL 4  509.2  2.17  1107  548.9  3.92  2153  231.8  4.59  231.9  4.55  233.3  4.55  3260  3256 1.000  36.6   2743 F865
24.04.2023 09:46:13  *01n 20 100TL 4  513.0  1.60   822  549.8  0.89   491  230.7  2.13  232.3  2.13  233.4  2.07  1313  1380 1.000  36.6   2755 0E66
24.04.2023 09:46:33  *01n 20 100TL 4  516.7  1.61   834  532.4  0.86   457  230.9  1.89  232.4  1.87  233.4  1.86  1292  1272 1.000  36.6   2762 AB7B
24.04.2023 09:46:53  *01n 20 100TL 4  527.2  1.58   834  536.9  1.00   537  230.9  1.97  232.5  1.94  233.6  1.93  1371  1310 1.000  36.6   2769 A336
24.04.2023 09:47:13  *01n 20 100TL 4  516.4  1.51   784  529.8  0.77   411  231.0  1.80  232.3  1.76  233.7  1.77  1196  1116 1.000  36.6   2776 46DF
24.04.2023 09:47:33  *01n 20 100TL 4  518.6  1.24   648  528.8  0.67   358  230.7  1.63  232.2  1.62  233.3  1.59  1007   999 1.000  36.6   2782 2822
24.04.2023 09:47:54  *01n 20 100TL 4  509.1  1.22   627  518.0  0.62   326  230.1  1.48  231.7  1.45  232.9  1.43   953   939 1.000  36.6   2787 E202
24.04.2023 09:48:13  *01n 20 100TL 4  509.8  1.13   576  527.9  0.59   314  231.0  1.67  231.3  1.64  232.5  1.63   891   949 1.000  36.6   2792 4613
24.04.2023 09:48:34  *01n 20 100TL 4  510.2  1.26   642  527.7  0.61   325  231.0  1.67  231.2  1.66  232.5  1.61   967  1016 1.000  36.6   2798 A478
24.04.2023 09:48:54  *01n 20 100TL 4  495.2  1.55   769  529.6  0.72   384  230.7  1.73  231.4  1.70  232.6  1.70  1153  1112 1.000  36.7   2803 6D52
24.04.2023 09:49:14  *01n 20 100TL 4  486.0  1.58   770  527.9  0.78   413  230.7  1.94  231.3  1.93  232.6  1.90  1184  1219 1.000  36.6   2810 015F
24.04.2023 09:49:34  *01n 20 100TL 4  507.5  1.81   923  527.0  0.92   488  230.6  2.09  231.1  2.07  232.5  2.07  1411  1324 1.000  36.7   2817 45CA
24.04.2023 09:49:54  *01n 20 100TL 4  511.5  1.71   881  526.9  0.95   505  231.7  2.25  231.1  2.23  232.8  2.21  1387  1373 1.000  36.6   2825 F41C
24.04.2023 09:50:14  *01n 20 100TL 4  511.1  2.01  1028  538.2  2.59  1396  231.1  3.58  231.7  3.56  232.7  3.55  2424  2229 1.000  36.7   2833 930E
24.04.2023 09:50:34  *01n 20 100TL 4  510.7  1.84   946  547.5  1.40   770  230.9  2.45  231.4  2.42  232.5  2.41  1716  1675 1.000  36.7   2843 5F21
24.04.2023 09:50:54  *01n 20 100TL 4  528.8  1.84   979  582.8  3.46  2021  230.9  4.41  231.6  4.39  232.6  4.38  3001  2861 1.000  36.7   2858 EBE5
24.04.2023 09:51:14  *01n 20 100TL 4  523.9  1.64   860  579.3  3.75  2174  231.2  4.50  231.4  4.50  232.9  4.46  3035  3085 1.000  36.7   2875 4356
24.04.2023 09:51:34  *01n 20 100TL 4  523.4  1.28   671  571.0  0.59   337  230.8  1.62  231.3  1.58  232.4  1.57  1008  1020 1.000  36.7   2885 42E7
24.04.2023 09:51:54  *01n 20 100TL 4  513.0  1.30   666  533.7  0.75   405  231.1  1.58  231.6  1.55  232.8  1.53  1072  1005 1.000  36.7   2891 0FC3
24.04.2023 09:52:14  *01n 20 100TL 4  512.8  1.22   625  522.9  0.65   343  232.0  1.62  231.6  1.62  232.9  1.60   968  1023 1.000  36.7   2896 DB68
24.04.2023 09:52:34  *01n 20 100TL 4  512.9  1.48   762  522.8  0.88   462  231.5  1.95  232.3  1.94  233.5  1.91  1225  1156 1.000  36.7   2902 D71C
24.04.2023 09:52:54  *01n 20 100TL 4  511.9  1.63   837  526.8  1.13   598  231.8  2.32  232.5  2.31  233.4  2.29  1435  1470 1.000  36.7   2910 CAF0
24.04.2023 09:53:14  *01n 20 100TL 4  512.7  1.69   871  545.3  0.90   495  231.7  2.10  232.7  2.09  233.8  2.03  1367  1341 1.000  36.7   2917 461B
24.04.2023 09:53:34  *01n 20 100TL 4  523.2  1.73   909  545.7  0.98   538  232.0  2.27  232.6  2.26  233.7  2.23  1448  1483 1.000  36.7   2925 515B
24.04.2023 09:53:54  *01n 20 100TL 4  512.0  2.02  1034  534.1  1.15   617  231.9  2.36  232.6  2.35  233.7  2.34  1652  1553 1.000  36.7   2933 AD0F
24.04.2023 09:54:14  *01n 20 100TL 4  502.5  2.19  1101  537.1  1.98  1065  231.9  3.26  232.9  3.26  233.9  3.22  2166  2102 1.000  36.7   2943 D204
24.04.2023 09:54:34  *01n 20 100TL 4  521.1  2.10  1098  541.5  2.89  1570  231.7  3.92  232.7  3.94  233.6  3.88  2668  2716 1.000  36.7   2960 AE0D
24.04.2023 09:54:55  *01n 20 100TL 4  509.7  1.91   978  566.0  1.44   819  231.7  2.81  232.4  2.78  233.4  2.78  1797  1866 1.000  36.7   2972 7CE1
24.04.2023 09:55:15  *01n 20 100TL 4  531.9  2.00  1065  562.8  3.26  1840  231.7  4.22  232.6  4.19  233.5  4.19  2905  2885 1.000  36.7   2984 732E
24.04.2023 09:55:35  *01n 20 100TL 4  525.5  1.72   906  548.3  1.29   712  231.2  2.50  232.1  2.48  233.1  2.49  1618  1618 1.000  36.7   2994 B01D
24.04.2023 09:55:55  *01n 20 100TL 4  525.2  1.72   907  533.4  1.30   692  231.0  2.29  232.4  2.26  233.0  2.25  1600  1515 1.000  36.7   3003 66E1
24.04.2023 09:56:15  *01n 20 100TL 4  524.8  1.31   692  536.1  0.78   421  231.0  1.91  231.8  1.89  232.6  1.85  1113  1177 1.000  36.7   3010 441A
24.04.2023 09:56:35  *01n 20 100TL 4  515.1  1.24   640  536.2  0.63   340  230.5  1.69  231.7  1.68  232.5  1.63   981  1042 1.000  36.7   3017 2DC9
24.04.2023 09:56:55  *01n 20 100TL 4  516.2  1.07   553  535.3  0.57   306  230.5  1.52  231.5  1.50  232.4  1.46   860   910 1.000  36.7   3022 9243
24.04.2023 09:57:15  *01n 20 100TL 4  516.1  0.98   508  535.4  0.46   248  230.5  1.46  231.5  1.45  232.5  1.43   756   805 1.000  36.7   3027 CC4D
24.04.2023 09:57:35  *01n 20 100TL 4  510.5  0.89   456  534.5  0.43   231  231.4  1.33  231.7  1.33  232.8  1.33   688   727 1.000  36.7   3031 2E0B
24.04.2023 09:57:55  *01n 20 100TL 4  503.9  0.97   492  528.2  0.42   227  230.8  1.25  232.1  1.23  232.9  1.22   720   695 1.000  36.7   3035 FCC8
24.04.2023 09:58:15  *01n 20 100TL 4  503.5  1.01   511  515.4  0.47   244  230.8  1.24  232.1  1.22  232.8  1.21   755   712 1.000  36.7   3039 DF8C
24.04.2023 09:58:35  *01n 20 100TL 4  503.4  1.12   566  514.1  0.51   262  230.8  1.42  232.0  1.42  232.9  1.40   828   781 1.000  36.7   3043 FD1B
24.04.2023 09:58:55  *01n 20 100TL 4  503.4  1.19   604  512.8  0.55   285  231.2  1.54  232.4  1.54  233.2  1.52   889   881 1.000  36.7   3048 D2FA
24.04.2023 09:59:15  *01n 20 100TL 4  504.2  1.40   709  513.2  0.63   328  231.4  1.71  232.4  1.71  233.5  1.67  1037   982 1.000  36.7   3053 F6A1
24.04.2023 09:59:35  *01n 20 100TL 4  506.1  1.38   700  522.1  0.64   337  231.6  1.81  232.6  1.80  233.6  1.78  1037  1077 1.000  36.7   3059 A997
24.04.2023 09:59:55  *01n 20 100TL 4  506.2  1.60   813  511.8  0.73   375  231.4  1.74  232.3  1.70  233.4  1.69  1188  1153 1.000  36.7   3065 F6FC
24.04.2023 10:00:15  *01n 20 100TL 4  522.4  1.73   904  530.0  0.79   421  230.9  1.85  232.2  1.82  233.3  1.79  1326  1231 1.000  36.7   3071 000E
24.04.2023 10:00:35  *01n 20 100TL 4  511.5  1.67   857  532.9  0.83   444  230.4  2.03  231.5  2.02  232.6  1.97  1301  1277 1.000  36.7   3078 3FF9
24.04.2023 10:00:55  *01n 20 100TL 4  509.3  1.71   872  532.1  0.78   418  230.3  2.20  231.5  2.17  232.5  2.16  1290  1350 1.000  36.7   3085 C91C
24.04.2023 10:01:15  *01n 20 100TL 4  507.4  1.87   953  531.6  0.92   489  230.5  2.17  231.6  2.14  232.7  2.12  1443  1469 1.000  36.8   3094 CDAD
24.04.2023 10:01:36  *01n 20 100TL 4  517.5  2.12  1098  542.1  1.00   546  230.7  2.38  231.4  2.34  232.8  2.34  1644  1632 1.000  36.7   3102 9639
24.04.2023 10:01:56  *01n 20 100TL 4  524.6  2.12  1116  541.0  1.12   610  230.4  2.50  231.3  2.47  232.7  2.49  1727  1709 1.000  36.7   3112 F0EC
24.04.2023 10:02:16  *01n 20 100TL 4  520.0  2.17  1130  553.3  1.07   596  230.9  2.60  231.6  2.56  233.1  2.56  1727  1768 1.000  36.7   3121 5601
24.04.2023 10:02:36  *01n 20 100TL 4  540.8  2.15  1162  540.8  1.16   631  231.2  2.78  231.9  2.75  233.2  2.75  1794  1850 1.000  36.7   3131 BFA4
24.04.2023 10:02:56  *01n 20 100TL 4  543.1  2.38  1293  541.1  1.44   779  230.9  3.08  231.9  3.07  233.2  3.01  2073  2049 1.000  36.8   3142 041F
24.04.2023 10:03:16  *01n 20 100TL 4  510.1  2.98  1522  555.2  5.02  2793  231.0  6.37  231.7  6.35  232.7  6.35  4316  4338 1.000  36.7   3158 247E
24.04.2023 10:03:36  *01n 20 100TL 4  504.8  3.00  1518  555.2  4.78  2656  231.2  6.17  232.1  6.15  233.3  6.15  4174  4153 1.000  36.7   3180 F9F7
24.04.2023 10:03:56  *01n 20 100TL 4  492.2  2.98  1469  525.6  3.05  1605  231.2  4.47  232.3  4.49  233.4  4.42  3074  3250 1.000  36.7   3202 2EFB
24.04.2023 10:04:16  *01n 20 100TL 4  498.7  2.85  1423  539.4  1.53   827  230.8  3.43  231.6  3.40  232.7  3.39  2250  2227 1.000  36.8   3215 59F7
24.04.2023 10:04:36  *01n 20 100TL 4  512.8  2.97  1527  550.4  1.56   860  231.5  3.29  230.7  3.26  232.8  3.26  2388  2259 1.000  36.8   3228 54BA
24.04.2023 10:04:56  *01n 20 100TL 4  518.1  2.76  1434  539.1  1.62   874  231.1  3.47  231.9  3.46  233.0  3.43  2308  2275 1.000  36.8   3240 A1F8
24.04.2023 10:05:16  *01n 20 100TL 4  518.9  2.80  1455  548.7  1.62   889  232.5  3.50  230.5  3.49  232.4  3.48  2345  2311 1.000  36.8   3253 47E6
24.04.2023 10:05:36  *01n 20 100TL 4  523.2  2.83  1483  536.8  2.93  1576  231.3  4.49  232.1  4.48  233.3  4.47  3059  3128 1.000  36.8   3267 9FCA
24.04.2023 10:05:56  *01n 20 100TL 4  519.0  2.87  1492  549.3  1.44   794  230.9  3.36  232.1  3.37  233.2  3.33  2287  2194 1.000  36.8   3280 562E
24.04.2023 10:06:16  *01n 20 100TL 4  523.8  2.58  1355  548.7  1.38   762  232.0  3.23  231.9  3.20  233.2  3.20  2117  2188 1.000  36.8   3292 A56F
24.04.2023 10:06:36  *01n 20 100TL 4  523.7  2.67  1402  548.8  1.37   755  231.4  2.95  232.5  2.93  233.6  2.91  2157  2069 1.000  36.8   3304 EF2B
24.04.2023 10:06:56  *01n 20 100TL 4  525.0  2.24  1179  548.4  1.21   668  231.2  2.94  232.0  2.93  233.2  2.91  1847  1905 1.000  36.8   3315 8644
24.04.2023 10:07:16  *01n 20 100TL 4  525.2  1.98  1043  548.2  1.06   582  231.3  2.63  231.1  2.60  233.0  2.59  1626  1693 1.000  36.8   3325 F39A
24.04.2023 10:07:36  *01n 20 100TL 4  523.4  1.81   950  548.2  1.02   561  230.6  2.38  231.2  2.38  232.6  2.36  1512  1499 1.000  36.8   3334 208F
24.04.2023 10:07:57  *01n 20 100TL 4  523.3  1.56   817  548.0  0.76   422  230.8  2.02  231.6  2.02  232.7  2.00  1240  1229 1.000  36.8   3342 2D97
24.04.2023 10:08:17  *01n 20 100TL 4  523.2  1.40   738  548.0  0.65   360  230.5  1.85  231.4  1.84  232.4  1.82  1098  1097 1.000  36.8   3348 0EC9
24.04.2023 10:08:37  *01n 20 100TL 4  522.8  1.38   726  547.6  0.65   360  230.3  1.55  231.3  1.53  232.3  1.51  1086  1007 1.000  36.8   3354 604A
24.04.2023 10:08:57  *01n 20 100TL 4  502.4  1.37   689  528.9  0.61   328  231.0  1.59  231.6  1.58  232.7  1.54  1017   964 1.000  36.8   3359 8563
24.04.2023 10:09:17  *01n 20 100TL 4  502.5  1.26   637  525.9  0.59   312  231.0  1.52  231.8  1.51  232.7  1.47   950   910 1.000  36.8   3364 EB35
24.04.2023 10:09:37  *01n 20 100TL 4  501.7  1.25   630  526.0  0.52   277  230.6  1.40  231.7  1.38  232.7  1.36   907   872 1.000  36.8   3369 8371
24.04.2023 10:09:57  *01n 20 100TL 4  501.8  1.09   552  525.5  0.50   268  230.7  1.42  231.7  1.39  233.0  1.37   820   852 1.000  36.8   3374 D834
24.04.2023 10:10:17  *01n 20 100TL 4  511.7  1.23   633  536.0  0.51   276  230.8  1.45  231.6  1.43  232.8  1.41   909   865 1.000  36.8   3379 BC6E
24.04.2023 10:10:37  *01n 20 100TL 4  501.4  1.13   569  535.6  0.49   263  230.8  1.46  230.9  1.41  233.0  1.39   833   892 1.000  36.8   3384 F557
24.04.2023 10:10:57  *01n 20 100TL 4  500.7  1.26   634  535.4  0.53   286  230.8  1.62  231.1  1.60  233.1  1.61   921   961 1.000  36.8   3389 C3B6
24.04.2023 10:11:17  *01n 20 100TL 4  521.1  1.28   671  545.0  0.59   326  231.0  1.73  231.1  1.72  233.0  1.69   997  1020 1.000  36.8   3395 43EA
24.04.2023 10:11:37  *01n 20 100TL 4  511.4  1.54   788  524.2  0.69   363  230.9  1.74  231.0  1.71  233.1  1.67  1152  1075 1.000  36.8   3400 518F
24.04.2023 10:11:57  *01n 20 100TL 4  510.4  1.43   730  534.2  0.66   357  230.7  1.67  230.8  1.64  233.2  1.64  1087  1101 1.000  36.8   3406 97A5
24.04.2023 10:12:17  *01n 20 100TL 4  519.8  1.44   747  534.2  0.66   355  231.1  1.63  231.1  1.60  233.3  1.60  1103  1071 1.000  36.8   3412 EBF0
24.04.2023 10:12:37  *01n 20 100TL 4  509.7  1.37   701  533.8  0.64   341  231.0  1.57  230.9  1.54  233.2  1.50  1043  1008 1.000  36.8   3418 3655
24.04.2023 10:12:57  *01n 20 100TL 4  509.5  1.16   596  533.7  0.52   282  230.8  1.65  231.4  1.62  232.7  1.61   878   941 1.000  36.8   3424 7474
24.04.2023 10:13:17  *01n 20 100TL 4  509.4  1.23   630  523.1  0.56   297  230.6  1.54  231.4  1.52  232.5  1.49   927   875 1.000  36.8   3429 DEF4
24.04.2023 10:13:37  *01n 20 100TL 4  509.4  1.18   604  533.4  0.50   265  230.7  1.48  231.5  1.47  232.8  1.44   869   834 1.000  36.8   3434 AF4E
24.04.2023 10:13:58  *01n 20 100TL 4  506.8  1.10   560  533.2  0.44   236  230.5  1.39  231.3  1.38  232.3  1.36   796   814 1.000  36.8   3438 E230
24.04.2023 10:14:18  *01n 20 100TL 4  501.5  1.15   578  522.4  0.50   262  230.9  1.45  231.6  1.45  232.7  1.41   840   799 1.000  36.8   3443 2AAE
24.04.2023 10:14:38  *01n 20 100TL 4  510.7  1.06   543  532.6  0.42   225  231.0  1.44  231.5  1.40  232.7  1.39   769   787 1.000  36.8   3447 2988
24.04.2023 10:14:58  *01n 20 100TL 4  501.0  1.01   506  521.6  0.43   230  230.7  1.33  231.4  1.32  232.5  1.29   737   762 1.000  36.8   3452 E371
24.04.2023 10:15:18  *01n 20 100TL 4  506.8  1.08   549  522.1  0.42   221  230.9  1.31  231.5  1.28  232.6  1.25   770   733 1.000  36.8   3456 B991
24.04.2023 10:15:38  *01n 20 100TL 4  498.6  0.96   477  531.9  0.39   212  230.9  1.26  231.8  1.26  232.9  1.23   689   700 1.000  36.8   3460 0BD9
24.04.2023 10:15:58  *01n 20 100TL 4  503.6  1.01   508  519.2  0.40   212  230.4  1.26  231.3  1.25  232.3  1.24   720   686 1.000  36.8   3463 88FC
24.04.2023 10:16:18  *01n 20 100TL 4  503.2  1.04   526  519.6  0.41   218  230.3  1.32  231.0  1.30  232.1  1.29   744   703 1.000  36.8   3467 F1AA
24.04.2023 10:16:38  *01n 20 100TL 4  502.8  1.07   538  509.0  0.44   225  230.6  1.36  231.3  1.33  232.6  1.32   764   770 1.000  36.8   3471 7944
24.04.2023 10:16:58  *01n 20 100TL 4  511.8  1.30   668  510.7  0.55   286  230.9  1.55  231.8  1.52  232.9  1.53   955   886 1.000  36.8   3476 FE9A
24.04.2023 10:17:18  *01n 20 100TL 4  503.6  1.40   706  520.6  0.60   312  230.9  1.76  231.7  1.75  232.7  1.70  1019  1014 1.000  36.8   3481 999B
24.04.2023 10:17:38  *01n 20 100TL 4  493.3  1.65   817  531.0  0.70   372  231.4  1.80  232.0  1.78  233.2  1.77  1190  1164 1.000  36.8   3487 425F
24.04.2023 10:17:58  *01n 20 100TL 4  494.9  1.69   836  530.3  0.78   413  232.1  2.16  231.7  2.18  232.9  2.14  1249  1316 1.000  36.8   3494 0F25
24.04.2023 10:18:18  *01n 20 100TL 4  500.4  2.07  1037  535.0  0.90   486  231.6  2.08  232.1  2.06  233.4  2.04  1524  1432 1.000  36.8   3502 BB83
24.04.2023 10:18:38  *01n 20 100TL 4  520.9  1.86   971  534.5  0.90   485  231.1  2.42  232.2  2.40  233.2  2.39  1457  1518 1.000  36.8   3510 03C1
24.04.2023 10:18:58  *01n 20 100TL 4  520.5  2.11  1103  545.0  0.96   524  231.5  2.36  232.4  2.33  233.4  2.33  1628  1539 1.000  36.8   3518 C740
24.04.2023 10:19:18  *01n 20 100TL 4  520.2  2.07  1078  555.6  0.98   549  231.7  2.37  232.6  2.37  233.8  2.36  1628  1536 1.000  36.8   3527 C216
24.04.2023 10:19:38  *01n 20 100TL 4  530.5  2.04  1084  554.4  0.95   529  232.0  2.29  232.5  2.27  233.7  2.27  1614  1550 1.000  36.8   3536 32A5
24.04.2023 10:19:58  *01n 20 100TL 4  530.1  2.12  1124  535.8  1.05   566  232.0  2.47  232.9  2.46  233.9  2.45  1690  1596 1.000  36.8   3545 589D
24.04.2023 10:20:19  *01n 20 100TL 4  529.9  2.15  1142  546.3  1.04   569  231.7  2.56  232.5  2.56  233.6  2.50  1712  1680 1.000  36.8   3554 A709
24.04.2023 10:20:38  *01n 20 100TL 4  530.2  2.24  1191  553.8  1.04   576  231.6  2.55  232.3  2.54  233.5  2.52  1768  1734 1.000  36.8   3563 30C9
24.04.2023 10:20:59  *01n 20 100TL 4  529.0  2.23  1184  543.6  1.13   619  231.7  2.63  232.5  2.63  233.8  2.57  1803  1741 1.000  36.8   3572 BC18
24.04.2023 10:21:19  *01n 20 100TL 4  529.2  2.22  1181  543.0  1.08   585  231.9  2.71  232.5  2.70  233.6  2.68  1766  1734 1.000  36.8   3582 84DC
24.04.2023 10:21:39  *01n 20 100TL 4  518.1  2.26  1173  553.0  1.11   616  231.2  2.67  231.9  2.65  233.0  2.64  1789  1760 1.000  36.8   3592 BF5B
24.04.2023 10:21:59  *01n 20 100TL 4  517.9  2.43  1261  542.5  1.14   624  231.2  2.80  232.0  2.79  233.0  2.76  1886  1794 1.000  36.8   3602 FE9D
24.04.2023 10:22:19  *01n 20 100TL 4  527.9  2.39  1268  552.8  1.20   668  231.5  2.92  232.1  2.90  233.4  2.89  1936  1861 1.000  36.8   3612 8D60
24.04.2023 10:22:39  *01n 20 100TL 4  525.1  2.43  1280  552.2  1.17   648  231.7  2.87  232.2  2.87  233.4  2.83  1928  1901 1.000  36.8   3623 6A6D
24.04.2023 10:22:59  *01n 20 100TL 4  524.7  2.53  1332  552.6  1.24   688  231.3  2.89  232.0  2.89  233.3  2.84  2020  1934 1.000  36.8   3633 E690
24.04.2023 10:23:19  *01n 20 100TL 4  523.9  2.42  1269  540.9  1.21   656  231.1  2.96  231.7  2.96  233.0  2.91  1925  1951 1.000  36.8   3644 8106
24.04.2023 10:23:39  *01n 20 100TL 4  524.6  2.42  1269  551.3  1.20   663  231.1  2.93  231.7  2.93  233.1  2.88  1933  1969 1.000  36.8   3655 F7E6
24.04.2023 10:23:59  *01n 20 100TL 4  523.9  2.42  1268  540.3  1.20   650  231.9  3.01  231.5  3.00  233.0  2.94  1918  1977 1.000  36.8   3666 6019
24.04.2023 10:24:19  *01n 20 100TL 4  524.1  2.51  1319  550.9  1.27   701  231.3  2.99  231.9  2.98  233.3  2.93  2021  1989 1.000  36.8   3677 5010
24.04.2023 10:24:39  *01n 20 100TL 4  518.0  2.53  1313  550.5  1.26   694  231.2  2.98  231.7  2.94  233.1  2.95  2008  1988 1.000  36.8   3688 1A3C
24.04.2023 10:24:59  *01n 20 100TL 4  520.1  2.42  1261  544.9  1.17   640  230.9  2.95  231.5  2.96  232.7  2.90  1902  1960 1.000  36.8   3699 E69A
24.04.2023 10:25:19  *01n 20 100TL 4  520.9  2.46  1283  544.4  1.24   677  230.5  2.94  231.1  2.92  232.4  2.92  1960  1933 1.000  36.8   3710 D18B
24.04.2023 10:25:39  *01n 20 100TL 4  520.1  2.40  1254  544.6  1.17   640  230.9  2.91  231.4  2.90  232.9  2.88  1895  1887 1.000  36.8   3720 70FD
24.04.2023 10:25:59  *01n 20 100TL 4  519.4  2.17  1130  542.5  1.14   621  230.8  2.76  231.3  2.75  232.7  2.71  1751  1821 1.000  36.8   3731 211D
24.04.2023 10:26:19  *01n 20 100TL 4  519.9  2.19  1142  546.1  1.06   579  230.7  2.67  231.2  2.64  232.6  2.62  1722  1771 1.000  36.8   3741 7106
24.04.2023 10:26:39  *01n 20 100TL 4  519.5  2.19  1138  546.4  1.10   601  230.8  2.63  231.3  2.61  232.9  2.58  1739  1721 1.000  36.8   3751 3B44
24.04.2023 10:26:59  *01n 20 100TL 4  519.2  2.20  1142  539.8  1.07   579  230.7  2.43  231.2  2.41  232.6  2.37  1722  1669 1.000  36.8   3760 0352
24.04.2023 10:27:19  *01n 20 100TL 4  518.7  2.10  1094  543.4  0.99   543  230.8  2.34  231.1  2.33  232.7  2.30  1637  1602 1.000  36.8   3769 7A0B
24.04.2023 10:27:40  *01n 20 100TL 4  518.9  1.95  1013  543.3  0.98   537  230.5  2.38  231.1  2.36  232.3  2.34  1550  1544 1.000  36.8   3778 C66B
24.04.2023 10:28:00  *01n 20 100TL 4  518.6  1.98  1026  543.2  0.93   509  230.4  2.42  231.1  2.41  232.5  2.38  1536  1498 1.000  36.8   3786 478D
24.04.2023 10:28:20  *01n 20 100TL 4  508.5  2.01  1023  543.1  0.98   535  230.6  2.32  231.2  2.31  232.6  2.26  1559  1477 1.000  36.8   3795 101D
24.04.2023 10:28:40  *01n 20 100TL 4  518.5  1.91   996  542.6  0.88   480  230.5  2.39  231.0  2.37  232.5  2.33  1477  1507 1.000  36.8   3803 D47D
24.04.2023 10:29:00  *01n 20 100TL 4  507.8  1.91   973  542.3  0.93   505  230.6  2.47  230.8  2.46  232.2  2.43  1478  1533 1.000  36.8   3812 F009
24.04.2023 10:29:20  *01n 20 100TL 4  517.8  2.06  1068  542.1  0.95   515  230.3  2.27  230.8  2.24  232.3  2.23  1583  1521 1.000  36.8   3820 50EC
24.04.2023 10:29:40  *01n 20 100TL 4  526.5  1.85   978  542.2  0.92   500  230.2  2.34  230.7  2.33  232.0  2.31  1478  1461 1.000  36.8   3828 B299
24.04.2023 10:30:00  *01n 20 100TL 4  518.9  1.77   917  541.4  0.79   430  230.4  2.16  230.8  2.15  232.1  2.10  1347  1397 1.000  36.8   3836 E9B7
24.04.2023 10:30:20  *01n 20 100TL 4  515.8  1.68   871  541.8  0.76   416  230.4  2.18  231.0  2.16  232.2  2.15  1287  1342 1.000  36.8   3844 6C2C
24.04.2023 10:30:40  *01n 20 100TL 4  516.3  1.58   816  541.4  0.71   384  230.5  1.94  230.7  1.91  232.2  1.91  1200  1260 1.000  36.8   3851 2DB1
24.04.2023 10:31:00  *01n 20 100TL 4  516.1  1.66   862  541.4  0.71   390  230.3  1.86  231.0  1.84  232.1  1.83  1252  1162 1.000  36.8   3858 9954
24.04.2023 10:31:20  *01n 20 100TL 4  516.4  1.41   729  541.1  0.60   326  230.2  1.66  230.8  1.65  231.8  1.63  1055  1046 1.000  36.8   3864 ACBB
24.04.2023 10:31:40  *01n 20 100TL 4  512.2  1.36   700  542.5  0.55   302  230.0  1.59  230.5  1.56  231.5  1.53  1002   965 1.000  36.8   3870 E908
24.04.2023 10:32:00  *01n 20 100TL 4  511.0  1.22   624  531.6  0.54   292  229.5  1.66  230.0  1.63  231.1  1.61   917   926 1.000  36.8   3875 8A2C
24.04.2023 10:32:20  *01n 20 100TL 4  501.2  1.29   650  539.0  0.51   276  229.7  1.45  230.3  1.42  231.3  1.42   926   927 1.000  36.9   3880 CCB3
24.04.2023 10:32:40  *01n 20 100TL 4  511.3  1.40   720  530.8  0.63   335  230.0  1.62  230.8  1.59  231.9  1.56  1055   978 1.000  36.8   3885 C126
24.04.2023 10:33:00  *01n 20 100TL 4  521.6  1.39   727  530.2  0.59   317  230.1  1.75  230.7  1.73  231.7  1.72  1045  1034 1.000  36.8   3891 3AB9
24.04.2023 10:33:21  *01n 20 100TL 4  501.3  1.55   778  529.7  0.69   367  230.2  1.79  230.8  1.76  231.7  1.73  1145  1094 1.000  36.8   3897 D4ED
24.04.2023 10:33:41  *01n 20 100TL 4  518.1  1.56   811  538.3  0.66   358  229.8  1.88  230.4  1.87  231.6  1.85  1170  1153 1.000  36.8   3903 DA5A
24.04.2023 10:34:01  *01n 20 100TL 4  519.8  1.56   814  544.2  0.66   364  229.6  1.91  230.3  1.88  231.5  1.87  1179  1182 1.000  36.8   3909 221D
24.04.2023 10:34:21  *01n 20 100TL 4  509.4  1.61   819  533.1  0.70   376  229.9  1.98  230.6  1.93  231.8  1.96  1196  1213 1.000  36.8   3916 B79C
24.04.2023 10:34:41  *01n 20 100TL 4  519.3  1.54   802  533.1  0.68   364  230.2  2.06  230.8  2.05  232.0  2.02  1167  1225 1.000  36.9   3923 3208
24.04.2023 10:35:01  *01n 20 100TL 4  509.0  1.58   805  543.3  0.69   378  230.3  1.93  230.7  1.91  232.0  1.88  1184  1216 1.000  36.8   3930 CF41
24.04.2023 10:35:21  *01n 20 100TL 4  518.7  1.70   886  542.8  0.75   415  229.5  1.99  230.2  1.97  231.2  1.95  1301  1219 1.000  36.9   3937 6061
24.04.2023 10:35:41  *01n 20 100TL 4  518.5  1.51   784  542.0  0.68   367  230.4  1.95  231.0  1.95  232.2  1.91  1152  1219 1.000  36.8   3944 C2F8
24.04.2023 10:36:01  *01n 20 100TL 4  508.0  1.78   907  533.0  0.75   402  230.1  1.93  230.8  1.92  231.9  1.87  1310  1216 1.000  36.9   3950 E929
24.04.2023 10:36:21  *01n 20 100TL 4  507.8  1.74   888  531.5  0.80   427  230.0  1.99  230.8  1.98  231.9  1.96  1315  1225 1.000  36.9   3957 FBCA
24.04.2023 10:36:41  *01n 20 100TL 4  518.1  1.65   856  541.8  0.70   384  229.8  2.05  230.4  2.04  231.4  2.02  1240  1239 1.000  36.8   3964 FC33
24.04.2023 10:37:01  *01n 20 100TL 4  517.7  1.62   843  531.1  0.74   398  230.1  1.95  230.5  1.93  231.8  1.89  1242  1228 1.000  36.9   3971 35BF
24.04.2023 10:37:21  *01n 20 100TL 4  507.3  1.64   833  552.2  0.69   384  230.3  1.91  230.7  1.92  231.9  1.87  1217  1199 1.000  36.8   3978 9A06
24.04.2023 10:37:41  *01n 20 100TL 4  507.2  1.54   782  540.9  0.68   372  230.1  1.87  231.0  1.86  232.0  1.81  1155  1156 1.000  36.9   3984 E2BB
24.04.2023 10:38:01  *01n 20 100TL 4  507.0  1.58   804  540.9  0.70   381  230.2  1.67  231.2  1.65  232.3  1.64  1185  1101 1.000  36.9   3990 97E5
24.04.2023 10:38:21  *01n 20 100TL 4  516.5  1.35   701  540.8  0.62   337  230.3  1.84  230.8  1.83  232.1  1.81  1039  1081 1.000  36.8   3997 010A
24.04.2023 10:38:41  *01n 20 100TL 4  519.6  1.41   737  530.4  0.68   360  230.1  1.70  231.0  1.67  232.2  1.66  1097  1081 1.000  36.9   4002 084A
24.04.2023 10:39:01  *01n 20 100TL 4  508.6  1.61   819  541.6  0.67   364  229.9  1.74  230.5  1.72  231.8  1.70  1184  1087 1.000  36.8   4009 4663
24.04.2023 10:39:21  *01n 20 100TL 4  513.5  1.38   714  539.1  0.65   354  229.6  1.76  230.3  1.73  231.5  1.71  1068  1075 1.000  36.8   4015 E567
24.04.2023 10:39:42  *01n 20 100TL 4  513.7  1.41   724  529.6  0.62   329  229.9  1.75  229.9  1.73  231.7  1.72  1054  1062 1.000  36.9   4020 44AA
24.04.2023 10:40:02  *01n 20 100TL 4  507.1  1.43   724  539.0  0.67   364  229.5  1.81  230.2  1.80  231.3  1.78  1089  1066 1.000  36.8   4027 2404
24.04.2023 10:40:22  *01n 20 100TL 4  513.3  1.41   729  540.1  0.62   334  230.0  1.84  230.5  1.82  231.7  1.82  1063  1075 1.000  36.8   4033 0677
24.04.2023 10:40:42  *01n 20 100TL 4  516.7  1.43   744  539.9  0.68   369  229.7  1.77  230.4  1.74  231.4  1.72  1113  1086 1.000  36.8   4039 B950
24.04.2023 10:41:02  *01n 20 100TL 4  509.6  1.49   762  533.3  0.71   383  229.7  1.83  230.6  1.81  231.6  1.80  1145  1092 1.000  36.8   4044 5069
24.04.2023 10:41:22  *01n 20 100TL 4  509.5  1.50   766  532.9  0.67   358  229.7  1.79  230.3  1.78  231.4  1.74  1124  1110 1.000  36.8   4050 2019
24.04.2023 10:41:42  *01n 20 100TL 4  509.2  1.49   761  543.4  0.70   383  229.5  1.85  230.3  1.84  231.5  1.84  1144  1149 1.000  36.8   4057 1E75
24.04.2023 10:42:02  *01n 20 100TL 4  508.7  1.69   859  543.2  0.75   407  229.6  1.90  230.3  1.87  231.5  1.84  1266  1181 1.000  36.8   4064 C9F7
24.04.2023 10:42:22  *01n 20 100TL 4  508.3  1.63   831  553.7  0.74   410  229.8  1.86  230.3  1.83  231.4  1.83  1242  1223 1.000  36.8   4070 777A
24.04.2023 10:42:42  *01n 20 100TL 4  529.0  1.65   874  531.9  0.76   405  230.0  2.06  230.4  2.03  231.3  2.03  1280  1266 1.000  36.8   4077 24CC
24.04.2023 10:43:02  *01n 20 100TL 4  528.6  1.74   921  553.2  0.84   466  230.0  2.10  230.4  2.06  231.4  2.02  1388  1312 1.000  36.9   4084 9BFE
24.04.2023 10:43:22  *01n 20 100TL 4  508.2  1.79   912  552.1  0.79   442  229.9  1.98  230.4  1.94  231.5  1.92  1355  1339 1.000  36.8   4092 4561
24.04.2023 10:43:42  *01n 20 100TL 4  508.4  1.80   914  542.1  0.87   473  229.8  2.12  230.6  2.09  231.7  2.08  1387  1379 1.000  36.8   4099 2C20
24.04.2023 10:44:02  *01n 20 100TL 4  526.9  1.72   907  540.6  0.83   451  230.2  2.23  230.3  2.21  231.6  2.17  1359  1416 1.000  36.8   4107 B2A8
24.04.2023 10:44:22  *01n 20 100TL 4  516.4  2.01  1037  551.6  0.91   506  230.1  2.28  230.8  2.25  231.8  2.26  1544  1464 1.000  36.8   4115 FE0D
24.04.2023 10:44:42  *01n 20 100TL 4  536.3  1.87  1007  540.1  0.95   515  230.6  2.29  230.8  2.27  231.9  2.24  1522  1487 1.000  36.8   4123 386B
24.04.2023 10:45:02  *01n 20 100TL 4  526.0  1.87   984  550.8  0.88   491  230.4  2.46  230.9  2.45  232.0  2.43  1475  1524 1.000  36.8   4132 ABF3
24.04.2023 10:45:23  *01n 20 100TL 4  535.7  2.01  1078  539.7  1.00   541  230.3  2.35  230.8  2.35  232.3  2.32  1620  1524 1.000  36.8   4140 DC23
24.04.2023 10:45:42  *01n 20 100TL 4  531.3  1.95  1037  545.4  0.93   512  230.3  2.43  230.9  2.41  232.2  2.40  1550  1539 1.000  36.8   4149 9BB9
24.04.2023 10:46:03  *01n 20 100TL 4  531.0  1.93  1029  546.4  0.99   543  230.9  2.29  230.4  2.26  232.6  2.25  1573  1536 1.000  36.8   4157 1743
24.04.2023 10:46:23  *01n 20 100TL 4  520.3  2.04  1063  553.6  0.94   523  230.5  2.50  231.2  2.48  232.3  2.46  1586  1567 1.000  36.8   4166 1350
24.04.2023 10:46:43  *01n 20 100TL 4  530.6  1.93  1025  541.1  0.98   535  230.8  2.48  231.1  2.47  232.3  2.42  1560  1611 1.000  36.8   4175 861D
24.04.2023 10:47:03  *01n 20 100TL 4  530.0  2.23  1185  546.8  1.06   581  230.6  2.48  231.0  2.44  232.3  2.43  1766  1675 1.000  36.8   4184 2DD8
24.04.2023 10:47:23  *01n 20 100TL 4  530.0  2.18  1156  552.2  1.08   598  231.0  2.63  231.3  2.62  232.6  2.56  1754  1719 1.000  36.9   4193 02C7
24.04.2023 10:47:43  *01n 20 100TL 4  528.6  2.36  1251  546.2  1.13   619  230.8  2.79  231.4  2.77  232.7  2.74  1870  1766 1.000  36.8   4203 3DE7
24.04.2023 10:48:03  *01n 20 100TL 4  518.8  2.36  1225  543.3  1.11   607  230.9  2.84  231.5  2.83  232.8  2.81  1832  1826 1.000  36.8   4212 5CC1
24.04.2023 10:48:23  *01n 20 100TL 4  538.6  2.34  1261  564.3  1.19   672  231.1  2.92  231.7  2.91  232.8  2.89  1934  1884 1.000  36.8   4223 1386
24.04.2023 10:48:43  *01n 20 100TL 4  538.6  2.47  1332  553.5  1.21   672  231.2  2.95  231.9  2.96  232.9  2.90  2005  1971 1.000  36.8   4234 709A
24.04.2023 10:49:03  *01n 20 100TL 4  538.1  2.58  1393  542.0  1.37   743  231.0  3.00  232.1  2.99  233.1  2.98  2136  2050 1.000  36.8   4245 0113
24.04.2023 10:49:23  *01n 20 100TL 4  536.0  2.55  1367  552.2  1.26   701  231.4  3.19  231.7  3.19  233.2  3.14  2069  2128 1.000  36.8   4257 627F
24.04.2023 10:49:43  *01n 20 100TL 4  528.2  2.72  1440  552.2  1.41   779  231.1  3.14  231.9  3.14  233.0  3.10  2220  2192 1.000  36.9   4269 8B08
24.04.2023 10:50:03  *01n 20 100TL 4  521.1  2.76  1438  552.3  1.35   749  231.1  3.30  231.8  3.30  232.9  3.26  2180  2221 1.000  36.9   4282 6FE4
24.04.2023 10:50:23  *01n 20 100TL 4  523.5  2.67  1400  551.9  1.35   750  231.5  3.28  231.0  3.28  232.4  3.22  2151  2200 1.000  36.9   4294 CC58
24.04.2023 10:50:43  *01n 20 100TL 4  523.0  2.65  1387  550.5  1.31   723  230.9  3.19  231.4  3.20  232.6  3.14  2110  2149 1.000  36.9   4306 D5A8
24.04.2023 10:51:03  *01n 20 100TL 4  520.2  2.56  1333  549.8  1.27   701  230.7  3.24  231.0  3.22  232.4  3.21  2035  2096 1.000  36.9   4317 C150
24.04.2023 10:51:23  *01n 20 100TL 4  528.8  2.54  1345  550.2  1.29   712  230.6  3.09  231.1  3.05  232.4  3.04  2058  2040 1.000  36.9   4329 F6E9
24.04.2023 10:51:44  *01n 20 100TL 4  528.4  2.50  1322  552.1  1.26   700  230.6  2.87  231.4  2.85  232.5  2.83  2023  2000 1.000  36.9   4341 A10A
24.04.2023 10:52:04  *01n 20 100TL 4  539.1  2.49  1347  550.2  1.31   723  230.7  3.07  231.4  3.05  232.5  3.03  2070  1989 1.000  36.9   4352 5E42
24.04.2023 10:52:24  *01n 20 100TL 4  534.5  2.44  1306  543.0  1.22   663  230.8  3.05  231.4  3.02  232.2  2.99  1969  2014 1.000  36.9   4362 C73C
24.04.2023 10:52:44  *01n 20 100TL 4  534.4  2.66  1425  546.7  1.38   759  231.1  3.11  231.1  3.12  232.7  3.07  2185  2078 1.000  36.9   4374 EA97
24.04.2023 10:53:04  *01n 20 100TL 4  526.3  2.84  1498  558.7  1.38   772  231.2  3.19  231.9  3.17  233.0  3.17  2270  2182 1.000  36.9   4385 A7E6
24.04.2023 10:53:24  *01n 20 100TL 4  520.2  2.87  1495  548.6  1.47   807  230.9  3.42  231.7  3.42  232.7  3.36  2302  2293 1.000  36.9   4398 E3D1
24.04.2023 10:53:44  *01n 20 100TL 4  525.0  3.12  1640  557.7  1.54   860  231.2  3.73  232.0  3.71  232.8  3.69  2500  2458 1.000  36.9   4412 0ECC
24.04.2023 10:54:04  *01n 20 100TL 4  529.1  3.32  1760  559.3  1.71   961  231.4  3.71  232.0  3.69  233.1  3.65  2722  2601 1.000  36.9   4426 9B30
24.04.2023 10:54:24  *01n 20 100TL 4  513.5  3.43  1763  560.7  1.71   959  231.5  3.97  231.8  3.94  233.2  3.95  2723  2694 0.999c  36.9   4440 8315
24.04.2023 10:54:44  *01n 20 100TL 4  510.0  3.48  1779  553.4  1.74   968  231.3  3.93  231.7  3.91  233.0  3.92  2748  2691 1.000  36.9   4455 0214
24.04.2023 10:55:04  *01n 20 100TL 4  525.7  3.30  1739  555.4  1.77   982  231.2  4.09  231.8  4.08  232.8  4.05  2722  2688 1.000  36.9   4470 9068
24.04.2023 10:55:24  *01n 20 100TL 4  534.7  3.31  1773  548.7  1.73   950  231.3  3.79  231.2  3.77  233.2  3.76  2723  2647 1.000  37.0   4485 8EDB
24.04.2023 10:55:44  *01n 20 100TL 4  534.0  3.14  1681  547.9  1.73   950  231.0  3.85  231.9  3.83  232.9  3.83  2632  2601 1.000  36.9   4500 A30A
24.04.2023 10:56:04  *01n 20 100TL 4  533.4  3.15  1684  548.0  1.65   909  231.2  3.73  231.9  3.73  232.7  3.68  2594  2508 1.000  37.0   4514 89B2
24.04.2023 10:56:24  *01n 20 100TL 4  532.5  2.91  1554  548.1  1.60   881  230.7  3.59  231.7  3.58  232.3  3.54  2436  2417 1.000  37.0   4528 2FF6
24.04.2023 10:56:44  *01n 20 100TL 4  533.2  2.78  1486  546.9  1.46   799  230.9  3.54  231.7  3.51  232.5  3.51  2285  2345 1.000  37.0   4542 5AC4
24.04.2023 10:57:04  *01n 20 100TL 4  535.7  2.78  1487  551.2  1.46   805  230.5  3.27  231.4  3.26  232.4  3.24  2293  2273 1.000  37.0   4554 FC9D
24.04.2023 10:57:24  *01n 20 100TL 4  536.3  2.79  1499  548.6  1.53   842  230.6  3.36  231.4  3.36  232.3  3.32  2342  2253 1.000  37.0   4566 6B2C
24.04.2023 10:57:44  *01n 20 100TL 4  539.2  2.74  1483  546.6  1.49   816  230.5  3.48  231.5  3.46  232.5  3.44  2299  2273 1.000  37.0   4579 5813
24.04.2023 10:58:04  *01n 20 100TL 4  523.6  2.88  1512  555.0  1.54   857  231.4  3.44  231.4  3.43  232.0  3.42  2369  2327 1.000  37.0   4592 EA6F
24.04.2023 10:58:25  *01n 20 100TL 4  521.4  3.05  1591  546.6  1.58   866  231.4  3.57  232.3  3.54  233.1  3.54  2458  2415 1.000  37.0   4605 EB86
24.04.2023 10:58:45  *01n 20 100TL 4  528.2  3.10  1635  535.5  1.73   929  230.9  3.72  231.7  3.70  232.6  3.69  2565  2529 1.000  37.0   4619 5B56
24.04.2023 10:59:05  *01n 20 100TL 4  536.8  3.45  1853  551.1  1.98  1092  230.8  4.37  231.9  4.37  232.7  4.35  2946  2890 1.000  37.0   4633 5E4E
24.04.2023 10:59:25  *01n 20 100TL 4  518.9  3.73  1936  534.5  2.24  1199  231.2  4.45  231.5  4.44  232.9  4.43  3135  3097 1.000  37.0   4653 74A1
24.04.2023 10:59:45  *01n 20 100TL 4  519.5  3.50  1818  538.2  1.97  1065  231.5  4.28  231.4  4.27  232.9  4.25  2883  2850 1.000  37.0   4669 ADDD
24.04.2023 11:00:05  *01n 20 100TL 4  516.6  3.79  1960  528.2  2.39  1264  231.4  4.54  232.3  4.51  233.0  4.50  3225  3218 1.000  37.0   4687 F4F0
24.04.2023 11:00:25  *01n 20 100TL 4  525.2  3.33  1750  528.4  2.09  1107  231.0  4.27  231.8  4.25  232.5  4.24  2858  2917 1.000  37.0   4704 82A1
24.04.2023 11:00:45  *01n 20 100TL 4  527.5  4.09  2159  560.4  2.77  1554  230.6  5.26  231.5  5.25  232.1  5.24  3714  3596 1.000  37.1   4720 B422
24.04.2023 11:01:05  *01n 20 100TL 4  534.7  4.77  2552  558.4  3.97  2224  231.0  6.93  231.6  6.93  232.4  6.90  4777  4730 1.000  37.1   4743 A795
24.04.2023 11:01:25  *01n 20 100TL 4  533.2  3.98  2124  558.7  2.97  1660  231.2  5.49  232.0  5.48  232.9  5.45  3784  3860 1.000  37.1   4763 1FF5
24.04.2023 11:01:45  *01n 20 100TL 4  546.7  3.60  1972  547.6  3.17  1741  231.3  5.39  231.9  5.38  232.7  5.35  3714  3622 1.000  37.1   4783 F24F
24.04.2023 11:02:05  *01n 20 100TL 4  554.1  3.12  1730  550.8  2.54  1403  231.3  4.54  232.0  4.52  232.7  4.51  3134  3083 1.000  37.1   4803 9E94
24.04.2023 11:02:25  *01n 20 100TL 4  564.9  3.13  1768  555.7  2.92  1623  231.3  4.73  232.1  4.72  232.7  4.70  3392  3419 1.000  37.1   4823 08D0
24.04.2023 11:02:45  *01n 20 100TL 4  568.0  2.19  1245  562.8  1.82  1029  231.2  3.31  232.1  3.28  232.8  3.28  2275  2270 1.000  37.1   4838 D922
24.04.2023 11:03:05  *01n 20 100TL 4  555.6  3.04  1692  530.1  2.15  1141  231.5  3.90  232.3  3.88  233.2  3.86  2833  2720 1.000  37.1   4852 A7F2
24.04.2023 11:03:25  *01n 20 100TL 4  562.5  3.33  1876  539.5  2.91  1574  231.3  5.01  232.4  5.01  233.2  4.97  3451  3517 1.000  37.1   4876 E4E1
24.04.2023 11:03:45  *01n 20 100TL 4  564.1  3.76  2122  555.5  3.86  2143  231.6  6.05  232.2  6.06  233.1  6.01  4266  4220 1.000  37.2   4895 3AFB
24.04.2023 11:04:05  *01n 20 100TL 4  571.4  3.79  2171  558.4  5.05  2825  231.8  7.29  232.6  7.30  233.4  7.24  4997  5027 1.000  37.2   4919 44DA
24.04.2023 11:04:25  *01n 20 100TL 4  565.3  3.65  2069  563.6  3.33  1879  231.7  5.71  232.8  5.70  233.4  5.69  3949  3974 1.000  37.2   4942 4673
24.04.2023 11:04:46  *01n 20 100TL 4  562.3  3.13  1762  582.2  2.47  1443  231.7  4.76  232.2  4.78  233.4  4.72  3205  3247 1.000  37.2   4961 9E2E
24.04.2023 11:05:05  *01n 20 100TL 4  554.9  4.93  2737  595.9  3.72  2223  232.6  6.91  232.4  6.89  233.5  6.88  4960  4899 1.000  37.2   4987 E851
24.04.2023 11:05:26  *01n 20 100TL 4  567.4  2.89  1646  591.2  2.60  1538  232.4  4.62  233.3  4.61  233.9  4.59  3184  3239 1.000  37.2   5007 14A2
24.04.2023 11:05:46  *01n 20 100TL 4  563.0  3.82  2154  588.4  4.14  2438  233.0  6.42  233.9  6.41  234.4  6.37  4592  4576 1.000  37.2   5027 8CD8
24.04.2023 11:06:06  *01n 20 100TL 4  562.1  3.36  1890  585.3  4.01  2346  232.5  6.17  233.4  6.17  234.1  6.12  4237  4274 1.000  37.2   5051 5281
24.04.2023 11:06:26  *01n 20 100TL 4  557.0  3.64  2029  571.9  4.46  2555  232.0  6.54  232.9  6.53  233.8  6.52  4585  4452 1.000  37.3   5076 C0BF
24.04.2023 11:06:46  *01n 20 100TL 4  543.4  4.16  2261  551.9  3.95  2182  232.1  6.32  232.9  6.32  233.6  6.28  4443  4406 1.000  37.3   5101 0E4B
24.04.2023 11:07:06  *01n 20 100TL 4  544.8  2.84  1548  564.1  2.23  1261  231.5  4.03  232.4  4.03  233.3  4.02  2810  2812 1.000  37.3   5120 FF80
24.04.2023 11:07:26  *01n 20 100TL 4  541.0  3.10  1681  558.6  2.89  1618  232.2  4.70  232.8  4.68  233.6  4.68  3300  3230 1.000  37.3   5137 50DE
24.04.2023 11:07:46  *01n 20 100TL 4  542.2  3.49  1895  568.9  3.32  1892  232.5  5.47  232.2  5.48  233.4  5.42  3787  3682 1.000  37.3   5156 931E
24.04.2023 11:08:06  *01n 20 100TL 4  550.9  3.78  2084  571.1  4.06  2319  232.0  6.19  232.7  6.18  233.5  6.17  4403  4385 1.000  37.4   5175 35F8
24.04.2023 11:08:26  *01n 20 100TL 4  553.9  3.15  1748  562.9  3.29  1857  231.9  5.31  232.5  5.31  233.6  5.25  3605  3593 1.000  37.4   5197 E953
24.04.2023 11:08:46  *01n 20 100TL 4  562.7  3.10  1751  547.2  4.09  2240  232.2  5.59  233.0  5.58  233.9  5.55  3991  3912 1.000  37.4   5218 4094
24.04.2023 11:09:06  *01n 20 100TL 4  552.5  3.44  1904  537.4  4.52  2433  232.1  6.28  232.7  6.26  233.8  6.25  4338  4284 1.000  37.4   5242 26BD
24.04.2023 11:09:26  *01n 20 100TL 4  550.2  2.97  1635  534.4  3.06  1637  231.8  4.79  232.4  4.77  233.3  4.74  3273  3312 1.000  37.4   5264 D40A
24.04.2023 11:09:46  *01n 20 100TL 4  554.3  3.30  1832  544.1  4.02  2189  232.3  5.83  232.7  5.84  233.6  5.78  4022  3994 1.000  37.5   5283 667C
24.04.2023 11:10:06  *01n 20 100TL 4  552.9  3.08  1702  555.4  4.37  2429  232.0  6.01  232.8  6.03  233.7  5.98  4132  4147 1.000  37.5   5306 0BBD
24.04.2023 11:10:26  *01n 20 100TL 4  539.2  4.74  2557  545.6  4.71  2571  231.6  7.42  232.5  7.40  233.3  7.40  5128  5032 1.000  37.5   5330 23C6
24.04.2023 11:10:46  *01n 20 100TL 4  530.3  4.17  2214  538.5  4.43  2389  231.9  6.66  232.6  6.65  233.4  6.64  4603  4536 1.000  37.5   5356 EC05
24.04.2023 11:11:07  *01n 20 100TL 4  523.2  4.89  2558  549.9  4.55  2505  231.9  7.34  232.7  7.33  233.4  7.32  5064  5055 1.000  37.5   5383 A079
24.04.2023 11:11:27  *01n 20 100TL 4  528.6  5.52  2923  537.1  4.73  2545  232.0  7.60  232.8  7.59  233.6  7.57  5468  5333 1.000  37.6   5411 F0C9
24.04.2023 11:11:47  *01n 20 100TL 4  521.9  5.33  2781  525.6  4.22  2221  231.8  7.18  232.7  7.20  233.3  7.14  5003  5021 1.000  37.6   5441 F2E5
24.04.2023 11:12:07  *01n 20 100TL 4  531.3  4.74  2522  539.6  4.40  2377  232.3  6.81  232.2  6.81  232.7  6.77  4899  4765 1.000  37.6   5469 9CB9
24.04.2023 11:12:27  *01n 20 100TL 4  531.7  3.29  1750  544.7  3.01  1644  231.3  5.05  232.4  5.05  233.1  5.02  3395  3418 1.000  37.6   5492 6364
24.04.2023 11:12:47  *01n 20 100TL 4  527.3  3.76  1983  548.8  3.28  1806  231.9  5.36  233.0  5.34  233.4  5.32  3790  3685 1.000  37.7   5513 F278
24.04.2023 11:13:07  *01n 20 100TL 4  523.1  4.27  2238  537.2  3.36  1809  231.3  5.82  232.3  5.83  233.0  5.78  4048  4092 1.000  37.7   5533 F3E4
24.04.2023 11:13:27  *01n 20 100TL 4  536.8  2.80  1504  554.4  2.55  1416  231.1  4.16  232.2  4.15  232.8  4.11  2920  2792 1.000  37.7   5556 8B3E
24.04.2023 11:13:47  *01n 20 100TL 4  536.9  2.28  1226  542.4  1.82   990  231.1  3.29  232.2  3.28  232.9  3.27  2217  2160 1.000  37.7   5569 45AA
24.04.2023 11:14:07  *01n 20 100TL 4  552.4  2.10  1165  550.6  2.51  1387  231.2  3.80  232.1  3.77  233.0  3.77  2552  2655 1.000  37.7   5586 EF6D
24.04.2023 11:14:27  *01n 20 100TL 4  540.7  3.34  1806  574.3  2.50  1438  231.5  4.87  232.6  4.85  233.0  4.85  3245  3282 1.000  37.8   5601 3AEE
24.04.2023 11:14:47  *01n 20 100TL 4  521.3  3.91  2043  558.9  2.66  1492  231.9  5.08  232.2  5.06  233.2  5.05  3535  3543 1.000  37.8   5618 3A90
24.04.2023 11:15:07  *01n 20 100TL 4  527.0  2.70  1423  577.0  1.64   949  231.6  3.32  232.5  3.30  233.1  3.27  2372  2336 1.000  37.8   5635 E24C
24.04.2023 11:15:27  *01n 20 100TL 4  518.7  2.82  1467  565.3  1.86  1052  232.2  3.69  232.7  3.70  233.1  3.64  2520  2468 1.000  37.8   5649 9EA1
24.04.2023 11:15:47  *01n 20 100TL 4  516.5  4.92  2545  577.7  2.44  1412  232.5  5.54  233.8  5.54  233.6  5.52  3958  3947 1.000  37.9   5665 F641
24.04.2023 11:16:07  *01n 20 100TL 4  520.9  4.32  2252  568.2  2.57  1466  233.0  5.35  233.4  5.33  232.8  5.32  3718  3753 1.000  37.9   5687 1CB4
24.04.2023 11:16:27  *01n 20 100TL 4  519.1  4.95  2571  575.0  2.78  1597  233.1  5.86  233.8  5.85  233.8  5.84  4168  4127 1.000  37.9   5712 4EFC
24.04.2023 11:16:47  *01n 20 100TL 4  517.0  4.66  2410  577.8  2.38  1377  233.2  5.45  234.3  5.45  234.0  5.42  3788  3747 1.000  37.9   5736 DA22
24.04.2023 11:17:07  *01n 20 100TL 4  507.1  7.59  3854  573.0  3.65  2096  233.7  8.52  234.5  8.52  234.3  8.49  5951  5891 1.000  38.0   5765 BF95
24.04.2023 11:17:28  *01n 20 100TL 4  498.6  8.05  4019  568.6  3.67  2090  233.7  8.64  234.8  8.65  234.5  8.62  6109  5960 1.000  38.0   5796 6C50
24.04.2023 11:17:48  *01n 20 100TL 4  482.8  8.66  4182  557.2  3.85  2149  233.5  9.03  234.2  9.04  235.0  8.99  6332  6269 1.000  38.0   5830 E498
24.04.2023 11:18:08  *01n 20 100TL 4  472.5  9.06  4283  540.2  4.35  2352  233.6  9.14  234.6  9.14  235.0  9.11  6636  6468 1.000  38.0   5865 6AE4
24.04.2023 11:18:28  *01n 20 100TL 4  466.4  8.98  4190  517.9  4.51  2336  231.7  9.30  235.5  9.32  235.6  9.27  6526  6500 1.000  38.0   5903 4E9C
24.04.2023 11:18:48  *01n 20 100TL 4  438.1  7.66  3360  502.6  3.90  1962  233.2  7.37  234.3  7.36  234.7  7.35  5322  5415 1.000  38.1   5939 066E
24.04.2023 11:19:08  *01n 20 100TL 4  466.6  9.00  4199  517.6  4.55  2360  233.7  9.26  234.5  9.24  235.1  9.26  6559  6420 1.000  38.1   5973 CC7C
24.04.2023 11:19:28  *01n 20 100TL 4  463.8  8.98  4168  508.7  4.71  2400  233.8  9.05  234.9  9.04  235.4  9.03  6569  6384 1.000  38.1   6008 2C2E
24.04.2023 11:19:48  *01n 20 100TL 4  491.9  7.36  3622  515.0  4.38  2259  233.7  8.31  234.8  8.33  235.3  8.28  5882  5639 1.000  38.2   6039 0E43
24.04.2023 11:20:08  *01n 20 100TL 4  466.8  8.84  4126  513.0  4.48  2299  233.5  8.98  234.7  8.99  235.1  8.95  6425  6387 1.000  38.2   6075 A2EF
24.04.2023 11:20:28  *01n 20 100TL 4  470.4  8.70  4093  517.8  4.48  2323  233.6  9.12  234.7  9.11  235.2  9.11  6417  6324 1.000  38.2   6110 E2D4
24.04.2023 11:20:48  *01n 20 100TL 4  471.7  8.78  4144  523.1  4.36  2284  233.8  9.12  234.8  9.13  235.3  9.10  6428  6315 1.000  38.3   6142 687E
24.04.2023 11:21:08  *01n 20 100TL 4  461.5  8.98  4147  507.1  4.62  2348  233.9  8.99  234.7  8.98  235.3  8.96  6495  6346 1.000  38.3   6177 51A9
24.04.2023 11:21:28  *01n 20 100TL 4  461.2  8.96  4136  506.9  4.52  2294  233.6  9.25  234.6  9.26  235.2  9.23  6431  6401 1.000  38.3   6212 FE4F
24.04.2023 11:21:48  *01n 20 100TL 4  464.3  8.99  4174  512.8  4.47  2296  233.9  9.09  234.7  9.08  235.3  9.06  6471  6422 1.000  38.4   6248 4445
24.04.2023 11:22:08  *01n 20 100TL 4  470.3  8.56  4028  501.8  4.58  2299  233.5  9.07  234.8  9.07  235.2  9.07  6327  6309 1.000  38.4   6283 0AC5
24.04.2023 11:22:28  *01n 20 100TL 4  466.6  8.90  4156  507.1  4.50  2284  233.8  9.00  234.9  9.01  235.4  8.99  6440  6356 1.000  38.4   6317 BBA0
24.04.2023 11:22:48  *01n 20 100TL 4  476.9  7.00  3338  512.2  4.02  2061  234.0  7.80  234.5  7.81  235.2  7.74  5400  5325 1.000  38.5   6351 AEDF
24.04.2023 11:23:08  *01n 20 100TL 4  487.6  8.20  4003  501.9  4.56  2291  233.9  8.88  234.8  8.89  235.4  8.88  6295  6155 1.000  38.5   6385 7FEC
24.04.2023 11:23:28  *01n 20 100TL 4  479.2  8.87  4251  506.6  4.61  2337  233.8  9.36  234.8  9.37  235.3  9.34  6588  6494 1.000  38.6   6422 A588
24.04.2023 11:23:48  *01n 20 100TL 4  482.6  8.78  4238  507.4  4.76  2421  233.8  9.43  234.8  9.43  235.4  9.43  6660  6619 1.000  38.6   6457 4080
24.04.2023 11:24:08  *01n 20 100TL 4  494.0  7.44  3674  528.1  3.98  2107  233.9  8.36  235.0  8.38  235.5  8.31  5781  5574 1.000  38.6   6490 82A0
24.04.2023 11:24:29  *01n 20 100TL 4  485.8  8.52  4144  510.8  4.83  2468  234.0  9.47  235.1  9.49  235.5  9.45  6613  6590 1.000  38.7   6521 2725
24.04.2023 11:24:49  *01n 20 100TL 4  477.1  4.90  2337  519.7  2.61  1359  233.6  5.19  234.5  5.19  235.1  5.14  3697  3671 1.000  38.7   6549 8B77
24.04.2023 11:25:09  *01n 20 100TL 4  480.3  8.53  4098  526.7  4.42  2333  234.1  9.03  235.2  9.04  235.7  8.99  6431  6311 1.000  38.8   6577 EFA5
24.04.2023 11:25:29  *01n 20 100TL 4  479.8  8.28  3973  516.3  4.48  2314  234.3  8.82  235.1  8.82  235.5  8.78  6288  6173 1.000  38.8   6612 15F8
24.04.2023 11:25:49  *01n 20 100TL 4  471.9  8.77  4139  501.8  4.56  2287  234.4  9.15  235.4  9.17  235.8  9.11  6427  6395 1.000  38.8   6647 DD2C
24.04.2023 11:26:09  *01n 20 100TL 4  479.4  8.45  4052  506.5  4.55  2307  235.7  9.02  234.9  9.02  235.7  9.01  6359  6285 1.000  38.9   6682 A81B
24.04.2023 11:26:29  *01n 20 100TL 4  469.9  8.62  4054  501.1  4.56  2290  234.4  8.90  235.7  8.88  235.8  8.87  6344  6312 1.000  38.9   6716 64A4
24.04.2023 11:26:49  *01n 20 100TL 4  491.9  7.78  3830  521.6  4.23  2206  234.2  8.51  235.5  8.52  235.7  8.49  6036  5606 1.000  39.0   6752 82C1
24.04.2023 11:27:09  *01n 20 100TL 4  456.1  9.47  4321  496.1  4.81  2391  234.0  9.46  235.1  9.47  235.5  9.45  6712  6547 1.000  39.0   6788 B822
24.04.2023 11:27:29  *01n 20 100TL 4  456.6  9.52  4347  495.9  4.80  2381  234.0  9.65  235.0  9.66  235.3  9.64  6729  6697 1.000  39.0   6825 FDA1
24.04.2023 11:27:49  *01n 20 100TL 4  462.0 10.10  4670  503.9  5.01  2526  233.7  9.94  234.7  9.95  235.3  9.92  7197  7060 1.000  39.1   6863 C53E
24.04.2023 11:28:09  *01n 20 100TL 4  467.6  3.90  1823  512.9  1.84   947  233.3  4.15  233.7  4.14  234.5  4.12  2771  2862 1.000  39.1   6894 1553
24.04.2023 11:28:29  *01n 20 100TL 4  493.4  5.59  2760  519.2  3.04  1579  233.1  6.22  234.2  6.20  234.9  6.18  4339  4130 1.000  39.2   6913 5929
24.04.2023 11:28:49  *01n 20 100TL 4  502.0  6.19  3109  537.6  3.37  1814  233.6  7.22  234.3  7.21  234.8  7.19  4924  4701 1.000  39.2   6931 F201
24.04.2023 11:29:09  *01n 20 100TL 4  463.4  6.81  3157  505.0  3.54  1789  233.6  6.79  234.3  6.79  235.1  6.76  4946  4972 1.000  39.2   6952 CC0F
24.04.2023 11:29:29  *01n 20 100TL 4  456.2  7.37  3366  504.9  3.74  1889  233.2  7.34  234.0  7.34  234.6  7.30  5255  5273 1.000  39.3   6979 49C1
24.04.2023 11:29:49  *01n 20 100TL 4  463.3 10.75  4983  507.8  5.25  2668  233.8 10.78  234.8 10.77  235.3 10.76  7652  7637 1.000  39.3   7018 E105
24.04.2023 11:30:09  *01n 20 100TL 4  467.8  9.99  4676  515.3  4.55  2345  233.8  9.57  234.7  9.58  235.0  9.55  7022  7064 1.000  39.4   7053 7E67
24.04.2023 11:30:29  *01n 20 100TL 4  471.6 10.94  5160  528.5  5.04  2667  234.0 10.88  234.5 10.89  235.2 10.86  7827  7727 1.000  39.4   7091 9EC2
24.04.2023 11:30:50  *01n 20 100TL 4  463.2  9.63  4463  537.2  4.02  2163  233.9  9.18  234.4  9.17  235.0  9.14  6626  6651 1.000  39.4   7131 F628
24.04.2023 11:31:10  *01n 20 100TL 4  474.9 11.12  5285  547.2  4.66  2549  233.7 10.94  234.6 10.94  235.0 10.93  7835  7711 1.000  39.5   7169 DD0C
24.04.2023 11:31:30  *01n 20 100TL 4  468.4  5.49  2574  544.1  2.15  1171  233.0  5.22  233.5  5.23  234.2  5.16  3746  3718 1.000  39.5   7201 4B78
24.04.2023 11:31:50  *01n 20 100TL 4  478.6  4.16  1994  546.6  1.70   930  232.5  4.00  233.1  3.98  233.9  3.95  2925  2813 1.000  39.6   7220 F651
24.04.2023 11:32:10  *01n 20 100TL 4  491.0  4.40  2162  515.3  2.42  1249  232.7  4.92  233.4  4.91  234.1  4.89  3411  3266 1.000  39.6   7236 FCD0
24.04.2023 11:32:30  *01n 20 100TL 4  506.1  8.20  4150  536.2  4.38  2354  232.8  9.15  233.6  9.15  234.5  9.13  6504  6382 1.000  39.7   7265 3EDF
24.04.2023 11:32:50  *01n 20 100TL 4  505.3  4.75  2401  536.3  2.57  1379  232.4  5.33  233.2  5.34  234.1  5.30  3781  3741 1.000  39.7   7297 99DA
24.04.2023 11:33:10  *01n 20 100TL 4  497.3  5.34  2655  532.5  2.74  1463  232.2  5.82  233.1  5.84  233.7  5.78  4118  4066 1.000  39.7   7317 872A
24.04.2023 11:33:30  *01n 20 100TL 4  514.7  7.56  3895  552.9  3.88  2148  233.2  8.47  233.7  8.45  234.4  8.44  6044  5833 1.000  39.8   7343 C1C8
24.04.2023 11:33:50  *01n 20 100TL 4  499.3  8.06  4031  550.0  3.62  1994  232.7  8.60  233.9  8.60  234.4  8.58  6025  6115 1.000  39.8   7384 AEF1
24.04.2023 11:34:10  *01n 20 100TL 4  521.4  4.60  2400  542.8  2.53  1374  232.5  5.17  233.5  5.18  234.2  5.14  3775  3685 1.000  39.8   7408 1C99
24.04.2023 11:34:30  *01n 20 100TL 4  527.6  5.70  3010  554.9  3.02  1678  232.7  6.62  233.0  6.61  234.2  6.62  4689  4716 1.000  39.9   7433 8C93
24.04.2023 11:34:50  *01n 20 100TL 4  528.8  4.90  2597  559.5  2.75  1544  232.5  6.04  233.1  6.07  234.1  6.01  4141  4095 1.000  39.9   7460 3054
24.04.2023 11:35:10  *01n 20 100TL 4  527.4  6.20  3273  568.0  3.06  1739  233.0  7.23  233.5  7.24  234.5  7.19  5012  5062 1.000  39.9   7489 82A4
24.04.2023 11:35:30  *01n 20 100TL 4  531.3  8.62  4582  571.5  4.30  2461  233.6  9.95  233.9  9.95  235.1  9.94  7043  6872 1.000  39.9   7516 3307
24.04.2023 11:35:50  *01n 20 100TL 4  523.5  9.25  4846  569.0  4.07  2320  233.7 10.17  234.1 10.17  235.1 10.15  7167  7089 1.000  40.0   7548 0B24
24.04.2023 11:36:10  *01n 20 100TL 4  521.1  7.99  4165  568.6  3.64  2072  232.9  8.88  233.7  8.88  234.5  8.86  6237  6059 1.000  40.0   7584 0DF4
24.04.2023 11:36:31  *01n 20 100TL 4  508.6  4.80  2447  562.4  2.01  1135  232.3  5.15  232.9  5.13  233.7  5.13  3582  3643 1.000  40.0   7611 2E50
24.04.2023 11:36:51  *01n 20 100TL 4  513.3  3.60  1852  543.5  1.81   987  232.3  4.16  232.7  4.14  233.6  4.13  2839  2825 1.000  40.1   7627 97FC
24.04.2023 11:37:11  *01n 20 100TL 4  522.7  4.43  2316  527.4  2.70  1428  232.4  5.26  232.8  5.27  233.7  5.21  3744  3642 1.000  40.1   7647 375B
24.04.2023 11:37:31  *01n 20 100TL 4  519.8  4.61  2400  535.0  2.85  1527  232.4  5.52  232.7  5.51  233.7  5.49  3927  3718 1.000  40.1   7666 5444
24.04.2023 11:37:51  *01n 20 100TL 4  518.8  4.02  2090  521.5  2.36  1234  232.2  4.86  232.7  4.87  233.5  4.84  3324  3263 1.000  40.2   7686 A0F1
24.04.2023 11:38:11  *01n 20 100TL 4  507.6  3.77  1918  507.2  2.25  1144  232.1  4.53  232.6  4.53  233.4  4.48  3062  3091 1.000  40.2   7705 91BE
24.04.2023 11:38:31  *01n 20 100TL 4  511.7  3.90  1994  487.6  2.27  1109  231.9  4.38  232.6  4.38  233.4  4.34  3103  3094 1.000  40.2   7724 87F9
24.04.2023 11:38:51  *01n 20 100TL 4  520.9  4.17  2174  517.6  2.55  1319  232.2  5.17  232.9  5.18  233.5  5.13  3494  3523 1.000  40.2   7741 F257
24.04.2023 11:39:11  *01n 20 100TL 4  514.4  4.26  2192  518.9  2.51  1303  232.2  4.93  232.9  4.93  233.6  4.90  3495  3369 1.000  40.3   7761 562E
24.04.2023 11:39:31  *01n 20 100TL 4  513.2  3.72  1910  512.7  2.16  1110  232.6  4.33  233.0  4.32  234.1  4.26  3021  2975 1.000  40.3   7779 09E4
24.04.2023 11:39:51  *01n 20 100TL 4  501.4  3.77  1892  523.2  2.15  1129  232.4  4.40  232.9  4.41  233.6  4.35  3021  3010 1.000  40.3   7795 950B
24.04.2023 11:40:11  *01n 20 100TL 4  493.8  4.05  2005  513.1  2.16  1110  232.4  4.52  233.0  4.51  233.7  4.51  3115  3057 1.000  40.3   7813 AC49
24.04.2023 11:40:31  *01n 20 100TL 4  502.1  4.12  2070  529.3  2.21  1173  232.2  4.57  233.2  4.59  233.7  4.54  3244  3140 1.000  40.4   7830 2F9D
24.04.2023 11:40:51  *01n 20 100TL 4  500.7  5.21  2610  527.1  2.80  1477  232.7  5.70  233.2  5.69  234.0  5.67  4087  3999 1.000  40.4   7849 AAB4
24.04.2023 11:41:11  *01n 20 100TL 4  526.2  6.43  3387  523.2  3.69  1934  233.2  7.78  233.9  7.77  234.4  7.75  5322  5180 1.000  40.4   7872 A2BA
24.04.2023 11:41:31  *01n 20 100TL 4  510.4  5.07  2592  523.7  2.93  1539  232.8  5.79  233.4  5.78  234.2  5.76  4132  3968 1.000  40.4   7902 EBD1
24.04.2023 11:41:52  *01n 20 100TL 4  504.8  8.87  4478  516.9  4.37  2262  233.2  9.32  233.6  9.33  234.3  9.31  6741  6791 1.000  40.4   7937 D6B6
24.04.2023 11:42:12  *01n 20 100TL 4  521.4  9.54  4977  529.3  5.26  2789  233.3 10.82  233.9 10.82  234.4 10.81  7766  7644 1.000  40.4   7976 FD82
24.04.2023 11:42:32  *01n 20 100TL 4  526.9  8.23  4338  545.1  4.49  2452  234.2  9.57  232.8  9.56  234.5  9.56  6790  6799 1.000  40.5   8013 424C
24.04.2023 11:42:52  *01n 20 100TL 4  510.7  8.44  4312  541.1  4.15  2247  233.2  9.14  234.1  9.13  234.7  9.10  6559  6593 1.000  40.5   8050 5B52
24.04.2023 11:43:12  *01n 20 100TL 4  510.7  9.10  4652  536.8  4.65  2502  233.9 10.21  233.3 10.23  234.9 10.17  7154  7135 1.000  40.5   8088 A752
24.04.2023 11:43:32  *01n 20 100TL 4  498.8  9.65  4818  530.8  4.81  2557  233.3 10.40  234.1 10.40  234.7 10.38  7376  7336 1.000  40.5   8130 E016
24.04.2023 11:43:52  *01n 20 100TL 4  488.3  8.69  4245  524.5  4.40  2310  233.1  9.14  233.4  9.14  234.6  9.12  6555  6477 1.000  40.6   8170 758B
24.04.2023 11:44:12  *01n 20 100TL 4  513.9  7.19  3701  540.8  4.08  2211  233.2  8.47  233.8  8.45  234.5  8.45  5912  5598 1.000  40.6   8207 EAEF
24.04.2023 11:44:32  *01n 20 100TL 4  507.8  9.63  4893  520.9  5.15  2685  233.2 10.60  233.9 10.60  234.7 10.59  7579  7403 1.000  40.6   8243 5962
24.04.2023 11:44:52  *01n 20 100TL 4  507.9  8.64  4391  522.8  4.54  2378  232.9  9.59  233.6  9.61  234.5  9.59  6770  6749 1.000  40.6   8281 1AA3
24.04.2023 11:45:12  *01n 20 100TL 4  508.2  9.15  4652  525.3  4.81  2529  233.4 10.21  234.4 10.22  234.9 10.20  7182  7109 1.000  40.6   8317 C6BD
24.04.2023 11:45:32  *01n 20 100TL 4  509.3  6.58  3355  531.9  3.24  1725  233.4  7.28  233.9  7.28  234.9  7.26  5081  5165 1.000  40.6   8351 F992
24.04.2023 11:45:52  *01n 20 100TL 4  525.0  6.90  3627  563.8  3.25  1834  233.5  7.76  234.1  7.75  235.0  7.75  5461  5410 1.000  40.7   8374 4F0F
24.04.2023 11:46:12  *01n 20 100TL 4  520.9  5.87  3062  566.8  2.56  1455  233.4  6.26  233.8  6.26  234.5  6.25  4518  4531 1.000  40.7   8404 890D
24.04.2023 11:46:32  *01n 20 100TL 4  536.7  4.69  2523  567.3  2.35  1336  233.0  5.67  233.5  5.67  234.4  5.66  3860  3942 1.000  40.7   8430 A61E
24.04.2023 11:46:52  *01n 20 100TL 4  527.7  5.57  2941  588.7  1.92  1136  233.3  5.93  233.6  5.92  234.8  5.91  4078  4156 0.999c  40.7   8453 E171
24.04.2023 11:47:13  *01n 20 100TL 4  550.2  4.10  2256  604.5  1.35   819  232.9  4.35  233.3  4.32  234.5  4.31  3076  2908 1.000  40.7   8470 CB47
24.04.2023 11:47:33  *01n 20 100TL 4  550.1  6.35  3494  630.5  0.53   338  233.1  5.38  233.3  5.38  234.5  5.35  3833  3764 1.000  40.8   8489 6FAB
24.04.2023 11:47:53  *01n 20 100TL 4  528.4  7.89  4173  587.6  2.92  1722  233.2  8.46  233.6  8.46  234.7  8.46  5896  5874 1.000  40.8   8516 5B33
24.04.2023 11:48:13  *01n 20 100TL 4  520.3  4.18  2177  567.0  1.84  1043  232.8  4.47  233.2  4.46  234.2  4.43  3221  3187 1.000  40.8   8543 1604
24.04.2023 11:48:33  *01n 20 100TL 4  523.0  8.01  4193  559.3  3.85  2157  233.5  9.14  233.9  9.13  234.8  9.14  6350  6347 1.000  40.8   8572 60BC
24.04.2023 11:48:53  *01n 20 100TL 4  522.5  8.36  4371  554.7  4.19  2323  233.5  9.49  234.1  9.50  234.9  9.46  6695  6617 1.000  40.9   8607 6880
24.04.2023 11:49:13  *01n 20 100TL 4  520.5  7.97  4150  553.1  3.97  2198  233.6  8.81  234.2  8.81  235.1  8.79  6349  6231 1.000  40.9   8644 61DF
24.04.2023 11:49:33  *01n 20 100TL 4  528.0  8.22  4342  544.2  4.60  2508  232.9  9.52  233.7  9.53  234.4  9.51  6851  6697 1.000  40.9   8680 840C
24.04.2023 11:49:53  *01n 20 100TL 4  529.0  6.70  3550  543.9  3.59  1956  232.9  7.83  233.4  7.82  234.2  7.80  5506  5487 1.000  40.9   8711 33E6
24.04.2023 11:50:13  *01n 20 100TL 4  537.4  6.74  3625  551.6  4.01  2212  232.9  8.47  233.5  8.48  234.5  8.45  5838  5752 1.000  41.0   8741 22B8
24.04.2023 11:50:33  *01n 20 100TL 4  522.3  4.93  2580  530.0  2.80  1489  232.5  5.85  232.8  5.87  234.0  5.81  4069  4034 1.000  41.0   8765 D076
24.04.2023 11:50:53  *01n 20 100TL 4  521.9  4.11  2149  533.1  2.44  1303  232.4  5.09  232.6  5.10  233.6  5.04  3453  3443 1.000  41.0   8786 3AE7
24.04.2023 11:51:13  *01n 20 100TL 4  521.6  3.64  1901  529.5  2.09  1107  232.3  4.53  232.5  4.51  233.7  4.52  3009  3042 1.000  41.0   8806 131A
24.04.2023 11:51:33  *01n 20 100TL 4  506.5  4.16  2107  497.8  2.37  1184  231.8  4.58  232.4  4.57  233.4  4.56  3291  3173 1.000  41.1   8823 F815
24.04.2023 11:51:53  *01n 20 100TL 4  502.2  3.98  2001  491.8  2.28  1124  231.7  4.61  232.2  4.60  233.2  4.59  3337  3163 1.000  41.1   8842 5F73
24.04.2023 11:52:13  *01n 20 100TL 4  513.8  4.00  2056  488.8  2.27  1110  231.8  4.58  232.1  4.58  233.2  4.55  3167  3154 1.000  41.1   8860 9FE0
24.04.2023 11:52:33  *01n 20 100TL 4  510.8  3.65  1867  509.5  2.09  1071  231.3  4.37  231.6  4.37  232.9  4.32  2938  2964 1.000  41.1   8876 07F7
24.04.2023 11:52:53  *01n 20 100TL 4  504.2  3.53  1783  498.8  1.97   982  231.8  4.15  231.5  4.17  233.1  4.11  2766  2836 1.000  41.1   8893 3641
24.04.2023 11:53:13  *01n 20 100TL 4  510.3  3.93  2006  499.3  2.20  1103  231.6  4.44  232.0  4.43  233.1  4.38  3109  3009 1.000  41.1   8909 DE00
24.04.2023 11:53:34  *01n 20 100TL 4  515.5  3.61  1864  508.0  2.05  1040  231.2  4.37  231.8  4.35  232.8  4.33  2905  2893 1.000  41.2   8926 966B
24.04.2023 11:53:54  *01n 20 100TL 4  515.6  3.79  1957  508.3  2.10  1071  231.3  4.31  232.0  4.32  233.0  4.27  3028  2949 1.000  41.2   8943 3C5F
24.04.2023 11:54:14  *01n 20 100TL 4  515.3  3.63  1875  529.7  1.92  1020  231.7  4.34  231.2  4.33  232.4  4.33  2896  2957 1.000  41.2   8960 0530
24.04.2023 11:54:34  *01n 20 100TL 4  510.7  3.54  1809  516.6  1.94  1002  231.4  3.90  231.9  3.89  232.8  3.86  2812  2748 1.000  41.2   8974 6F5E
24.04.2023 11:54:54  *01n 20 100TL 4  504.8  4.11  2078  534.9  2.12  1135  231.7  4.46  232.1  4.43  233.0  4.42  3213  3169 1.000  41.2   8994 F8C5
24.04.2023 11:55:14  *01n 20 100TL 4  505.2  3.39  1716  524.8  1.76   923  231.4  4.04  231.6  4.03  233.0  4.01  2639  2682 1.000  41.2   9010 411A
24.04.2023 11:55:34  *01n 20 100TL 4  504.9  3.34  1689  523.8  1.80   946  230.9  3.77  231.8  3.77  232.7  3.73  2635  2633 1.000  41.2   9026 52D1
24.04.2023 11:55:54  *01n 20 100TL 4  499.8  3.47  1738  532.0  1.74   927  230.5  4.00  231.7  4.01  232.6  3.97  2665  2635 1.000  41.2   9040 BAE1
24.04.2023 11:56:14  *01n 20 100TL 4  504.3  3.35  1693  522.1  1.77   926  230.8  3.81  232.0  3.79  232.8  3.77  2619  2681 1.000  41.2   9055 C02F
24.04.2023 11:56:34  *01n 20 100TL 4  514.2  3.47  1785  522.4  1.87   981  230.8  3.94  232.0  3.96  233.0  3.91  2766  2685 1.000  41.2   9070 B524
24.04.2023 11:56:54  *01n 20 100TL 4  520.4  3.45  1800  544.9  1.75   953  230.9  3.95  231.2  3.95  232.6  3.90  2754  2658 1.000  41.2   9084 0EB2
24.04.2023 11:57:14  *01n 20 100TL 4  513.8  3.46  1780  522.5  1.77   929  230.8  3.99  231.4  3.99  232.7  3.97  2710  2633 1.000  41.2   9100 8000
24.04.2023 11:57:34  *01n 20 100TL 4  514.5  3.40  1754  541.0  1.76   952  231.2  3.85  231.4  3.83  232.8  3.82  2706  2677 1.000  41.2   9115 139E
24.04.2023 11:57:54  *01n 20 100TL 4  514.8  3.30  1702  521.6  1.70   888  231.1  3.68  231.4  3.65  232.5  3.65  2590  2545 1.000  41.2   9129 7BF6
24.04.2023 11:58:14  *01n 20 100TL 4  514.9  3.08  1591  521.1  1.66   865  230.9  3.74  231.2  3.74  232.4  3.68  2456  2525 1.000  41.2   9143 32EE
24.04.2023 11:58:34  *01n 20 100TL 4  514.8  3.17  1631  530.6  1.64   872  231.0  3.59  231.2  3.57  232.4  3.56  2504  2482 1.000  41.2   9157 ADEF
24.04.2023 11:58:54  *01n 20 100TL 4  519.0  3.11  1617  520.6  1.65   860  231.2  3.75  231.5  3.74  232.7  3.70  2478  2453 1.000  41.2   9171 DA4D
24.04.2023 11:59:15  *01n 20 100TL 4  511.7  3.19  1632  535.8  1.65   885  230.9  3.50  231.8  3.49  232.5  3.46  2517  2455 1.000  41.2   9184 A2DD
24.04.2023 11:59:35  *01n 20 100TL 4  511.4  3.16  1618  535.7  1.65   885  231.1  3.46  231.5  3.45  232.7  3.41  2504  2452 1.000  41.2   9198 A733
24.04.2023 11:59:55  *01n 20 100TL 4  517.0  3.25  1680  535.3  1.62   866  231.0  3.77  231.6  3.73  232.5  3.73  2546  2491 1.000  41.2   9212 95AE
24.04.2023 12:00:15  *01n 20 100TL 4  517.6  3.06  1585  533.6  1.62   866  230.7  3.83  231.2  3.83  232.3  3.81  2452  2534 1.000  41.2   9226 6BCD
24.04.2023 12:00:35  *01n 20 100TL 4  520.4  3.30  1722  542.8  1.69   920  230.6  3.86  230.8  3.86  232.0  3.81  2642  2589 1.000  41.2   9241 84E6
24.04.2023 12:00:55  *01n 20 100TL 4  518.5  3.46  1799  538.3  1.76   950  231.1  3.86  231.3  3.86  232.4  3.84  2749  2722 1.000  41.2   9255 5448
24.04.2023 12:01:15  *01n 20 100TL 4  513.9  3.62  1866  529.1  1.90  1008  231.1  4.28  231.4  4.28  232.6  4.22  2874  2903 1.000  41.2   9271 3669
24.04.2023 12:01:35  *01n 20 100TL 4  516.0  3.73  1927  533.8  1.90  1017  231.2  4.21  231.7  4.21  232.7  4.18  2944  2890 1.000  41.2   9286 8F0A
24.04.2023 12:01:55  *01n 20 100TL 4  520.0  3.81  1986  524.3  1.98  1037  231.1  4.45  231.4  4.45  232.4  4.44  3024  2964 1.000  41.2   9302 84AF
24.04.2023 12:02:15  *01n 20 100TL 4  522.8  3.59  1881  541.5  1.92  1042  231.0  4.23  231.4  4.24  232.5  4.19  2923  2885 1.000  41.1   9319 FC18
24.04.2023 12:02:35  *01n 20 100TL 4  518.9  3.65  1898  536.9  1.91  1029  230.9  4.14  231.2  4.12  232.3  4.11  2928  2877 1.000  41.1   9335 74EF
24.04.2023 12:02:55  *01n 20 100TL 4  508.7  3.82  1947  550.6  1.91  1054  230.8  4.40  231.3  4.39  232.7  4.37  3001  2952 1.000  41.1   9352 EDCB
24.04.2023 12:03:15  *01n 20 100TL 4  512.9  3.92  2012  547.2  2.01  1101  231.9  4.26  231.0  4.24  232.7  4.21  3114  3001 1.000  41.1   9368 44D7
24.04.2023 12:03:35  *01n 20 100TL 4  510.9  3.86  1977  532.0  2.00  1068  231.4  4.15  231.7  4.12  233.1  4.10  3045  2928 1.000  41.1   9384 D45C
24.04.2023 12:03:55  *01n 20 100TL 4  506.1  4.51  2287  526.9  2.32  1226  231.3  4.88  231.9  4.87  233.1  4.86  3514  3457 1.000  41.1   9402 9128
24.04.2023 12:04:15  *01n 20 100TL 4  517.7  3.76  1950  544.8  1.98  1078  231.5  4.46  231.8  4.45  233.0  4.41  3028  3045 1.000  41.1   9419 80CF
24.04.2023 12:04:35  *01n 20 100TL 4  533.7  8.88  4745  570.1  4.22  2406  232.0 10.11  232.5 10.10  233.5 10.09  7151  6884 1.000  41.1   9441 3881
24.04.2023 12:04:55  *01n 20 100TL 4  505.6  6.72  3401  563.3  3.03  1710  231.6  7.28  232.1  7.27  233.5  7.27  5111  5201 1.000  41.0   9479 FD46
24.04.2023 12:05:15  *01n 20 100TL 4  510.7  5.20  2661  567.3  2.40  1362  231.4  5.52  232.2  5.52  233.0  5.50  4023  3904 1.000  41.0   9500 EAE1
24.04.2023 12:05:35  *01n 20 100TL 4  514.5  5.01  2580  567.2  2.35  1335  231.5  5.40  231.9  5.38  233.2  5.36  3915  3776 1.000  41.0   9520 06AC
24.04.2023 12:05:56  *01n 20 100TL 4  504.1  4.93  2488  549.5  2.29  1260  231.7  5.24  232.0  5.23  233.1  5.22  3749  3868 1.000  41.0   9541 AD03
24.04.2023 12:06:16  *01n 20 100TL 4  534.6  4.35  2327  582.5  2.00  1167  231.5  5.23  232.2  5.24  233.4  5.19  3494  3466 1.000  41.0   9559 5779
24.04.2023 12:06:36  *01n 20 100TL 4  523.3  3.19  1672  561.0  1.57   885  231.8  3.89  232.1  3.89  233.3  3.83  2557  2621 1.000  41.0   9576 B4BD
24.04.2023 12:06:56  *01n 20 100TL 4  523.2  3.32  1738  538.3  1.86  1005  231.9  3.89  232.5  3.88  233.7  3.86  2743  2697 1.000  41.0   9591 DE26
24.04.2023 12:07:16  *01n 20 100TL 4  534.9  3.45  1849  534.0  1.97  1052  232.1  3.96  232.6  3.94  234.0  3.92  2902  2822 1.000  41.0   9609 4AC4
24.04.2023 12:07:36  *01n 20 100TL 4  528.6  3.40  1800  534.9  1.87  1004  232.0  3.96  232.4  3.94  233.8  3.93  2804  2719 1.000  41.0   9624 2D22
24.04.2023 12:07:56  *01n 20 100TL 4  529.1  4.36  2307  535.8  2.49  1335  232.4  5.27  233.0  5.27  234.2  5.22  3642  3562 1.000  41.0   9642 B128
24.04.2023 12:08:16  *01n 20 100TL 4  553.8  4.84  2684  543.5  3.09  1684  232.7  6.39  233.0  6.39  234.3  6.36  4368  4113 1.000  41.0   9661 B777
24.04.2023 12:08:36  *01n 20 100TL 4  529.3  5.07  2687  534.3  2.77  1481  232.9  5.87  233.6  5.88  234.6  5.83  4168  4141 1.000  41.0   9684 AC94
24.04.2023 12:08:56  *01n 20 100TL 4  537.5  4.94  2655  544.5  2.89  1579  233.0  5.89  233.7  5.89  234.5  5.87  4234  4014 1.000  41.0   9706 9638
24.04.2023 12:09:16  *01n 20 100TL 4  527.3  8.46  4467  531.2  4.24  2253  233.3  9.35  234.0  9.36  234.9  9.31  6721  6649 1.000  41.0   9738 DA69
24.04.2023 12:09:36  *01n 20 100TL 4  524.9  4.53  2377  532.2  2.58  1377  232.8  5.09  233.5  5.07  234.5  5.04  3755  3666 1.000  41.0   9774 D2DB
24.04.2023 12:09:56  *01n 20 100TL 4  533.4  4.48  2389  529.5  2.58  1370  233.2  5.33  233.9  5.33  235.2  5.31  3759  3707 1.000  41.0   9793 AF9C
24.04.2023 12:10:16  *01n 20 100TL 4  521.9  6.14  3207  532.4  3.25  1731  233.2  7.13  233.9  7.13  235.0  7.11  4939  5014 1.000  41.0   9819 BDAE
24.04.2023 12:10:36  *01n 20 100TL 4  542.1  8.06  4374  549.6  4.70  2586  233.6  9.91  234.0  9.91  235.1  9.87  6961  6822 1.000  41.0   9845 4284
24.04.2023 12:10:56  *01n 20 100TL 4  540.3  8.12  4390  554.3  4.55  2526  233.2  9.66  233.9  9.64  234.9  9.63  6916  6816 1.000  41.0   9881 6584
24.04.2023 12:11:16  *01n 20 100TL 4  533.3  8.75  4667  548.2  4.75  2607  233.2 10.26  234.0 10.28  235.1 10.26  7275  7150 1.000  41.0   9920 48AF
24.04.2023 12:11:36  *01n 20 100TL 4  541.2  5.00  2710  551.5  3.10  1715  233.0  6.39  233.4  6.40  234.7  6.34  4425  4271 1.000  41.0   9947 B599
24.04.2023 12:11:56  *01n 20 100TL 4  545.5  5.04  2752  570.0  3.01  1718  233.1  6.32  233.8  6.31  234.8  6.28  4470  4335 1.000  40.9   9978 205D
24.04.2023 12:12:17  *01n 20 100TL 4  545.0  6.17  3366  561.1  3.52  1979  233.3  7.54  234.0  7.56  234.9  7.51  5345  5336 1.000  41.0  10010 1A14
24.04.2023 12:12:37  *01n 20 100TL 4  529.7  5.79  3070  546.0  3.09  1690  232.9  6.72  233.8  6.72  234.7  6.72  4760  4855 1.000  41.0  10041 5BDA
24.04.2023 12:12:57  *01n 20 100TL 4  544.1  4.22  2296  549.2  2.65  1460  233.2  5.48  233.9  5.47  234.6  5.46  3756  3808 1.000  41.0  10068 52B6
24.04.2023 12:13:17  *01n 20 100TL 4  517.5  6.07  3144  533.3  2.86  1528  233.1  6.64  234.2  6.64  235.0  6.63  4673  4907 1.000  41.0  10092 0F4F
24.04.2023 12:13:37  *01n 20 100TL 4  543.6  3.51  1911  538.1  2.44  1315  232.9  4.59  233.5  4.58  234.6  4.58  3227  3135 1.000  41.0  10111 711E
24.04.2023 12:13:57  *01n 20 100TL 4  536.1  3.55  1908  525.1  2.21  1162  232.7  4.24  233.5  4.22  234.5  4.21  3071  3065 1.000  41.0  10128 901B
24.04.2023 12:14:17  *01n 20 100TL 4  535.9  3.10  1664  525.4  2.04  1072  232.5  3.88  233.1  3.88  234.1  3.86  2737  2645 1.000  41.0  10143 B0AE
24.04.2023 12:14:37  *01n 20 100TL 4  521.3  4.65  2427  526.8  2.43  1283  232.9  5.13  233.5  5.13  234.5  5.09  3710  3768 1.000  41.0  10160 4A24
24.04.2023 12:14:57  *01n 20 100TL 4  535.7  3.42  1835  527.1  2.13  1126  232.9  4.17  233.2  4.18  234.4  4.13  2961  2842 1.000  41.0  10176 F7FC
24.04.2023 12:15:17  *01n 20 100TL 4  529.0  3.46  1835  516.0  2.03  1052  232.8  4.03  233.5  4.03  234.5  4.01  2888  2804 1.000  41.0  10192 A9DB
24.04.2023 12:15:37  *01n 20 100TL 4  518.0  3.44  1782  535.8  1.92  1034  233.2  4.06  233.6  4.07  234.6  4.01  2816  2800 1.000  41.0  10208 D690
24.04.2023 12:15:57  *01n 20 100TL 4  513.3  3.23  1663  525.8  1.76   927  233.2  3.98  233.8  3.98  234.7  3.95  2590  2650 1.000  41.0  10223 0F8B
24.04.2023 12:16:17  *01n 20 100TL 4  505.8  4.29  2175  543.5  2.20  1202  233.7  4.65  234.2  4.62  234.9  4.61  3378  3321 1.000  41.0  10239 1824
24.04.2023 12:16:37  *01n 20 100TL 4  512.7  9.40  4823  529.3  4.91  2601  234.6 10.26  235.4 10.24  235.9 10.23  7425  7281 1.000  41.0  10265 128D
24.04.2023 12:16:57  *01n 20 100TL 4  511.5  9.35  4785  524.2  4.87  2554  234.3 10.52  235.1 10.53  235.8 10.51  7339  7330 1.000  41.0  10307 CB53
24.04.2023 12:17:17  *01n 20 100TL 4  508.1  9.44  4800  528.0  4.87  2577  234.9 10.45  235.2 10.45  236.1 10.46  7377  7325 1.000  41.1  10347 BE7E
24.04.2023 12:17:37  *01n 20 100TL 4  467.6  3.93  1838  513.3  1.89   973  234.5  3.91  235.2  3.90  235.9  3.87  2812  3085 1.000  41.0  10379 7B97
24.04.2023 12:17:57  *01n 20 100TL 4  525.4  8.34  4386  528.2  4.63  2449  234.6  9.68  235.5  9.71  236.0  9.65  6836  6828 1.000  41.1  10404 3202
24.04.2023 12:18:17  *01n 20 100TL 4  516.0  8.27  4272  525.3  4.39  2308  234.5  9.18  235.5  9.18  236.1  9.17  6581  6530 1.000  41.1  10441 9AD2
24.04.2023 12:18:37  *01n 20 100TL 4  534.5  7.59  4063  534.5  4.56  2439  234.7  9.30  235.6  9.31  236.0  9.29  6503  6478 1.000  41.1  10473 E5BB
24.04.2023 12:18:58  *01n 20 100TL 4  520.4  8.11  4223  526.1  4.48  2360  234.6  9.24  235.0  9.24  235.9  9.19  6584  6465 1.000  41.1  10511 2750
24.04.2023 12:19:18  *01n 20 100TL 4  513.6  8.67  4455  524.3  4.64  2438  234.6  9.50  235.3  9.52  236.1  9.49  6894  6756 1.000  41.1  10546 E696
24.04.2023 12:19:38  *01n 20 100TL 4  513.6  8.45  4345  524.2  4.56  2392  234.5  9.49  235.0  9.49  235.7  9.47  6738  6660 1.000  41.1  10583 840D
24.04.2023 12:19:58  *01n 20 100TL 4  503.0  2.86  1441  521.9  1.46   762  234.4  3.17  234.1  3.17  234.6  3.14  2204  2249 1.000  41.1  10613 F653
24.04.2023 12:20:18  *01n 20 100TL 4  466.8  6.41  2995  496.3  2.91  1445  234.7  6.26  235.2  6.25  236.0  6.24  4440  4913 1.000  41.2  10638 BC88
24.04.2023 12:20:38  *01n 20 100TL 4  521.0  7.44  3877  527.9  3.97  2099  234.8  8.36  235.4  8.39  236.2  8.33  5976  5838 1.000  41.2  10668 5BA8
24.04.2023 12:20:58  *01n 20 100TL 4  503.7  8.87  4469  524.3  4.55  2389  235.1  9.54  236.0  9.55  236.5  9.53  6858  6709 1.000  41.2  10705 E1E7
24.04.2023 12:21:18  *01n 20 100TL 4  505.9  8.41  4258  528.9  4.31  2282  235.5  9.17  236.1  9.18  236.8  9.17  6541  6437 1.000  41.2  10741 13A7
24.04.2023 12:21:38  *01n 20 100TL 4  492.0  8.71  4289  516.5  4.46  2305  235.2  9.26  236.1  9.27  236.8  9.25  6594  6459 1.000  41.2  10775 DB88
24.04.2023 12:21:58  *01n 20 100TL 4  471.3  7.98  3764  520.9  3.67  1911  235.1  7.96  235.8  7.95  236.5  7.91  5676  5685 1.000  41.2  10809 805D
24.04.2023 12:22:18  *01n 20 100TL 4  492.6  8.33  4104  528.1  4.11  2172  235.5  8.84  236.2  8.86  237.0  8.81  6277  6214 1.000  41.3  10845 2D63
24.04.2023 12:22:38  *01n 20 100TL 4  490.2  8.37  4106  518.1  4.16  2157  235.5  8.89  235.9  8.90  236.4  8.84  6263  6198 1.000  41.3  10880 B97F
24.04.2023 12:22:58  *01n 20 100TL 4  497.0  8.05  4005  519.1  4.07  2116  235.4  8.72  236.0  8.73  236.6  8.68  6121  6123 1.000  41.3  10913 B336
24.04.2023 12:23:18  *01n 20 100TL 4  504.4  7.83  3955  506.6  4.16  2110  235.5  8.58  236.1  8.59  236.5  8.57  6065  6012 1.000  41.3  10947 F3F7
24.04.2023 12:23:38  *01n 20 100TL 4  508.1  7.80  3968  513.0  4.11  2108  235.4  8.66  236.0  8.69  236.8  8.62  6077  6086 1.000  41.4  10981 1856
24.04.2023 12:23:58  *01n 20 100TL 4  499.9  8.24  4121  517.2  4.15  2153  235.6  8.77  235.8  8.80  236.5  8.73  6274  6169 1.000  41.4  11015 650C
24.04.2023 12:24:18  *01n 20 100TL 4  498.2  8.21  4095  512.5  4.27  2189  236.1  8.89  235.1  8.89  237.0  8.88  6285  6196 1.000  41.4  11049 6E4B
24.04.2023 12:24:38  *01n 20 100TL 4  496.2  8.46  4200  508.3  4.30  2188  235.8  8.77  236.4  8.78  237.0  8.75  6388  6259 1.000  41.4  11084 9696
24.04.2023 12:24:58  *01n 20 100TL 4  516.3  7.83  4045  518.7  4.29  2229  235.9  8.78  236.3  8.82  236.9  8.74  6274  6166 1.000  41.4  11115 7FB9
24.04.2023 12:25:19  *01n 20 100TL 4  492.9  4.44  2189  520.3  2.87  1496  235.3  5.33  235.5  5.31  236.4  5.30  3686  3582 1.000  41.5  11143 DE5C
24.04.2023 12:25:39  *01n 20 100TL 4  533.3  7.04  3756  530.3  4.27  2265  235.7  8.57  236.2  8.57  236.9  8.55  6022  5822 1.000  41.5  11172 A867
24.04.2023 12:25:59  *01n 20 100TL 4  541.0  5.87  3176  536.3  4.10  2201  235.8  7.67  236.2  7.69  237.1  7.64  5378  5120 1.000  41.5  11201 4E15
24.04.2023 12:26:19  *01n 20 100TL 4  512.8  7.78  3993  518.6  4.27  2218  236.0  8.58  236.6  8.58  237.1  8.54  6211  6111 1.000  41.5  11233 2B4A
24.04.2023 12:26:39  *01n 20 100TL 4  494.9  8.48  4200  512.9  4.28  2198  235.8  8.78  236.3  8.78  237.4  8.78  6399  6282 1.000  41.5  11267 2D6D
24.04.2023 12:26:59  *01n 20 100TL 4  490.5  8.50  4173  512.7  4.29  2201  235.8  9.01  236.4  9.01  237.1  9.00  6375  6289 1.000  41.6  11302 27B4
24.04.2023 12:27:19  *01n 20 100TL 4  481.4  8.45  4066  517.7  4.19  2174  235.8  8.83  236.3  8.82  237.3  8.82  6240  6205 1.000  41.6  11338 E823
24.04.2023 12:27:39  *01n 20 100TL 4  490.5  8.51  4177  512.6  4.26  2186  235.9  8.82  236.7  8.81  237.1  8.80  6364  6295 1.000  41.6  11373 4FB1
24.04.2023 12:27:59  *01n 20 100TL 4  490.1  8.53  4187  512.4  4.28  2192  236.2  8.78  236.8  8.78  236.6  8.75  6379  6294 1.000  41.7  11408 AA3E
24.04.2023 12:28:19  *01n 20 100TL 4  488.2  8.53  4165  507.4  4.33  2203  236.4  8.83  236.8  8.85  236.4  8.79  6369  6225 1.000  41.7  11443 39BA
24.04.2023 12:28:39  *01n 20 100TL 4  490.2  8.33  4083  512.6  4.17  2137  236.3  8.92  236.6  8.92  237.1  8.89  6221  6227 1.000  41.7  11476 F923
24.04.2023 12:28:59  *01n 20 100TL 4  486.6  8.55  4159  511.9  4.20  2149  236.1  8.63  236.7  8.63  237.3  8.62  6309  6189 1.000  41.7  11512 17F4
24.04.2023 12:29:19  *01n 20 100TL 4  483.3  8.47  4097  512.0  4.25  2180  235.7  8.60  236.6  8.59  237.1  8.57  6277  6137 1.000  41.7  11546 1FB4
24.04.2023 12:29:39  *01n 20 100TL 4  489.6  8.37  4101  511.9  4.18  2143  236.1  8.52  236.9  8.53  237.4  8.49  6245  6108 1.000  41.8  11580 A2EA
24.04.2023 12:29:59  *01n 20 100TL 4  485.3  8.56  4155  507.3  4.26  2165  235.8  8.81  236.6  8.82  237.1  8.77  6320  6236 1.000  41.8  11614 8CC7
24.04.2023 12:30:19  *01n 20 100TL 4  490.0  8.45  4144  506.8  4.32  2191  236.5  8.87  235.9  8.87  235.8  8.88  6335  6233 1.000  41.8  11649 2B6E
24.04.2023 12:30:39  *01n 20 100TL 4  489.8  8.50  4165  507.5  4.25  2157  235.9  8.86  236.7  8.90  236.3  8.83  6340  6236 1.000  41.8  11686 0BA0
24.04.2023 12:30:59  *01n 20 100TL 4  489.3  8.43  4129  511.5  4.19  2142  235.8  8.69  236.6  8.68  236.0  8.66  6271  6198 1.000  41.9  11718 AF2A
24.04.2023 12:31:20  *01n 20 100TL 4  487.1  8.45  4116  521.9  4.14  2163  235.7  8.80  236.5  8.79  236.4  8.79  6280  6210 1.000  41.9  11753 1D2B
24.04.2023 12:31:40  *01n 20 100TL 4  490.4  8.41  4127  512.3  4.22  2162  236.1  8.69  236.4  8.67  236.2  8.64  6289  6201 1.000  41.9  11787 4024
24.04.2023 12:32:00  *01n 20 100TL 4  503.0  8.12  4086  517.1  4.22  2186  235.5  8.76  235.9  8.78  236.2  8.71  6272  6146 1.000  41.9  11819 6AF4
24.04.2023 12:32:20  *01n 20 100TL 4  496.7  6.82  3387  529.7  3.70  1963  235.5  7.66  235.6  7.66  235.7  7.62  5351  5136 1.000  42.0  11851 CCDB
24.04.2023 12:32:40  *01n 20 100TL 4  499.0  8.63  4306  522.0  4.31  2250  235.8  9.22  236.1  9.21  236.1  9.19  6556  6483 1.000  42.0  11886 C574
24.04.2023 12:33:00  *01n 20 100TL 4  505.7  8.31  4203  527.6  4.29  2269  235.6  9.05  235.9  9.06  235.9  9.03  6472  6283 1.000  42.0  11921 E6D2
24.04.2023 12:33:20  *01n 20 100TL 4  479.1  3.49  1673  517.0  1.53   794  234.7  3.68  234.7  3.66  235.1  3.65  2940  2664 1.000  42.1  11955 9A8D
24.04.2023 12:33:40  *01n 20 100TL 4  530.0  6.20  3286  550.8  3.52  1942  235.3  7.30  235.5  7.29  235.5  7.25  5229  5049 1.000  42.1  11973 91BB
24.04.2023 12:34:00  *01n 20 100TL 4  523.7  6.75  3541  555.1  3.30  1835  235.0  7.58  235.7  7.60  235.5  7.53  5377  5427 1.000  42.1  12003 B9FB
24.04.2023 12:34:20  *01n 20 100TL 4  525.0  3.79  1989  567.1  1.88  1068  234.7  4.41  235.3  4.41  235.1  4.38  3057  2864 1.000  42.1  12019 1F59
24.04.2023 12:34:40  *01n 20 100TL 4  501.7  8.13  4080  552.2  3.77  2085  235.0  8.95  235.6  8.95  235.6  8.93  6166  6178 1.000  42.2  12053 84EC
24.04.2023 12:35:00  *01n 20 100TL 4  493.5  2.41  1194  531.2  1.10   585  234.1  2.52  234.5  2.52  235.3  2.49  1780  1739 1.000  42.2  12067 4E96
24.04.2023 12:35:20  *01n 20 100TL 4  497.0  3.02  1501  539.6  1.40   758  234.3  3.48  234.5  3.49  235.5  3.45  2259  2375 1.000  42.2  12081 1C9E
24.04.2023 12:35:40  *01n 20 100TL 4  498.3  2.67  1329  520.4  1.32   689  233.9  2.82  234.2  2.80  234.9  2.78  2018  1991 1.000  42.2  12092 30AB
24.04.2023 12:36:00  *01n 20 100TL 4  497.8  2.85  1423  520.5  1.35   708  233.9  3.14  234.0  3.15  234.8  3.11  2131  2113 1.000  42.2  12104 06FD
24.04.2023 12:36:20  *01n 20 100TL 4  482.6  2.89  1396  519.5  1.39   724  233.4  3.15  233.8  3.14  234.6  3.12  2121  2104 1.000  42.2  12115 55A8
24.04.2023 12:36:40  *01n 20 100TL 4  487.6  2.88  1405  529.5  1.36   721  233.3  3.17  233.8  3.18  234.3  3.14  2127  2104 1.000  42.3  12127 1BCE
24.04.2023 12:37:01  *01n 20 100TL 4  488.6  2.60  1272  519.0  1.26   654  233.4  3.04  233.7  3.04  234.6  3.01  1927  1982 1.000  42.3  12138 6EB5
24.04.2023 12:37:21  *01n 20 100TL 4  489.1  2.58  1266  518.9  1.32   688  233.4  2.77  234.0  2.75  234.6  2.72  1954  1933 1.000  42.3  12150 B564
24.04.2023 12:37:41  *01n 20 100TL 4  494.1  2.59  1280  520.5  1.28   671  233.4  2.79  233.6  2.79  234.1  2.75  1951  1870 1.000  42.3  12160 F7FB
24.04.2023 12:38:01  *01n 20 100TL 4  506.3  2.48  1255  518.6  1.26   657  233.4  2.67  234.1  2.67  234.8  2.63  1913  1817 1.000  42.3  12170 E14D
24.04.2023 12:38:21  *01n 20 100TL 4  496.4  2.34  1162  518.3  1.20   624  233.6  2.60  234.2  2.58  234.6  2.56  1786  1806 1.000  42.3  12180 076A
24.04.2023 12:38:41  *01n 20 100TL 4  505.9  2.45  1242  518.1  1.30   675  233.9  2.58  234.0  2.57  234.7  2.55  1918  1820 1.000  42.3  12190 DDC6
24.04.2023 12:39:01  *01n 20 100TL 4  505.9  2.59  1310  517.8  1.28   662  233.2  2.67  233.1  2.66  234.1  2.63  1972  1866 1.000  42.3  12201 9F8A
24.04.2023 12:39:21  *01n 20 100TL 4  503.8  2.54  1283  527.9  1.30   691  233.4  2.98  233.9  2.98  234.5  2.95  1974  1945 1.000  42.3  12212 D381
24.04.2023 12:39:41  *01n 20 100TL 4  498.7  2.65  1322  525.1  1.31   689  233.4  2.81  233.7  2.81  234.0  2.78  2012  1997 1.000  42.3  12223 7810
24.04.2023 12:40:01  *01n 20 100TL 4  498.6  2.74  1371  523.4  1.32   692  233.0  2.93  232.8  2.92  234.1  2.92  2064  2020 1.000  42.3  12234 9D08
24.04.2023 12:40:21  *01n 20 100TL 4  504.8  2.71  1373  526.9  1.33   708  233.0  2.93  233.2  2.91  233.9  2.89  2081  2035 1.000  42.3  12245 C06E
24.04.2023 12:40:41  *01n 20 100TL 4  504.5  2.74  1383  526.7  1.39   735  233.0  2.91  233.3  2.89  234.0  2.88  2119  2037 1.000  42.3  12256 3DF7
24.04.2023 12:41:01  *01n 20 100TL 4  524.2  2.68  1405  547.9  1.29   706  233.2  3.13  233.4  3.11  234.0  3.10  2111  2055 1.000  42.3  12268 AEEC
24.04.2023 12:41:21  *01n 20 100TL 4  512.2  2.69  1377  526.3  1.36   717  233.7  3.19  234.0  3.18  234.4  3.17  2095  2145 1.000  42.3  12280 6594
24.04.2023 12:41:41  *01n 20 100TL 4  515.3  2.82  1458  535.2  1.45   778  233.8  3.39  233.0  3.39  234.5  3.36  2236  2269 1.000  42.3  12292 BAA5
24.04.2023 12:42:01  *01n 20 100TL 4  519.0  3.42  1777  537.9  1.67   901  234.1  3.88  233.3  3.88  234.6  3.85  2679  2703 1.000  42.3  12305 53CD
24.04.2023 12:42:21  *01n 20 100TL 4  501.2  8.30  4159  510.9  4.05  2070  234.4  8.42  234.5  8.44  235.0  8.37  6230  6349 1.000  42.2  12341 19F8
24.04.2023 12:42:41  *01n 20 100TL 4  535.9  6.30  3381  542.2  3.32  1800  234.1  7.35  234.1  7.34  234.7  7.32  5181  4933 1.000  42.2  12371 2475
24.04.2023 12:43:01  *01n 20 100TL 4  533.6  6.46  3453  531.2  3.69  1963  233.7  7.71  233.4  7.70  234.5  7.69  5416  5439 1.000  42.2  12405 5DF7
24.04.2023 12:43:22  *01n 20 100TL 4  531.0  4.12  2189  536.6  2.24  1205  233.4  4.83  232.4  4.83  234.4  4.78  3395  3427 1.000  42.2  12438 6133
24.04.2023 12:43:41  *01n 20 100TL 4  536.9  3.03  1631  538.0  1.80   971  233.2  3.90  233.1  3.90  234.1  3.87  2603  2630 1.000  42.2  12454 A995
24.04.2023 12:44:02  *01n 20 100TL 4  531.6  3.45  1838  527.6  1.88   994  233.1  4.08  232.8  4.08  234.0  4.06  2833  2729 1.000  42.2  12469 2175
24.04.2023 12:44:22  *01n 20 100TL 4  533.1  3.63  1939  527.1  2.07  1094  233.4  4.37  233.3  4.36  234.6  4.32  3033  3088 1.000  42.2  12485 B983
24.04.2023 12:44:42  *01n 20 100TL 4  523.0  4.78  2504  539.3  2.53  1365  233.3  5.34  233.3  5.33  234.0  5.31  3869  3645 1.000  42.2  12503 B715
24.04.2023 12:45:02  *01n 20 100TL 4  522.8  4.84  2534  526.6  2.55  1344  233.3  5.66  233.5  5.68  234.2  5.62  3878  3889 1.000  42.2  12524 EE47
24.04.2023 12:45:22  *01n 20 100TL 4  526.0  4.33  2278  515.4  2.21  1141  233.1  4.94  232.8  4.92  234.3  4.92  3419  3360 1.000  42.2  12546 B01F
24.04.2023 12:45:42  *01n 20 100TL 4  525.8  3.64  1918  516.0  1.98  1026  233.3  4.27  231.9  4.28  234.1  4.22  2944  2915 1.000  42.2  12564 D88F
24.04.2023 12:46:02  *01n 20 100TL 4  515.3  3.77  1947  526.0  1.93  1019  232.6  4.07  232.4  4.06  233.7  4.02  2966  2888 1.000  42.2  12580 E00F
24.04.2023 12:46:22  *01n 20 100TL 4  521.6  3.88  2024  535.9  1.94  1045  232.9  4.34  233.0  4.35  233.7  4.30  3070  2980 1.000  42.2  12596 B1C6
24.04.2023 12:46:42  *01n 20 100TL 4  514.4  3.43  1768  526.3  1.80   947  232.8  4.14  232.9  4.14  233.7  4.11  2716  2752 1.000  42.1  12612 4A4F
24.04.2023 12:47:02  *01n 20 100TL 4  510.6  3.52  1800  536.1  1.81   970  233.1  4.00  233.1  3.98  233.9  3.97  2771  2792 1.000  42.1  12626 EF5F
24.04.2023 12:47:22  *01n 20 100TL 4  505.4  3.70  1872  546.1  1.74   953  232.9  4.19  233.0  4.18  233.9  4.15  2825  2789 1.000  42.1  12643 6346
24.04.2023 12:47:42  *01n 20 100TL 4  505.3  3.70  1870  535.3  1.81   971  233.0  4.35  232.9  4.34  233.7  4.31  2842  2920 1.000  42.1  12659 D1DC
24.04.2023 12:48:02  *01n 20 100TL 4  505.5  4.08  2063  534.9  2.08  1113  233.6  4.81  233.5  4.80  234.2  4.77  3176  3231 1.000  42.1  12675 FE6E
24.04.2023 12:48:22  *01n 20 100TL 4  514.3  4.52  2327  535.9  2.24  1203  233.5  4.97  233.5  4.95  234.5  4.94  3530  3445 1.000  42.1  12694 8382
24.04.2023 12:48:42  *01n 20 100TL 4  520.5  4.13  2153  534.6  2.17  1167  233.6  4.71  233.6  4.72  234.5  4.66  3320  3234 1.000  42.1  12712 1CE0
24.04.2023 12:49:02  *01n 20 100TL 4  508.7  5.31  2702  540.6  2.60  1406  233.7  5.97  233.5  5.97  234.6  5.94  4109  4257 1.000  42.1  12735 B10B
24.04.2023 12:49:22  *01n 20 100TL 4  526.0  4.01  2111  543.3  2.08  1133  233.3  4.48  233.2  4.46  234.1  4.43  3245  3135 1.000  42.1  12753 D4C6
24.04.2023 12:49:43  *01n 20 100TL 4  520.2  3.85  2006  543.4  1.98  1083  232.9  4.30  233.0  4.29  234.0  4.27  3089  3047 1.000  42.1  12770 D82C
24.04.2023 12:50:03  *01n 20 100TL 4  536.2  3.79  2035  529.4  2.17  1152  232.7  4.60  232.6  4.60  233.7  4.58  3187  3125 1.000  42.0  12788 7221
24.04.2023 12:50:23  *01n 20 100TL 4  535.6  3.32  1779  535.0  1.84   982  232.4  3.88  232.2  3.86  232.9  3.83  2761  2740 1.000  42.0  12807 5297
24.04.2023 12:50:43  *01n 20 100TL 4  535.1  3.07  1647  537.0  1.78   958  232.2  3.61  232.2  3.59  233.1  3.58  2606  2526 1.000  42.0  12822 4425
24.04.2023 12:51:03  *01n 20 100TL 4  525.6  3.12  1643  535.8  1.67   897  232.1  3.72  232.3  3.73  232.9  3.70  2540  2467 1.000  42.0  12836 9445
24.04.2023 12:51:23  *01n 20 100TL 4  523.2  2.92  1530  539.9  1.49   805  232.3  3.55  232.1  3.54  233.1  3.53  2336  2371 1.000  42.0  12849 D005
24.04.2023 12:51:43  *01n 20 100TL 4  516.4  2.85  1475  532.3  1.46   781  232.3  3.44  232.3  3.43  233.1  3.43  2256  2302 1.000  42.0  12862 9E1F
24.04.2023 12:52:03  *01n 20 100TL 4  513.7  2.91  1496  532.0  1.50   798  232.2  3.39  232.2  3.39  232.8  3.36  2294  2255 1.000  42.0  12874 726F
24.04.2023 12:52:23  *01n 20 100TL 4  510.1  2.93  1496  543.1  1.38   753  231.8  3.29  231.9  3.31  232.6  3.26  2250  2201 1.000  42.0  12887 7688
24.04.2023 12:52:43  *01n 20 100TL 4  510.1  2.96  1512  532.7  1.50   798  232.4  3.26  231.5  3.25  232.5  3.25  2310  2206 1.000  42.0  12899 F856
24.04.2023 12:53:03  *01n 20 100TL 4  515.4  2.90  1498  532.7  1.49   798  231.8  3.28  231.8  3.27  232.7  3.23  2296  2195 1.000  42.0  12912 0CFD
24.04.2023 12:53:23  *01n 20 100TL 4  510.2  2.93  1499  536.5  1.39   747  232.1  3.14  232.0  3.14  232.8  3.10  2247  2203 1.000  41.9  12924 6F2A
24.04.2023 12:53:43  *01n 20 100TL 4  506.5  2.79  1414  538.7  1.32   714  231.5  3.36  231.8  3.34  232.4  3.34  2128  2207 1.000  41.9  12936 68D7
24.04.2023 12:54:03  *01n 20 100TL 4  512.1  2.91  1493  538.8  1.46   788  232.8  3.25  231.6  3.23  232.6  3.20  2282  2265 1.000  41.9  12949 B975
24.04.2023 12:54:23  *01n 20 100TL 4  511.5  2.94  1507  538.0  1.41   762  231.6  3.17  231.7  3.16  232.4  3.13  2270  2223 1.000  41.9  12961 4881
24.04.2023 12:54:43  *01n 20 100TL 4  516.7  2.83  1464  538.5  1.38   749  231.7  3.24  231.6  3.24  232.5  3.23  2214  2200 1.000  41.9  12973 235E
24.04.2023 12:55:03  *01n 20 100TL 4  511.7  2.75  1411  537.8  1.37   737  231.3  3.24  231.3  3.25  232.3  3.20  2148  2157 1.000  41.9  12985 3682
24.04.2023 12:55:23  *01n 20 100TL 4  519.3  2.85  1481  537.9  1.37   738  231.1  3.15  231.5  3.14  232.6  3.13  2220  2113 1.000  41.8  12997 0974
24.04.2023 12:55:43  *01n 20 100TL 4  519.1  2.59  1342  537.7  1.31   709  231.0  3.03  231.3  3.01  232.5  3.00  2052  2079 1.000  41.8  13010 609A
24.04.2023 12:56:04  *01n 20 100TL 4  518.9  2.64  1373  537.5  1.35   727  230.6  3.21  230.9  3.22  232.0  3.18  2101  2072 1.000  41.8  13020 D91E
24.04.2023 12:56:24  *01n 20 100TL 4  508.2  2.62  1332  537.0  1.24   666  230.9  2.98  230.8  2.95  231.8  2.93  1998  2072 1.000  41.8  13032 1101
24.04.2023 12:56:44  *01n 20 100TL 4  518.1  2.72  1411  537.1  1.30   700  230.8  3.19  231.0  3.20  232.0  3.17  2111  2087 1.000  41.8  13044 7E8D
24.04.2023 12:57:04  *01n 20 100TL 4  508.0  2.77  1406  536.8  1.37   735  230.9  3.01  231.2  3.00  232.1  2.96  2142  2099 0.999c  41.8  13055 0355
24.04.2023 12:57:24  *01n 20 100TL 4  517.9  2.82  1466  536.6  1.35   727  231.2  3.05  231.4  3.03  232.5  3.00  2194  2134 1.000  41.8  13067 573A
24.04.2023 12:57:44  *01n 20 100TL 4  520.2  2.68  1399  525.4  1.34   709  231.3  3.28  231.2  3.26  232.2  3.26  2108  2156 1.000  41.8  13079 C22D
24.04.2023 12:58:04  *01n 20 100TL 4  520.3  2.88  1503  546.4  1.41   776  231.0  3.11  231.3  3.11  232.3  3.08  2279  2178 1.000  41.7  13091 D7AC
24.04.2023 12:58:24  *01n 20 100TL 4  519.5  2.81  1464  544.0  1.36   743  231.2  3.33  231.3  3.30  232.5  3.30  2207  2188 1.000  41.7  13103 85DF
24.04.2023 12:58:44  *01n 20 100TL 4  520.9  2.83  1477  544.1  1.36   741  231.2  3.20  231.4  3.21  232.1  3.18  2218  2192 1.000  41.7  13115 E4A0
24.04.2023 12:59:04  *01n 20 100TL 4  519.7  2.65  1379  536.0  1.34   720  231.3  3.09  231.4  3.08  232.3  3.06  2099  2146 1.000  41.7  13128 4189
24.04.2023 12:59:24  *01n 20 100TL 4  519.5  2.74  1426  535.2  1.33   714  231.0  3.10  231.2  3.09  231.9  3.07  2140  2114 1.000  41.7  13140 FBF9
24.04.2023 12:59:44  *01n 20 100TL 4  519.4  2.64  1373  544.7  1.26   691  231.0  3.17  231.1  3.16  232.1  3.14  2064  2061 1.000  41.6  13151 0C04
24.04.2023 13:00:04  *01n 20 100TL 4  519.2  2.57  1338  534.2  1.31   703  230.8  2.98  230.4  2.98  232.1  2.96  2041  2006 1.000  41.6  13163 7B39
24.04.2023 13:00:24  *01n 20 100TL 4  518.8  2.56  1327  534.0  1.21   650  230.8  2.91  230.9  2.89  232.2  2.89  1977  1956 1.000  41.6  13174 B694
24.04.2023 13:00:44  *01n 20 100TL 4  517.1  2.53  1310  535.9  1.19   637  230.8  2.84  230.9  2.83  232.4  2.80  1948  1898 1.000  41.6  13184 D9D4
24.04.2023 13:01:04  *01n 20 100TL 4  518.3  2.31  1200  535.4  1.18   631  230.9  2.78  230.6  2.78  232.1  2.72  1832  1826 1.000  41.6  13195 6D7C
24.04.2023 13:01:24  *01n 20 100TL 4  518.7  2.27  1181  543.1  1.06   576  230.3  2.72  230.7  2.74  231.9  2.71  1757  1750 1.000  41.6  13205 A752
24.04.2023 13:01:44  *01n 20 100TL 4  507.4  2.10  1069  533.3  0.98   526  230.7  2.53  231.0  2.51  231.9  2.51  1596  1680 1.000  41.5  13214 78FF
24.04.2023 13:02:04  *01n 20 100TL 4  508.1  2.11  1074  532.9  1.03   553  230.6  2.48  230.5  2.47  231.9  2.42  1628  1617 1.000  41.5  13223 86E2
24.04.2023 13:02:25  *01n 20 100TL 4  498.1  2.12  1058  543.3  0.94   512  230.3  2.50  230.8  2.50  231.8  2.48  1571  1573 1.000  41.5  13233 4C9F
24.04.2023 13:02:45  *01n 20 100TL 4  516.7  2.09  1083  541.8  0.94   512  230.5  2.28  230.3  2.27  231.8  2.24  1596  1571 1.000  41.5  13241 B11E
24.04.2023 13:03:05  *01n 20 100TL 4  508.2  2.08  1058  532.5  1.00   537  230.0  2.41  230.4  2.43  231.5  2.37  1596  1579 1.000  41.5  13250 C7DD
24.04.2023 13:03:25  *01n 20 100TL 4  497.4  2.26  1126  543.4  0.99   540  230.7  2.36  230.2  2.35  232.0  2.33  1666  1602 1.000  41.4  13259 5C51
24.04.2023 13:03:45  *01n 20 100TL 4  497.2  2.32  1156  543.0  1.08   585  230.5  2.45  230.9  2.43  231.9  2.42  1742  1655 1.000  41.4  13268 4CE9
24.04.2023 13:04:05  *01n 20 100TL 4  497.1  2.23  1112  531.4  1.04   553  230.6  2.61  230.6  2.61  231.7  2.56  1666  1715 1.000  41.4  13278 F487
24.04.2023 13:04:25  *01n 20 100TL 4  516.7  2.37  1228  541.5  1.08   587  230.5  2.62  230.7  2.60  231.7  2.58  1815  1814 1.000  41.4  13287 C5CC
24.04.2023 13:04:45  *01n 20 100TL 4  526.3  2.27  1197  541.4  1.13   611  230.5  2.90  230.6  2.88  231.7  2.86  1809  1855 1.000  41.4  13298 5789
24.04.2023 13:05:05  *01n 20 100TL 4  516.2  2.52  1303  552.0  1.16   643  230.5  2.85  230.7  2.85  231.6  2.83  1947  1904 1.000  41.4  13308 820E
24.04.2023 13:05:25  *01n 20 100TL 4  515.0  2.53  1304  530.7  1.19   634  230.4  2.85  230.6  2.82  231.4  2.82  1939  1889 1.000  41.3  13318 E07A
24.04.2023 13:05:45  *01n 20 100TL 4  515.3  2.31  1194  540.5  1.08   588  230.9  2.83  230.4  2.81  230.5  2.81  1783  1864 1.000  41.3  13329 97E9
24.04.2023 13:06:05  *01n 20 100TL 4  515.5  2.34  1208  539.9  1.14   621  230.1  2.64  230.2  2.63  231.2  2.61  1829  1803 1.000  41.3  13339 B33D
24.04.2023 13:06:25  *01n 20 100TL 4  515.3  2.40  1239  540.3  1.10   596  229.7  2.50  230.0  2.49  231.0  2.48  1835  1741 1.000  41.3  13349 E06F
24.04.2023 13:06:45  *01n 20 100TL 4  514.9  2.05  1057  539.9  1.00   543  230.8  2.56  230.2  2.56  231.7  2.49  1600  1683 1.000  41.2  13359 60E4
24.04.2023 13:07:05  *01n 20 100TL 4  514.7  2.14  1104  540.0  1.03   558  230.4  2.50  230.6  2.49  231.7  2.44  1663  1632 1.000  41.2  13368 0970
24.04.2023 13:07:25  *01n 20 100TL 4  514.5  2.09  1078  539.6  0.98   531  230.6  2.29  230.6  2.28  231.9  2.26  1609  1591 1.000  41.2  13377 1E04
24.04.2023 13:07:45  *01n 20 100TL 4  504.2  2.06  1043  539.5  0.97   524  230.6  2.36  230.6  2.34  232.1  2.32  1568  1564 1.000  41.2  13386 A254
24.04.2023 13:08:06  *01n 20 100TL 4  504.6  2.14  1081  539.4  1.02   550  230.6  2.35  230.9  2.33  231.9  2.33  1632  1551 1.000  41.2  13394 040C
24.04.2023 13:08:26  *01n 20 100TL 4  504.0  1.97   994  528.5  0.88   468  230.5  2.47  230.7  2.46  232.1  2.44  1463  1532 1.000  41.2  13403 BEDF
24.04.2023 13:08:46  *01n 20 100TL 4  524.2  2.07  1089  549.3  0.99   547  230.4  2.34  230.5  2.32  231.7  2.32  1637  1535 1.000  41.1  13411 8F28
24.04.2023 13:09:06  *01n 20 100TL 4  523.9  2.02  1062  538.3  0.94   511  230.5  2.38  230.6  2.39  231.9  2.34  1573  1533 1.000  41.1  13420 97F7
24.04.2023 13:09:26  *01n 20 100TL 4  513.4  1.94   996  538.1  0.89   479  230.5  2.27  230.7  2.24  231.9  2.21  1475  1548 1.000  41.1  13429 9A62
24.04.2023 13:09:46  *01n 20 100TL 4  512.9  2.13  1094  538.2  1.01   544  230.8  2.31  230.8  2.29  232.1  2.29  1638  1568 1.000  41.1  13437 6D73
24.04.2023 13:10:06  *01n 20 100TL 4  523.7  2.13  1118  537.7  1.01   544  230.6  2.35  230.6  2.33  231.7  2.32  1663  1589 1.000  41.0  13446 CC74
24.04.2023 13:10:26  *01n 20 100TL 4  522.4  2.14  1121  548.5  0.97   535  230.5  2.42  230.6  2.41  231.7  2.38  1657  1628 1.000  41.0  13455 3162
24.04.2023 13:10:46  *01n 20 100TL 4  512.6  2.17  1115  547.5  1.01   553  228.9  2.57  231.8  2.58  232.4  2.52  1669  1673 1.000  41.0  13464 2255
24.04.2023 13:11:06  *01n 20 100TL 4  511.8  2.16  1107  536.6  1.00   538  230.9  2.68  230.9  2.68  231.7  2.67  1646  1709 1.000  41.0  13474 9AE4
24.04.2023 13:11:26  *01n 20 100TL 4  522.0  2.20  1149  547.3  1.01   552  231.3  2.66  231.2  2.66  232.1  2.61  1701  1756 1.000  41.0  13483 D4DC
24.04.2023 13:11:46  *01n 20 100TL 4  522.2  2.29  1197  536.2  1.12   601  229.7  2.59  232.4  2.56  233.0  2.54  1799  1792 1.000  40.9  13493 27C4
24.04.2023 13:12:06  *01n 20 100TL 4  510.9  2.32  1188  536.5  1.12   604  231.5  2.68  231.9  2.66  232.9  2.64  1792  1826 1.000  40.9  13503 FAA1
24.04.2023 13:12:26  *01n 20 100TL 4  521.3  2.46  1284  546.1  1.12   614  231.1  2.91  231.7  2.91  232.5  2.89  1899  1870 1.000  40.9  13514 EADD
24.04.2023 13:12:46  *01n 20 100TL 4  520.5  2.44  1271  535.4  1.20   643  231.6  2.90  231.6  2.88  232.4  2.87  1915  1890 1.000  40.9  13524 9D50
24.04.2023 13:13:06  *01n 20 100TL 4  510.3  2.45  1252  556.3  1.09   608  231.4  2.96  231.6  2.95  232.5  2.92  1861  1908 1.000  40.9  13535 51B4
24.04.2023 13:13:26  *01n 20 100TL 4  520.2  2.41  1257  545.1  1.12   613  231.5  3.00  231.9  3.00  232.7  2.99  1870  1957 1.000  40.9  13545 E9EE
24.04.2023 13:13:46  *01n 20 100TL 4  519.2  2.56  1330  555.8  1.21   674  231.7  3.00  232.0  3.02  232.5  2.96  2005  1995 1.000  40.8  13556 C543
24.04.2023 13:14:06  *01n 20 100TL 4  519.6  2.66  1382  544.6  1.27   695  231.4  3.06  231.7  3.07  232.6  3.01  2078  2052 1.000  40.8  13568 CF48
24.04.2023 13:14:26  *01n 20 100TL 4  529.5  2.68  1420  544.7  1.27   697  231.9  3.13  232.4  3.13  233.3  3.08  2117  2092 1.000  40.8  13579 2382
24.04.2023 13:14:46  *01n 20 100TL 4  524.2  2.80  1469  554.8  1.36   758  231.9  3.25  232.2  3.23  232.9  3.23  2227  2183 1.000  40.8  13591 EA7F
24.04.2023 13:15:07  *01n 20 100TL 4  524.1  2.84  1489  543.6  1.35   738  232.4  3.36  232.8  3.36  233.6  3.30  2227  2262 1.000  40.8  13603 E880
24.04.2023 13:15:27  *01n 20 100TL 4  529.3  2.86  1516  532.8  1.45   775  232.5  3.46  232.9  3.45  233.8  3.40  2291  2331 1.000  40.7  13616 B351
24.04.2023 13:15:47  *01n 20 100TL 4  525.2  3.22  1695  543.0  1.62   883  232.8  3.56  232.9  3.53  233.8  3.52  2578  2473 1.000  40.7  13630 FFA6
24.04.2023 13:16:07  *01n 20 100TL 4  525.8  3.43  1806  541.9  1.66   903  232.8  3.84  233.3  3.84  234.0  3.79  2710  2609 1.000  40.7  13644 E528
24.04.2023 13:16:27  *01n 20 100TL 4  524.0  3.52  1849  542.8  1.69   918  232.5  3.85  233.3  3.83  233.9  3.80  2767  2731 1.000  40.7  13658 7B06
24.04.2023 13:16:47  *01n 20 100TL 4  523.7  3.53  1850  541.7  1.78   967  233.4  4.03  233.8  4.05  234.6  3.97  2818  2771 1.000  40.7  13673 147C
24.04.2023 13:17:07  *01n 20 100TL 4  518.7  3.59  1863  541.7  1.72   933  233.5  4.23  234.0  4.23  234.7  4.19  2796  2839 1.000  40.7  13689 6E02
24.04.2023 13:17:27  *01n 20 100TL 4  509.5  3.94  2011  552.2  1.90  1052  234.2  4.37  234.4  4.37  235.2  4.30  3064  2983 1.000  40.7  13706 D9DB
24.04.2023 13:17:47  *01n 20 100TL 4  507.4  4.36  2212  541.8  2.19  1188  233.5  4.92  234.7  4.93  235.3  4.87  3401  3395 1.000  40.7  13724 8DCB
24.04.2023 13:18:07  *01n 20 100TL 4  520.9  4.74  2471  550.1  2.30  1269  233.6  5.19  234.7  5.18  235.4  5.15  3741  3707 1.000  40.6  13743 75B1
24.04.2023 13:18:27  *01n 20 100TL 4  538.3  6.09  3279  566.8  3.17  1802  233.4  7.11  234.5  7.13  235.3  7.10  5081  4838 1.000  40.6  13765 6334
24.04.2023 13:18:47  *01n 20 100TL 4  514.0  4.51  2322  577.5  2.02  1170  233.0  5.08  234.2  5.10  234.9  5.04  3492  3561 1.000  40.6  13786 EE78
24.04.2023 13:19:07  *01n 20 100TL 4  515.4  4.91  2534  553.5  2.37  1315  234.1  5.52  234.2  5.51  235.0  5.50  3849  3860 1.000  40.6  13808 5027
24.04.2023 13:19:27  *01n 20 100TL 4  541.7  9.31  5049  554.4  5.27  2923  235.8 11.06  235.3 11.07  235.3 11.04  7972  7707 1.000  40.6  13836 C0D3
24.04.2023 13:19:47  *01n 20 100TL 4  544.4  8.39  4571  556.1  4.66  2598  234.8 10.05  235.7 10.07  236.0 10.01  7170  6846 1.000  40.6  13876 4EC5
24.04.2023 13:20:07  *01n 20 100TL 4  526.3  5.06  2670  552.9  2.50  1387  234.3  5.67  235.4  5.67  235.9  5.62  4057  3987 1.000  40.6  13909 EBAF
24.04.2023 13:20:27  *01n 20 100TL 4  525.6  9.13  4803  552.7  4.62  2554  234.5 10.26  235.9 10.28  236.3 10.27  7357  7316 1.000  40.6  13943 3B15
24.04.2023 13:20:47  *01n 20 100TL 4  543.9  8.31  4521  559.3  4.66  2606  234.6  9.91  235.8  9.92  236.3  9.89  7127  6982 1.000  40.6  13979 431D
24.04.2023 13:21:07  *01n 20 100TL 4  533.2  8.70  4643  545.0  4.70  2568  235.4  9.97  235.7  9.96  235.9  9.94  7211  7115 1.000  40.6  14016 5AF6
24.04.2023 13:21:28  *01n 20 100TL 4  535.6  7.07  3790  542.6  4.00  2174  234.8  8.22  236.0  8.21  236.1  8.19  5964  5922 1.000  40.6  14054 DF4D
24.04.2023 13:21:48  *01n 20 100TL 4  528.3  8.39  4438  550.5  4.40  2427  235.0  9.86  236.2  9.87  236.6  9.84  6866  6854 1.000  40.6  14090 2F74
24.04.2023 13:22:08  *01n 20 100TL 4  517.7  8.58  4441  539.6  4.37  2360  235.2  9.49  236.3  9.50  236.8  9.44  6802  6701 1.000  40.6  14128 23BF
24.04.2023 13:22:28  *01n 20 100TL 4  518.3  8.11  4208  540.0  4.22  2284  235.2  9.17  236.6  9.18  237.1  9.13  6492  6456 1.000  40.6  14167 DB20
24.04.2023 13:22:48  *01n 20 100TL 4  511.9  8.15  4176  543.6  3.97  2163  235.4  9.02  236.6  9.04  237.0  8.98  6340  6340 1.000  40.6  14202 5DE2
24.04.2023 13:23:08  *01n 20 100TL 4  506.1  8.23  4170  533.9  4.04  2157  235.4  8.99  236.4  9.01  236.8  8.96  6327  6332 1.000  40.6  14235 3B9A
24.04.2023 13:23:28  *01n 20 100TL 4  496.9  8.40  4176  533.7  4.10  2189  235.0  8.68  236.3  8.70  236.7  8.65  6366  6218 1.000  40.7  14270 D4F0
24.04.2023 13:23:48  *01n 20 100TL 4  497.1  8.24  4100  533.8  3.93  2099  234.8  8.54  236.1  8.55  236.7  8.53  6199  6091 1.000  40.7  14305 4BCD
24.04.2023 13:24:08  *01n 20 100TL 4  496.9  7.95  3953  523.1  3.90  2043  235.1  8.44  235.9  8.43  236.6  8.41  5996  6010 1.000  40.7  14340 0047
24.04.2023 13:24:28  *01n 20 100TL 4  496.7  7.95  3952  523.3  3.99  2088  234.9  8.35  235.9  8.34  236.4  8.32  6041  5949 1.000  40.7  14373 85CB
24.04.2023 13:24:48  *01n 20 100TL 4  492.6  7.92  3903  518.1  3.89  2017  235.0  8.27  236.1  8.27  236.5  8.23  5920  5894 1.000  40.7  14406 9D53
24.04.2023 13:25:08  *01n 20 100TL 4  496.5  7.85  3900  518.2  3.88  2012  234.9  8.46  236.2  8.46  236.6  8.45  6028  5873 1.000  40.7  14439 8716
24.04.2023 13:25:28  *01n 20 100TL 4  496.4  7.88  3913  518.3  3.97  2061  235.0  8.34  236.1  8.36  236.4  8.30  5975  5839 1.000  40.8  14470 01D9
24.04.2023 13:25:48  *01n 20 100TL 4  496.3  7.81  3878  517.9  3.89  2018  235.5  8.27  235.7  8.28  236.3  8.25  5897  5813 1.000  40.8  14504 683B
24.04.2023 13:26:08  *01n 20 100TL 4  491.4  7.72  3796  517.8  3.78  1957  234.9  8.34  236.0  8.34  236.5  8.31  5754  5784 1.000  40.8  14536 38CA
24.04.2023 13:26:28  *01n 20 100TL 4  491.5  7.73  3799  512.6  3.89  1995  235.9  8.24  235.9  8.24  236.2  8.19  5795  5764 1.000  40.9  14568 1697
24.04.2023 13:26:48  *01n 20 100TL 4  488.8  4.73  2316  522.3  2.20  1149  235.1  4.93  235.3  4.92  235.9  4.88  3465  3555 1.000  40.9  14598 5A11
24.04.2023 13:27:08  *01n 20 100TL 4  489.9  6.09  2986  534.7  3.06  1638  234.9  6.42  236.0  6.43  236.6  6.39  4625  4606 1.000  40.9  14622 91B4
24.04.2023 13:27:28  *01n 20 100TL 4  471.9  3.90  1843  533.6  1.78   950  234.4  3.81  235.5  3.81  236.0  3.78  2793  2995 1.000  40.9  14639 8993
24.04.2023 13:27:48  *01n 20 100TL 4  518.5  7.23  3750  551.4  3.52  1942  234.8  8.17  236.1  8.16  236.4  8.15  5693  5615 1.000  40.9  14663 4A88
24.04.2023 13:28:08  *01n 20 100TL 4  494.7  7.99  3956  535.0  3.75  2011  235.0  8.52  236.2  8.53  236.7  8.52  5967  5990 1.000  41.0  14696 D87A
24.04.2023 13:28:29  *01n 20 100TL 4  491.2  8.18  4020  520.0  4.06  2116  234.5  8.57  235.6  8.56  236.5  8.56  6137  6059 1.000  41.0  14729 E486
24.04.2023 13:28:49  *01n 20 100TL 4  491.3  8.20  4034  514.9  4.02  2072  235.0  8.62  236.3  8.63  236.5  8.61  6106  6015 1.000  41.0  14763 4A4A
24.04.2023 13:29:09  *01n 20 100TL 4  491.0  8.05  3958  514.7  4.03  2076  235.1  8.56  236.0  8.56  236.7  8.55  6034  5967 1.000  41.0  14797 3DD5
24.04.2023 13:29:29  *01n 20 100TL 4  488.8  8.12  3968  514.8  4.03  2079  235.0  8.43  236.1  8.43  236.5  8.38  6048  5920 1.000  41.1  14830 77C8
24.04.2023 13:29:49  *01n 20 100TL 4  486.1  8.10  3942  520.0  3.89  2026  235.6  8.38  236.6  8.39  237.0  8.33  5969  5893 1.000  41.1  14862 4740
24.04.2023 13:30:09  *01n 20 100TL 4  486.4  8.16  3971  509.4  4.00  2038  235.4  8.34  236.6  8.33  237.0  8.30  6010  5937 1.000  41.1  14895 8CD9
24.04.2023 13:30:29  *01n 20 100TL 4  486.2  7.96  3874  509.4  4.01  2041  235.5  8.35  236.7  8.37  236.8  8.31  5915  5865 1.000  41.2  14927 9C5A
24.04.2023 13:30:49  *01n 20 100TL 4  486.6  8.08  3935  504.4  4.01  2023  236.7  8.32  236.0  8.31  235.9  8.33  5958  5876 1.000  41.2  14961 D277
24.04.2023 13:31:09  *01n 20 100TL 4  486.0  8.00  3892  503.9  4.03  2035  235.4  8.31  236.4  8.31  236.3  8.27  5928  5914 1.000  41.2  14994 78A2
24.04.2023 13:31:29  *01n 20 100TL 4  490.6  8.04  3945  504.1  4.12  2079  235.1  8.54  236.3  8.56  236.3  8.53  6025  5943 1.000  41.2  15027 050D
24.04.2023 13:31:49  *01n 20 100TL 4  479.9  8.38  4025  503.9  4.13  2085  235.6  8.69  236.2  8.69  236.3  8.67  6111  6042 1.000  41.3  15060 4787
24.04.2023 13:32:09  *01n 20 100TL 4  483.5  2.19  1062  514.6  1.05   544  234.4  2.31  234.9  2.31  235.3  2.28  1606  1559 1.000  41.3  15087 205E
24.04.2023 13:32:29  *01n 20 100TL 4  509.6  7.11  3624  511.7  4.15  2125  235.1  8.32  235.5  8.33  236.2  8.28  5749  5169 1.000  41.3  15101 D5F7
24.04.2023 13:32:49  *01n 20 100TL 4  499.2  4.71  2349  496.4  2.25  1118  234.7  5.09  235.2  5.09  235.6  5.08  3468  3350 0.999c  41.4  15132 595B
24.04.2023 13:33:09  *01n 20 100TL 4  481.2  8.63  4155  495.6  4.30  2134  235.5  8.82  236.1  8.85  236.5  8.78  6289  6211 1.000  41.4  15163 1C38
24.04.2023 13:33:29  *01n 20 100TL 4  481.0  8.50  4090  506.0  4.28  2166  235.2  8.88  235.8  8.90  236.1  8.85  6257  6248 1.000  41.4  15198 5460
24.04.2023 13:33:49  *01n 20 100TL 4  486.6  8.66  4217  506.4  4.29  2174  234.6  8.89  235.5  8.91  235.8  8.88  6392  6260 1.000  41.5  15233 F7D6
24.04.2023 13:34:09  *01n 20 100TL 4  487.3  8.52  4151  504.4  4.30  2171  234.7  9.04  235.5  9.03  235.9  9.02  6323  6320 1.000  41.5  15269 4C2F
24.04.2023 13:34:30  *01n 20 100TL 4  485.4  8.64  4196  505.5  4.36  2207  234.5  9.00  235.4  9.03  235.8  8.97  6404  6308 1.000  41.5  15303 747F
24.04.2023 13:34:50  *01n 20 100TL 4  485.0  8.60  4176  505.7  4.38  2215  234.9  9.03  235.6  9.05  236.2  8.99  6392  6327 1.000  41.5  15338 214F
24.04.2023 13:35:10  *01n 20 100TL 4  527.3  5.08  2684  531.0  2.96  1577  234.4  6.41  234.8  6.42  235.4  6.39  4261  3498 1.000  41.5  15361 5039
24.04.2023 13:35:30  *01n 20 100TL 4  512.9  7.19  3692  527.3  3.86  2040  234.8  8.08  235.3  8.09  235.8  8.07  5732  5354 1.000  41.6  15386 DD22
24.04.2023 13:35:50  *01n 20 100TL 4  486.4  8.80  4281  507.0  4.40  2233  234.9  9.14  235.5  9.15  235.9  9.15  6515  6437 1.000  41.6  15420 DB90
24.04.2023 13:36:10  *01n 20 100TL 4  489.7  8.81  4313  508.9  4.42  2250  235.0  9.11  235.5  9.12  235.7  9.10  6564  6478 1.000  41.7  15456 EEAC
24.04.2023 13:36:30  *01n 20 100TL 4  484.9  9.03  4383  509.0  4.54  2314  234.9  9.35  235.4  9.35  236.0  9.35  6698  6581 1.000  41.7  15492 A18F
24.04.2023 13:36:50  *01n 20 100TL 4  487.5  9.10  4441  507.4  4.64  2355  235.1  9.30  235.5  9.29  235.6  9.28  6797  6633 1.000  41.7  15527 B24E
24.04.2023 13:37:10  *01n 20 100TL 4  481.4  9.33  4492  512.3  4.54  2330  234.8  9.52  235.3  9.54  235.6  9.49  6822  6692 1.000  41.7  15564 EF60
24.04.2023 13:37:30  *01n 20 100TL 4  478.7  9.34  4472  502.6  4.72  2372  234.0  9.64  235.3  9.66  235.6  9.60  6845  6808 1.000  41.7  15601 9FA6
24.04.2023 13:37:50  *01n 20 100TL 4  489.5  9.46  4635  508.0  4.82  2450  234.1  9.86  235.2  9.87  235.6  9.84  7086  6993 1.000  41.8  15641 549A
24.04.2023 13:38:10  *01n 20 100TL 4  480.7  9.70  4667  505.0  4.79  2420  234.8  9.91  234.9  9.89  235.5  9.89  7087  7016 1.000  41.8  15680 4A32
24.04.2023 13:38:30  *01n 20 100TL 4  465.5  8.41  3915  500.7  4.37  2192  233.9  8.44  235.2  8.43  235.6  8.44  6108  6199 1.000  41.8  15718 02CA
24.04.2023 13:38:50  *01n 20 100TL 4  479.5  9.71  4660  508.8  4.83  2462  233.7  9.98  235.0 10.01  235.5  9.94  7122  6991 1.000  41.9  15756 97A4
24.04.2023 13:39:10  *01n 20 100TL 4  478.7  9.87  4727  506.8  4.85  2461  234.0 10.08  235.3 10.10  235.6 10.08  7188  7095 1.000  41.9  15793 1203
24.04.2023 13:39:30  *01n 20 100TL 4  471.0  7.02  3308  509.0  3.56  1815  233.5  7.08  234.7  7.07  235.6  7.06  5123  5012 1.000  41.9  15833 7030
24.04.2023 13:39:50  *01n 20 100TL 4  487.0  4.25  2070  515.6  2.17  1120  233.6  4.61  233.4  4.62  235.0  4.56  3190  3117 1.000  42.0  15862 AC17
24.04.2023 13:40:10  *01n 20 100TL 4  496.1  6.90  3425  533.4  3.44  1840  233.8  7.55  234.9  7.57  235.5  7.52  5265  4960 1.000  42.0  15882 D230
24.04.2023 13:40:30  *01n 20 100TL 4  491.3  8.72  4284  534.0  4.15  2217  233.8  8.97  234.7  8.96  235.7  8.94  6501  6243 1.000  42.0  15919 BF28
24.04.2023 13:40:51  *01n 20 100TL 4  503.2  4.96  2500  545.4  2.25  1231  232.7  5.21  233.7  5.18  234.6  5.18  3732  3656 1.000  42.0  15942 ADD9
24.04.2023 13:41:11  *01n 20 100TL 4  505.5  9.03  4570  548.1  4.17  2288  233.4  9.55  234.5  9.54  235.2  9.53  6858  6756 1.000  42.1  15976 B1A7
24.04.2023 13:41:31  *01n 20 100TL 4  503.4  5.01  2523  545.3  2.28  1249  232.4  5.40  233.3  5.41  234.1  5.37  3773  3488 1.000  42.1  16011 AAD9
24.04.2023 13:41:51  *01n 20 100TL 4  501.6  3.78  1899  571.4  1.13   646  232.6  3.71  233.4  3.77  234.3  3.73  2546  2595 1.000  42.1  16034 9964
24.04.2023 13:42:11  *01n 20 100TL 4  499.8  5.17  2586  592.8  1.09   650  233.0  4.74  234.2  4.80  234.6  4.72  3236  3247 1.000  42.2  16051 D4AD
24.04.2023 13:42:31  *01n 20 100TL 4  509.5  8.91  4541  596.0  2.17  1293  234.1  8.10  235.5  8.11  235.9  8.08  5835  5717 1.000  42.2  16078 7C2A
24.04.2023 13:42:51  *01n 20 100TL 4  510.9  8.66  4428  574.7  3.18  1832  234.0  8.91  235.5  8.92  236.0  8.89  6260  6167 1.000  42.2  16110 D3E4
24.04.2023 13:43:11  *01n 20 100TL 4  505.1  8.96  4527  562.8  3.53  1988  233.8  9.05  235.2  9.06  235.8  9.03  6515  6396 1.000  42.3  16145 7B90
24.04.2023 13:43:31  *01n 20 100TL 4  491.9  9.64  4744  553.4  3.89  2156  233.6  9.73  235.2  9.74  235.7  9.72  6900  6747 1.000  42.3  16179 8473
24.04.2023 13:43:51  *01n 20 100TL 4  493.0  4.79  2363  558.5  1.77   993  233.5  4.74  234.9  4.82  235.5  4.75  3356  3318 1.000  42.3  16208 A9B2
24.04.2023 13:44:11  *01n 20 100TL 4  519.6  5.50  2859  558.3  2.84  1589  233.6  6.22  235.0  6.20  235.5  6.16  4449  4249 1.000  42.3  16224 8C4F
24.04.2023 13:44:31  *01n 20 100TL 4  500.7  5.05  2532  564.3  1.87  1054  233.3  5.27  234.5  5.26  235.2  5.23  3587  3688 1.000  42.4  16253 ACB5
24.04.2023 13:44:51  *01n 20 100TL 4  503.7  9.11  4592  581.1  2.85  1660  234.6  8.84  234.8  8.83  235.6  8.81  6253  6272 1.000  42.4  16278 D358
24.04.2023 13:45:11  *01n 20 100TL 4  516.5  4.82  2493  562.8  1.96  1106  233.3  5.01  234.7  5.04  235.4  4.99  3599  3547 1.000  42.4  16299 81C1
24.04.2023 13:45:31  *01n 20 100TL 4  527.2  7.57  3994  587.6  2.57  1513  233.7  7.81  235.3  7.81  235.8  7.80  5508  5387 1.000  42.4  16318 4AC2
24.04.2023 13:45:51  *01n 20 100TL 4  495.3  5.81  2880  568.7  1.99  1138  233.3  5.40  234.4  5.36  235.1  5.31  4019  4017 1.000  42.5  16350 7502
24.04.2023 13:46:11  *01n 20 100TL 4  527.2  6.63  3498  550.5  3.64  2006  233.3  7.98  234.7  7.97  235.5  7.94  5505  5424 1.000  42.5  16368 160C
24.04.2023 13:46:31  *01n 20 100TL 4  510.8  9.01  4603  547.3  4.26  2336  234.0  9.81  234.8  9.80  235.8  9.80  6939  6857 1.000  42.5  16405 63E4
24.04.2023 13:46:51  *01n 20 100TL 4  526.7  4.70  2479  529.3  2.77  1467  232.7  5.60  234.0  5.60  234.7  5.53  3947  3796 1.000  42.5  16430 E3F3
24.04.2023 13:47:11  *01n 20 100TL 4  536.9  5.60  3010  538.1  3.83  2064  232.7  7.15  233.9  7.15  234.8  7.12  5075  4673 1.000  42.5  16451 3390
24.04.2023 13:47:32  *01n 20 100TL 4  507.2  5.49  2787  504.1  3.03  1533  232.3  6.24  233.5  6.22  234.4  6.22  4321  4306 1.000  42.6  16481 A1E6
24.04.2023 13:47:52  *01n 20 100TL 4  530.9  6.59  3503  517.0  4.06  2102  232.6  7.97  233.9  7.98  234.6  7.95  5606  5539 1.000  42.6  16503 A869
24.04.2023 13:48:12  *01n 20 100TL 4  519.8  3.16  1646  516.6  1.94  1005  231.4  3.74  232.8  3.70  233.5  3.70  2652  2569 1.000  42.6  16531 DAA0
24.04.2023 13:48:32  *01n 20 100TL 4  506.4  3.10  1570  516.2  1.64   851  231.7  3.69  232.4  3.69  232.9  3.64  2421  2465 1.000  42.6  16544 6A89
24.04.2023 13:48:52  *01n 20 100TL 4  507.1  9.03  4580  511.5  4.87  2490  232.0  9.96  233.0  9.94  233.7  9.94  7071  7005 1.000  42.6  16568 3F33
24.04.2023 13:49:12  *01n 20 100TL 4  506.1  2.37  1200  505.6  1.35   685  230.9  2.81  231.9  2.78  232.9  2.77  1886  1887 1.000  42.7  16593 5882
24.04.2023 13:49:32  *01n 20 100TL 4  490.1  2.32  1139  505.7  1.21   611  230.6  2.58  231.6  2.60  232.8  2.54  1751  1716 1.000  42.7  16603 65DE
24.04.2023 13:49:52  *01n 20 100TL 4  489.4  2.16  1057  505.4  1.05   534  230.2  2.47  231.4  2.45  232.8  2.41  1591  1606 1.000  42.7  16612 D4B8
24.04.2023 13:50:12  *01n 20 100TL 4  493.5  2.09  1033  502.2  1.05   531  231.1  2.38  231.2  2.38  232.6  2.36  1564  1553 1.000  42.7  16621 6941
24.04.2023 13:50:32  *01n 20 100TL 4  494.1  2.02   999  511.8  1.05   540  230.8  2.47  231.0  2.45  232.1  2.45  1539  1594 1.000  42.7  16629 A2B9
24.04.2023 13:50:52  *01n 20 100TL 4  487.9  2.31  1126  511.7  1.10   563  231.0  2.38  231.1  2.34  232.4  2.33  1689  1586 1.000  42.7  16639 8A41
24.04.2023 13:51:12  *01n 20 100TL 4  488.0  1.99   973  511.7  0.97   497  231.4  2.46  231.3  2.43  232.8  2.39  1470  1521 1.000  42.7  16648 4148
24.04.2023 13:51:32  *01n 20 100TL 4  497.7  2.06  1028  511.4  1.04   537  231.3  2.26  231.2  2.23  232.4  2.21  1565  1503 1.000  42.7  16657 223C
24.04.2023 13:51:52  *01n 20 100TL 4  497.6  2.16  1075  511.2  1.01   518  231.4  2.31  231.2  2.29  232.5  2.25  1594  1498 1.000  42.7  16665 BF0F
24.04.2023 13:52:12  *01n 20 100TL 4  487.4  1.87   914  510.8  0.92   473  230.9  2.28  231.1  2.29  232.3  2.21  1387  1477 1.000  42.7  16673 4983
24.04.2023 13:52:32  *01n 20 100TL 4  488.1  2.10  1025  510.9  1.03   529  231.2  2.19  231.1  2.18  232.5  2.14  1554  1478 1.000  42.7  16681 6521
24.04.2023 13:52:52  *01n 20 100TL 4  487.7  2.16  1058  519.6  1.01   526  232.8  2.24  231.0  2.22  231.4  2.21  1585  1509 1.000  42.7  16690 6D6A
24.04.2023 13:53:12  *01n 20 100TL 4  506.3  1.98  1005  521.3  0.93   485  231.2  2.41  231.0  2.37  232.2  2.33  1490  1544 1.000  42.7  16698 89EF
24.04.2023 13:53:32  *01n 20 100TL 4  506.1  2.07  1052  520.8  1.04   543  231.4  2.29  231.4  2.31  232.5  2.26  1596  1585 1.000  42.7  16707 B841
24.04.2023 13:53:52  *01n 20 100TL 4  505.5  2.30  1165  520.0  1.10   575  232.2  2.42  231.7  2.34  233.1  2.36  1741  1657 1.000  42.7  16716 724B
24.04.2023 13:54:13  *01n 20 100TL 4  496.3  2.25  1118  519.2  1.06   552  232.6  2.69  231.7  2.60  233.0  2.63  1670  1716 1.000  42.7  16725 3C5F
24.04.2023 13:54:33  *01n 20 100TL 4  500.4  2.32  1164  524.3  1.11   587  232.1  2.80  232.5  2.87  233.6  2.85  1751  1805 1.000  42.7  16735 13BE
24.04.2023 13:54:53  *01n 20 100TL 4  499.7  2.33  1165  523.8  1.15   602  232.4  2.66  232.2  2.60  233.5  2.57  1768  1869 1.000  42.6  16745 222B
24.04.2023 13:55:13  *01n 20 100TL 4  499.8  2.69  1345  523.5  1.26   662  232.4  3.03  232.3  3.01  233.7  3.02  2008  1962 1.000  42.6  16756 6A79
24.04.2023 13:55:33  *01n 20 100TL 4  499.4  2.84  1420  534.0  1.32   706  232.5  3.07  232.5  3.04  233.7  3.05  2127  2046 1.000  42.6  16767 2EC9
24.04.2023 13:55:53  *01n 20 100TL 4  509.3  2.76  1408  533.6  1.37   733  232.6  3.21  232.8  3.23  233.8  3.21  2142  2119 1.000  42.6  16779 FD5C
24.04.2023 13:56:13  *01n 20 100TL 4  511.3  3.05  1564  533.3  1.47   785  231.9  3.54  233.1  3.54  234.3  3.52  2349  2331 1.000  42.6  16791 A8E3
24.04.2023 13:56:33  *01n 20 100TL 4  510.9  3.17  1623  535.9  1.53   825  232.0  3.57  233.2  3.57  234.4  3.54  2449  2418 1.000  42.6  16806 462F
24.04.2023 13:56:53  *01n 20 100TL 4  511.1  2.99  1530  536.3  1.46   784  231.9  3.36  233.0  3.39  234.0  3.34  2314  2287 1.000  42.6  16819 1D4F
24.04.2023 13:57:13  *01n 20 100TL 4  506.1  2.77  1405  535.1  1.36   727  232.1  3.21  233.3  3.21  234.2  3.20  2133  2211 1.000  42.5  16831 0B22
24.04.2023 13:57:33  *01n 20 100TL 4  505.9  2.96  1501  534.7  1.40   749  231.9  3.28  232.9  3.28  233.7  3.23  2250  2249 1.000  42.5  16844 FE2A
24.04.2023 13:57:53  *01n 20 100TL 4  516.0  2.89  1495  524.2  1.48   779  231.9  3.42  232.9  3.42  233.9  3.37  2275  2317 1.000  42.5  16857 9239
24.04.2023 13:58:13  *01n 20 100TL 4  516.1  2.89  1495  545.1  1.41   770  231.6  3.29  232.7  3.29  233.7  3.25  2265  2218 1.000  42.5  16870 0AAB
24.04.2023 13:58:33  *01n 20 100TL 4  515.8  2.83  1464  534.2  1.34   721  231.6  3.21  232.6  3.19  233.5  3.14  2186  2154 1.000  42.5  16882 2FBE
24.04.2023 13:58:53  *01n 20 100TL 4  513.7  2.76  1420  534.0  1.38   743  230.8  3.10  232.0  3.11  232.9  3.05  2163  2088 1.000  42.5  16894 7F98
24.04.2023 13:59:13  *01n 20 100TL 4  515.5  2.56  1321  533.9  1.29   694  231.1  3.00  232.0  2.97  232.6  2.94  2015  2000 1.000  42.4  16905 EEEF
24.04.2023 13:59:33  *01n 20 100TL 4  515.7  2.49  1289  533.9  1.19   639  231.2  2.85  232.0  2.85  233.0  2.79  1928  1908 1.000  42.4  16916 2673
24.04.2023 13:59:53  *01n 20 100TL 4  515.5  2.36  1217  533.5  1.17   624  230.9  2.61  232.1  2.57  233.0  2.56  1841  1826 1.000  42.4  16927 F8DB
24.04.2023 14:00:13  *01n 20 100TL 4  515.3  2.27  1173  533.3  1.13   605  231.1  2.56  232.2  2.56  233.3  2.54  1779  1763 1.000  42.4  16936 0609
24.04.2023 14:00:33  *01n 20 100TL 4  506.3  2.40  1219  533.2  1.10   587  231.1  2.49  232.0  2.46  232.9  2.42  1806  1705 1.000  42.4  16946 C695
24.04.2023 14:00:53  *01n 20 100TL 4  507.2  2.27  1152  532.9  1.04   558  231.6  2.57  232.5  2.57  233.5  2.52  1710  1690 1.000  42.4  16956 ED11
24.04.2023 14:01:14  *01n 20 100TL 4  504.9  2.15  1089  532.7  1.04   558  231.4  2.69  232.7  2.68  233.3  2.66  1647  1710 1.000  42.3  16965 AD48
24.04.2023 14:01:34  *01n 20 100TL 4  514.4  2.23  1150  532.4  1.03   552  231.3  2.56  232.3  2.58  233.1  2.53  1702  1684 1.000  42.3  16974 0BD4
24.04.2023 14:01:54  *01n 20 100TL 4  514.3  2.33  1202  532.2  1.10   587  231.6  2.67  232.6  2.66  233.6  2.63  1789  1687 1.000  42.3  16984 8C0A
24.04.2023 14:02:14  *01n 20 100TL 4  514.0  2.19  1127  532.0  1.07   573  232.2  2.67  231.9  2.66  233.1  2.63  1701  1690 1.000  42.3  16993 BC65
24.04.2023 14:02:34  *01n 20 100TL 4  512.6  2.18  1118  531.5  1.02   543  232.0  2.46  232.0  2.42  233.1  2.41  1661  1683 1.000  42.2  17003 C8F9
24.04.2023 14:02:54  *01n 20 100TL 4  516.2  2.20  1141  532.3  1.03   552  232.2  2.37  232.1  2.35  233.3  2.32  1693  1663 1.000  42.2  17012 49CF
24.04.2023 14:03:14  *01n 20 100TL 4  506.9  2.19  1112  534.5  1.05   563  232.0  2.51  232.1  2.50  232.9  2.49  1675  1646 1.000  42.2  17021 F46B
24.04.2023 14:03:34  *01n 20 100TL 4  513.1  2.16  1107  531.0  1.03   549  232.1  2.48  232.0  2.49  233.0  2.40  1657  1632 1.000  42.2  17030 A8B2
24.04.2023 14:03:54  *01n 20 100TL 4  512.9  2.19  1126  530.6  0.99   527  232.1  2.55  232.0  2.55  233.0  2.52  1654  1634 1.000  42.1  17039 672B
24.04.2023 14:04:14  *01n 20 100TL 4  522.3  2.16  1130  541.1  1.05   573  232.1  2.49  232.2  2.49  233.2  2.44  1704  1629 1.000  42.1  17048 B988
24.04.2023 14:04:34  *01n 20 100TL 4  504.4  2.25  1138  541.0  1.03   561  232.2  2.50  232.2  2.49  233.2  2.49  1699  1663 1.000  42.1  17058 C205
24.04.2023 14:04:54  *01n 20 100TL 4  515.3  2.12  1097  532.7  0.99   529  232.0  2.68  232.0  2.67  233.1  2.65  1626  1713 1.000  42.1  17067 CC6F
24.04.2023 14:05:14  *01n 20 100TL 4  526.2  2.26  1190  533.6  1.15   619  232.4  2.55  232.4  2.52  233.6  2.50  1809  1745 1.000  42.1  17077 61C0
24.04.2023 14:05:34  *01n 20 100TL 4  516.7  2.29  1185  546.7  1.05   575  232.6  2.72  232.6  2.70  233.6  2.67  1760  1800 1.000  42.0  17087 CF00
24.04.2023 14:05:54  *01n 20 100TL 4  521.4  2.46  1286  539.4  1.15   624  233.0  2.66  233.0  2.65  234.0  2.63  1910  1828 1.000  42.0  17096 7072
24.04.2023 14:06:14  *01n 20 100TL 4  512.9  2.43  1248  550.3  1.15   634  233.0  2.84  233.1  2.83  234.3  2.82  1882  1849 1.000  42.0  17107 52C1
24.04.2023 14:06:34  *01n 20 100TL 4  517.5  2.42  1252  539.9  1.19   643  233.3  2.87  233.4  2.88  234.6  2.85  1896  1879 1.000  42.0  17117 41D9
24.04.2023 14:06:54  *01n 20 100TL 4  505.3  2.62  1324  540.8  1.20   653  233.7  2.67  233.5  2.68  235.0  2.63  1977  1887 1.000  41.9  17128 59C4
24.04.2023 14:07:14  *01n 20 100TL 4  515.3  2.51  1295  535.1  1.23   663  234.1  2.86  234.5  2.86  235.3  2.81  1959  1930 1.000  41.9  17138 071A
24.04.2023 14:07:35  *01n 20 100TL 4  524.0  2.53  1330  544.0  1.26   685  234.5  2.81  234.8  2.78  235.5  2.77  2015  1968 1.000  41.9  17149 3230
24.04.2023 14:07:55  *01n 20 100TL 4  525.3  2.50  1318  532.5  1.22   651  234.5  3.09  234.9  3.11  235.9  3.08  1969  2053 1.000  41.9  17161 3200
24.04.2023 14:08:15  *01n 20 100TL 4  523.2  3.16  1654  538.5  1.59   857  234.6  3.80  234.9  3.78  235.8  3.75  2511  2520 1.000  41.9  17172 9BA8
24.04.2023 14:08:35  *01n 20 100TL 4  505.2  4.40  2224  559.7  2.21  1239  235.2  4.72  235.1  4.71  236.5  4.69  3463  3451 1.000  41.8  17191 2F56
24.04.2023 14:08:55  *01n 20 100TL 4  527.1  7.83  4127  541.0  4.16  2252  235.6  9.10  236.1  9.11  237.0  9.06  6379  6266 1.000  41.8  17212 3A3C
24.04.2023 14:09:15  *01n 20 100TL 4  510.7  3.76  1922  527.3  1.84   973  234.9  4.21  234.8  4.21  236.3  4.19  2896  2897 1.000  41.8  17245 8BBF
24.04.2023 14:09:35  *01n 20 100TL 4  518.2  4.24  2198  525.1  2.13  1118  234.9  4.60  234.5  4.59  236.2  4.57  3317  3279 1.000  41.8  17268 BE65
24.04.2023 14:09:55  *01n 20 100TL 4  526.2  3.41  1795  545.3  1.66   906  234.4  4.01  234.3  4.01  235.5  4.00  2702  2734 1.000  41.8  17285 45B7
24.04.2023 14:10:15  *01n 20 100TL 4  531.4  3.12  1660  533.6  1.68   901  234.2  3.63  234.2  3.61  235.5  3.59  2561  2539 1.000  41.7  17300 0A67
24.04.2023 14:10:35  *01n 20 100TL 4  527.6  2.93  1550  535.4  1.56   839  234.5  3.66  234.5  3.65  235.9  3.61  2389  2439 1.000  41.7  17313 C0C5
24.04.2023 14:10:55  *01n 20 100TL 4  526.2  3.17  1667  532.0  1.61   859  234.3  3.64  234.5  3.64  235.7  3.59  2526  2479 1.000  41.7  17327 8D10
24.04.2023 14:11:15  *01n 20 100TL 4  521.9  3.15  1644  543.3  1.58   862  234.6  3.78  235.0  3.77  236.1  3.76  2507  2560 1.000  41.7  17341 17BB
24.04.2023 14:11:35  *01n 20 100TL 4  517.7  5.89  3054  557.1  2.72  1516  235.4  6.32  235.8  6.31  236.5  6.28  4571  4568 1.000  41.7  17364 653A
24.04.2023 14:11:55  *01n 20 100TL 4  506.2  4.78  2423  572.6  1.90  1087  235.3  5.03  235.8  5.03  236.4  5.01  3511  3532 1.000  41.7  17383 96B8
24.04.2023 14:12:15  *01n 20 100TL 4  522.9  8.50  4448  568.3  3.94  2243  236.9  9.56  236.8  9.56  237.7  9.54  6691  6710 1.000  41.7  17410 5F23
24.04.2023 14:12:35  *01n 20 100TL 4  520.8  8.24  4296  568.3  3.77  2146  235.9  9.04  237.0  9.03  237.5  9.03  6443  6361 1.000  41.6  17446 BA23
24.04.2023 14:12:55  *01n 20 100TL 4  520.3  8.08  4208  569.3  3.63  2069  235.9  8.59  237.5  8.58  237.9  8.54  6277  6138 1.000  41.6  17481 62BE
24.04.2023 14:13:16  *01n 20 100TL 4  520.3  7.60  3955  557.5  3.64  2032  235.9  8.50  237.4  8.54  237.9  8.47  5987  6005 1.000  41.6  17515 317D
24.04.2023 14:13:36  *01n 20 100TL 4  520.3  7.29  3797  545.9  3.69  2020  235.9  8.32  237.2  8.35  237.7  8.29  5818  5851 1.000  41.6  17548 3E2E
24.04.2023 14:13:56  *01n 20 100TL 4  520.6  7.21  3755  545.7  3.57  1951  236.0  7.93  236.8  7.91  237.8  7.89  5706  5680 1.000  41.6  17580 C4F1
24.04.2023 14:14:16  *01n 20 100TL 4  521.8  6.90  3605  545.6  3.47  1898  235.8  7.81  237.2  7.80  237.6  7.79  5503  5534 1.000  41.6  17611 095C
24.04.2023 14:14:36  *01n 20 100TL 4  521.8  6.86  3585  540.0  3.59  1940  235.8  7.73  237.4  7.74  237.8  7.68  5526  5444 1.000  41.6  17643 4EFA
24.04.2023 14:14:56  *01n 20 100TL 4  521.8  6.80  3549  540.0  3.46  1869  236.5  7.52  236.6  7.49  237.4  7.50  5418  5352 1.000  41.6  17673 273C
24.04.2023 14:15:16  *01n 20 100TL 4  517.5  6.72  3480  529.7  3.46  1837  236.0  7.63  237.0  7.62  237.8  7.62  5317  5337 1.000  41.6  17701 C07D
24.04.2023 14:15:36  *01n 20 100TL 4  505.3  6.88  3477  529.1  3.45  1829  236.1  7.44  236.9  7.43  237.6  7.40  5307  5340 1.000  41.6  17731 A049
24.04.2023 14:15:56  *01n 20 100TL 4  505.4  7.08  3578  529.3  3.50  1855  236.6  7.50  236.8  7.51  237.5  7.46  5433  5300 1.000  41.6  17760 100B
24.04.2023 14:16:16  *01n 20 100TL 4  505.2  6.94  3508  529.1  3.43  1821  237.1  7.54  237.6  7.55  237.9  7.52  5329  5273 1.000  41.6  17791 8F44
24.04.2023 14:16:36  *01n 20 100TL 4  505.5  6.83  3456  523.8  3.47  1821  236.8  7.34  237.4  7.34  237.8  7.33  5278  5224 1.000  41.6  17820 6B44
24.04.2023 14:16:56  *01n 20 100TL 4  500.8  7.07  3543  523.7  3.44  1806  236.8  7.38  237.3  7.36  237.6  7.35  5349  5218 1.000  41.6  17849 09CF
24.04.2023 14:17:16  *01n 20 100TL 4  504.6  6.89  3479  523.6  3.40  1782  237.0  7.44  237.4  7.44  237.6  7.43  5261  5206 1.000  41.6  17877 7815
24.04.2023 14:17:36  *01n 20 100TL 4  501.2  6.77  3393  528.6  3.36  1777  237.2  7.40  237.7  7.42  237.9  7.37  5171  5218 1.000  41.6  17906 3899
24.04.2023 14:17:56  *01n 20 100TL 4  501.0  7.01  3515  523.6  3.46  1812  237.0  7.46  237.6  7.47  237.7  7.41  5328  5261 1.000  41.6  17936 E948
24.04.2023 14:18:16  *01n 20 100TL 4  495.6  7.24  3590  523.6  3.50  1834  236.8  7.40  237.4  7.40  237.7  7.36  5424  5329 1.000  41.6  17966 80F3
24.04.2023 14:18:36  *01n 20 100TL 4  511.2  5.60  2868  529.1  2.75  1460  236.4  6.28  237.1  6.28  237.5  6.26  4328  4222 1.000  41.6  17992 37B3
24.04.2023 14:18:56  *01n 20 100TL 4  517.6  6.72  3480  516.0  3.61  1866  236.8  7.65  237.5  7.66  237.6  7.62  5346  5346 1.000  41.7  18017 7696
24.04.2023 14:19:17  *01n 20 100TL 4  518.1  6.78  3517  512.7  3.66  1879  236.8  7.65  237.6  7.65  237.6  7.62  5397  5334 1.000  41.7  18040 61A3
24.04.2023 14:19:37  *01n 20 100TL 4  522.8  6.69  3501  519.3  3.77  1960  235.7  7.48  237.5  7.48  237.7  7.45  5462  5331 1.000  41.7  18070 1AA2
24.04.2023 14:19:57  *01n 20 100TL 4  515.7  5.70  2944  514.7  3.07  1579  235.5  6.20  237.1  6.19  237.4  6.18  4524  4411 1.000  41.7  18093 1641
24.04.2023 14:20:17  *01n 20 100TL 4  532.6  6.39  3407  520.4  3.76  1957  236.1  7.60  236.5  7.58  237.2  7.56  5365  5371 1.000  41.7  18113 5501
24.04.2023 14:20:37  *01n 20 100TL 4  508.9  7.50  3819  510.3  3.93  2008  236.6  8.19  236.9  8.17  237.5  8.14  5827  5831 1.000  41.7  18145 CE3C
24.04.2023 14:20:57  *01n 20 100TL 4  505.7  2.80  1417  508.6  1.41   718  235.8  2.99  235.9  2.98  236.8  2.92  2136  1985 1.000  41.7  18165 1857
24.04.2023 14:21:17  *01n 20 100TL 4  501.0  3.63  1823  515.4  1.69   875  235.8  3.57  236.2  3.56  237.0  3.52  2699  2648 1.000  41.7  18178 797C
24.04.2023 14:21:37  *01n 20 100TL 4  506.3  1.81   918  519.4  0.91   477  235.6  2.35  236.1  2.37  236.6  2.36  1396  1493 1.000  41.7  18189 81EA
24.04.2023 14:21:57  *01n 20 100TL 4  493.9  1.83   904  513.3  0.83   427  235.6  2.10  236.1  2.13  236.6  2.12  1332  1377 1.000  41.7  18197 25C1
24.04.2023 14:22:17  *01n 20 100TL 4  489.6  2.18  1072  517.2  1.00   518  235.7  2.43  236.2  2.45  236.7  2.38  1591  1597 1.000  41.7  18205 4A88
24.04.2023 14:22:37  *01n 20 100TL 4  506.7  5.76  2922  520.1  2.82  1467  236.8  6.19  237.1  6.20  237.5  6.14  4390  4441 1.000  41.7  18221 3705
24.04.2023 14:22:57  *01n 20 100TL 4  498.0  8.31  4142  517.0  4.21  2178  236.4  8.88  237.0  8.86  237.6  8.85  6321  6318 1.000  41.8  18251 004F
24.04.2023 14:23:17  *01n 20 100TL 4  508.3  6.87  3494  522.8  3.45  1803  236.2  7.63  236.8  7.62  237.3  7.61  5297  5340 1.000  41.7  18282 10ED
24.04.2023 14:23:37  *01n 20 100TL 4  511.3  6.95  3558  496.8  3.72  1850  236.0  7.31  236.8  7.30  237.1  7.27  5409  5500 1.000  41.8  18306 23F5
24.04.2023 14:23:58  *01n 20 100TL 4  517.5  2.80  1452  501.1  1.50   753  234.8  3.09  235.5  3.10  235.9  3.06  2206  2206 1.000  41.8  18326 89C2
24.04.2023 14:24:18  *01n 20 100TL 4  506.3  5.97  3027  519.0  2.82  1466  235.6  6.40  236.3  6.40  236.7  6.38  4493  4339 1.000  41.8  18345 6BBE
24.04.2023 14:24:38  *01n 20 100TL 4  518.5  3.81  1976  527.4  2.24  1185  235.0  4.46  235.7  4.46  236.3  4.43  3161  3210 1.000  41.8  18375 56BA
24.04.2023 14:24:58  *01n 20 100TL 4  504.9  3.00  1519  514.6  1.56   805  234.6  3.31  235.3  3.31  235.8  3.28  2325  2270 1.000  41.8  18387 F8F5
24.04.2023 14:25:18  *01n 20 100TL 4  501.1  2.90  1457  502.1  1.39   698  234.5  3.03  235.0  3.00  235.6  2.99  2156  2075 1.000  41.8  18401 8A88
24.04.2023 14:25:38  *01n 20 100TL 4  499.9  2.52  1263  503.6  1.24   628  234.6  2.84  234.9  2.85  235.6  2.79  1892  1899 1.000  41.8  18411 14BD
24.04.2023 14:25:58  *01n 20 100TL 4  499.2  2.48  1239  518.6  1.25   650  234.7  2.70  235.2  2.68  235.7  2.66  1889  1863 1.000  41.8  18422 FBD4
24.04.2023 14:26:18  *01n 20 100TL 4  507.3  2.61  1324  526.4  1.24   656  235.1  2.73  235.5  2.67  236.1  2.69  1980  1889 1.000  41.8  18433 907C
24.04.2023 14:26:38  *01n 20 100TL 4  507.7  2.62  1335  525.8  1.33   703  235.2  2.79  235.6  2.78  236.0  2.75  2038  1963 1.000  41.8  18443 C964
24.04.2023 14:26:58  *01n 20 100TL 4  497.6  2.60  1295  526.1  1.30   683  234.9  2.89  235.3  2.89  235.8  2.83  1979  1956 1.000  41.8  18454 D7F8
24.04.2023 14:27:18  *01n 20 100TL 4  504.7  2.50  1264  532.0  1.19   636  235.0  3.02  235.5  3.02  236.1  2.99  1901  1979 1.000  41.8  18465 A531
24.04.2023 14:27:38  *01n 20 100TL 4  504.6  2.63  1330  530.0  1.26   669  235.4  3.05  235.9  3.07  236.6  3.01  2000  2069 1.000  41.8  18476 29F9
24.04.2023 14:27:58  *01n 20 100TL 4  520.4  5.74  2992  518.2  2.91  1510  235.7  6.47  236.4  6.50  236.3  6.43  4502  4255 0.999c  41.8  18489 AADA
24.04.2023 14:28:18  *01n 20 100TL 4  496.6  2.76  1374  508.4  1.30   662  234.9  2.96  235.4  2.98  236.0  2.93  2037  2043 1.000  41.8  18504 2150
24.04.2023 14:28:38  *01n 20 100TL 4  496.8  2.31  1149  508.5  1.11   564  234.4  2.71  234.8  2.70  235.3  2.67  1713  1741 1.000  41.8  18514 99C2
24.04.2023 14:28:58  *01n 20 100TL 4  495.6  2.11  1046  508.6  1.07   544  234.6  2.46  235.1  2.44  235.9  2.43  1591  1643 1.000  41.8  18524 BB2A
24.04.2023 14:29:18  *01n 20 100TL 4  495.5  2.16  1072  528.0  1.00   529  234.5  2.58  234.8  2.58  235.3  2.56  1602  1644 1.000  41.8  18533 CC41
24.04.2023 14:29:38  *01n 20 100TL 4  513.1  2.27  1164  522.5  1.10   575  234.4  2.44  234.9  2.43  235.3  2.40  1739  1699 1.000  41.8  18542 F073
24.04.2023 14:29:59  *01n 20 100TL 4  517.1  2.44  1266  541.4  1.22   665  234.6  2.60  235.1  2.57  235.7  2.53  1931  1818 1.000  41.8  18552 FFBC
24.04.2023 14:30:19  *01n 20 100TL 4  513.5  2.63  1353  514.6  1.30   674  234.9  3.00  235.2  3.01  235.8  2.97  2027  2015 1.000  41.8  18562 C092
24.04.2023 14:30:39  *01n 20 100TL 4  494.5  2.95  1463  539.8  1.39   756  236.7  3.33  234.4  3.32  235.3  3.32  2220  2229 1.000  41.8  18574 8652
24.04.2023 14:30:59  *01n 20 100TL 4  509.9  3.90  1992  535.8  1.93  1039  235.5  4.09  235.7  4.07  236.5  4.05  3031  2958 1.000  41.8  18589 438F
24.04.2023 14:31:19  *01n 20 100TL 4  489.6  6.28  3077  547.2  2.91  1593  235.9  6.31  236.4  6.32  236.8  6.26  4670  4794 1.000  41.8  18608 5019
24.04.2023 14:31:39  *01n 20 100TL 4  512.1  3.20  1641  561.8  1.38   782  235.6  3.54  236.0  3.52  236.7  3.51  2424  2520 1.000  41.8  18630 423E
24.04.2023 14:31:59  *01n 20 100TL 4  521.4  7.78  4060  590.6  3.08  1820  237.2  8.24  236.2  8.23  237.1  8.20  5880  5709 1.000  41.8  18654 4AAA
24.04.2023 14:32:19  *01n 20 100TL 4  515.7  7.60  3923  580.0  3.17  1840  235.6  8.11  235.8  8.10  236.8  8.07  5763  5775 1.000  41.7  18684 2135
24.04.2023 14:32:39  *01n 20 100TL 4  498.9  2.88  1438  567.8  1.36   775  234.9  3.11  234.9  3.08  235.6  3.06  2214  2369 1.000  41.7  18714 14FE
24.04.2023 14:32:59  *01n 20 100TL 4  492.6  2.17  1071  553.4  0.94   523  234.3  2.24  234.6  2.24  235.3  2.21  1594  1512 1.000  41.7  18724 08A9
24.04.2023 14:33:19  *01n 20 100TL 4  502.1  2.03  1025  519.7  1.01   524  234.6  2.16  235.0  2.15  235.7  2.11  1550  1495 1.000  41.7  18732 8D36
24.04.2023 14:33:39  *01n 20 100TL 4  502.4  2.41  1213  519.6  1.15   598  234.7  2.52  235.0  2.52  235.5  2.48  1811  1727 1.000  41.7  18741 7CCC
24.04.2023 14:33:59  *01n 20 100TL 4  509.7  3.36  1715  521.3  1.84   962  235.0  3.85  235.5  3.86  236.2  3.80  2677  2595 1.000  41.7  18752 6FBF
24.04.2023 14:34:19  *01n 20 100TL 4  505.3  8.01  4048  534.4  4.04  2163  236.1  8.83  236.4  8.85  236.8  8.79  6211  6210 1.000  41.7  18779 2731
24.04.2023 14:34:39  *01n 20 100TL 4  517.1  8.15  4217  546.4  3.97  2172  236.0  8.98  236.2  8.98  236.6  8.96  6390  6286 1.000  41.7  18816 6475
24.04.2023 14:34:59  *01n 20 100TL 4  509.9  2.34  1194  541.1  1.12   610  234.9  2.77  235.2  2.77  235.9  2.70  1805  1858 1.000  41.7  18836 C5F1
24.04.2023 14:35:19  *01n 20 100TL 4  510.4  2.13  1089  540.5  1.00   541  234.6  2.38  235.0  2.38  235.6  2.36  1631  1559 1.000  41.7  18846 325B
24.04.2023 14:35:40  *01n 20 100TL 4  510.5  1.91   976  529.3  0.90   477  234.7  2.25  235.3  2.23  235.8  2.21  1454  1429 1.000  41.7  18854 BBCF
24.04.2023 14:36:00  *01n 20 100TL 4  500.4  1.91   958  518.5  0.96   502  235.1  2.07  235.5  2.07  235.9  2.03  1460  1440 1.000  41.7  18862 8848
24.04.2023 14:36:20  *01n 20 100TL 4  490.6  2.81  1383  531.6  1.42   758  236.0  3.19  236.3  3.17  236.8  3.14  2142  2180 1.000  41.7  18871 3F5D
24.04.2023 14:36:40  *01n 20 100TL 4  506.7  4.65  2359  520.6  2.03  1060  236.3  4.71  237.0  4.71  237.1  4.67  3419  3372 1.000  41.7  18889 079A
24.04.2023 14:37:00  *01n 20 100TL 4  516.4  6.76  3495  523.9  3.17  1661  236.3  7.15  237.0  7.17  237.2  7.11  5157  5043 1.000  41.7  18913 F665
24.04.2023 14:37:20  *01n 20 100TL 4  521.4  7.52  3924  535.3  3.91  2095  236.7  8.49  237.3  8.51  237.5  8.43  6019  6004 1.000  41.7  18944 8561
24.04.2023 14:37:40  *01n 20 100TL 4  516.7  2.19  1133  527.8  1.06   564  236.1  2.46  235.5  2.45  236.7  2.42  1698  1658 1.000  41.7  18958 4945
24.04.2023 14:38:00  *01n 20 100TL 4  493.6  4.02  1986  536.9  1.75   944  235.8  4.33  236.3  4.32  236.7  4.28  2931  3022 1.000  41.7  18974 783A
24.04.2023 14:38:20  *01n 20 100TL 4  505.3  2.17  1097  545.5  0.96   524  235.5  2.30  235.7  2.31  236.5  2.28  1622  1556 1.000  41.7  18994 7C39
24.04.2023 14:38:40  *01n 20 100TL 4  508.3  1.71   869  524.4  0.79   415  235.3  1.97  235.4  1.97  235.4  1.92  1284  1269 1.000  41.6  19002 BB6C
24.04.2023 14:39:00  *01n 20 100TL 4  495.9  1.70   843  514.2  0.82   424  235.3  2.02  235.7  2.02  236.3  1.98  1268  1257 1.000  41.6  19008 921D
24.04.2023 14:39:20  *01n 20 100TL 4  506.3  1.83   927  523.9  0.90   473  235.6  2.01  235.9  2.01  236.5  2.00  1400  1309 1.000  41.6  19015 AC8B
24.04.2023 14:39:40  *01n 20 100TL 4  496.0  1.92   953  523.7  0.86   454  235.5  2.20  236.1  2.20  236.8  2.19  1408  1397 1.000  41.6  19023 AA95
24.04.2023 14:40:00  *01n 20 100TL 4  490.9  3.33  1638  514.8  1.71   881  235.8  3.62  236.4  3.61  236.9  3.58  2520  2444 1.000  41.6  19032 8E7C
24.04.2023 14:40:20  *01n 20 100TL 4  491.8  4.75  2337  533.7  2.24  1196  236.1  5.00  236.6  5.01  237.1  4.95  3533  3501 1.000  41.6  19046 6F41
24.04.2023 14:40:40  *01n 20 100TL 4  473.4  5.05  2395  530.2  2.12  1126  235.7  4.77  236.3  4.77  236.7  4.75  3521  3649 1.000  41.6  19064 AAE3
24.04.2023 14:41:00  *01n 20 100TL 4  479.2  2.00   961  533.1  0.90   486  235.1  2.22  235.6  2.22  236.4  2.22  1448  1425 1.000  41.6  19075 B819
24.04.2023 14:41:21  *01n 20 100TL 4  475.7  1.89   901  514.9  0.91   468  235.2  1.98  235.2  1.98  236.4  1.96  1370  1341 1.000  41.6  19082 7EFC
24.04.2023 14:41:41  *01n 20 100TL 4  474.7  2.32  1103  515.1  1.09   564  235.0  2.49  235.1  2.47  236.0  2.46  1667  1675 1.000  41.6  19090 3171
24.04.2023 14:42:01  *01n 20 100TL 4  502.2  4.42  2223  518.4  2.32  1205  235.3  5.01  235.5  5.02  236.2  4.97  3428  3286 1.000  41.6  19102 34FF
24.04.2023 14:42:21  *01n 20 100TL 4  483.3  3.33  1611  522.4  1.72   901  235.0  3.66  235.1  3.69  235.9  3.63  2513  2413 1.000  41.6  19123 1A7E
24.04.2023 14:42:41  *01n 20 100TL 4  483.3  3.13  1513  530.5  1.47   782  234.8  3.25  235.0  3.24  235.6  3.21  2296  2291 1.000  41.6  19138 93E4
24.04.2023 14:43:01  *01n 20 100TL 4  504.4  2.95  1487  544.9  1.38   752  234.9  3.54  235.2  3.53  235.8  3.50  2240  2288 1.000  41.6  19150 F69F
24.04.2023 14:43:21  *01n 20 100TL 4  500.6  7.62  3817  563.7  3.49  1969  236.5  8.34  237.0  8.35  237.3  8.32  5787  5792 1.000  41.5  19175 735E
24.04.2023 14:43:41  *01n 20 100TL 4  509.7  7.77  3965  545.9  3.79  2072  236.5  8.45  236.9  8.46  237.3  8.40  6037  5951 1.000  41.6  19206 61E7
24.04.2023 14:44:01  *01n 20 100TL 4  517.9  3.32  1721  547.8  1.51   833  235.5  3.90  235.9  3.89  236.3  3.87  2554  2635 1.000  41.5  19230 18F7
24.04.2023 14:44:21  *01n 20 100TL 4  508.8  3.72  1896  541.7  1.73   941  235.1  3.87  235.2  3.84  235.8  3.83  2838  2961 1.000  41.5  19249 9712
24.04.2023 14:44:41  *01n 20 100TL 4  519.4  2.60  1356  537.4  1.24   669  235.0  2.72  235.0  2.69  235.7  2.67  2026  1930 1.000  41.5  19261 8405
24.04.2023 14:45:01  *01n 20 100TL 4  500.2  2.61  1307  528.9  1.20   640  235.3  2.75  235.5  2.74  236.3  2.73  1948  1855 1.000  41.5  19272 3C05
24.04.2023 14:45:21  *01n 20 100TL 4  510.2  2.28  1165  529.9  1.10   582  235.3  2.59  235.5  2.56  236.1  2.55  1748  1741 1.000  41.5  19282 CB37
24.04.2023 14:45:41  *01n 20 100TL 4  500.7  3.02  1515  504.8  1.43   723  235.4  3.35  235.5  3.36  236.2  3.29  2238  2232 1.000  41.5  19292 4C4F
24.04.2023 14:46:01  *01n 20 100TL 4  499.9  5.97  2987  531.5  2.72  1451  235.6  6.27  235.8  6.26  236.4  6.24  4438  4237 1.000  41.5  19316 9E7A
24.04.2023 14:46:21  *01n 20 100TL 4  483.3  1.66   807  532.4  0.70   375  234.8  1.80  235.1  1.80  235.9  1.76  1182  1133 1.000  41.5  19326 5E1B
24.04.2023 14:46:41  *01n 20 100TL 4  482.3  1.29   625  523.1  0.50   267  234.5  1.64  235.1  1.66  235.8  1.60   892   967 1.000  41.5  19332 3BD1
24.04.2023 14:47:01  *01n 20 100TL 4  481.7  1.35   653  518.8  0.54   283  235.1  1.44  235.7  1.45  236.2  1.41   936   933 1.000  41.5  19337 F2AC
24.04.2023 14:47:21  *01n 20 100TL 4  490.3  1.63   802  526.1  0.72   379  235.5  1.91  236.0  1.92  236.7  1.86  1182  1196 1.000  41.5  19343 9E59
24.04.2023 14:47:41  *01n 20 100TL 4  483.6  5.59  2705  493.8  2.52  1249  236.2  5.36  236.9  5.35  237.5  5.34  3955  4075 1.000  41.5  19358 1707
24.04.2023 14:48:01  *01n 20 100TL 4  495.7  4.29  2128  523.9  1.92  1008  236.7  4.51  237.0  4.50  237.7  4.48  3137  3093 1.000  41.5  19376 060F
24.04.2023 14:48:22  *01n 20 100TL 4  502.1  1.85   932  539.4  0.80   434  236.0  2.07  236.3  2.07  237.0  2.03  1367  1293 1.000  41.4  19392 5B99
24.04.2023 14:48:42  *01n 20 100TL 4  502.0  1.61   810  527.6  0.69   366  236.0  1.85  236.3  1.86  236.8  1.80  1176  1165 1.000  41.5  19398 DCD3
24.04.2023 14:49:02  *01n 20 100TL 4  501.0  1.56   785  525.8  0.64   341  235.8  1.76  236.4  1.76  236.9  1.74  1127  1168 1.000  41.4  19405 5BA9
24.04.2023 14:49:22  *01n 20 100TL 4  507.9  1.71   872  530.8  0.78   419  236.0  1.83  235.3  1.84  237.2  1.81  1292  1203 1.000  41.4  19411 5EED
24.04.2023 14:49:42  *01n 20 100TL 4  508.9  1.86   952  531.2  0.80   430  235.6  2.02  236.0  2.00  236.6  1.99  1382  1293 1.000  41.4  19419 3A7E
24.04.2023 14:50:02  *01n 20 100TL 4  510.8  2.19  1118  531.9  1.03   549  235.9  2.58  236.4  2.60  236.9  2.52  1667  1704 1.000  41.4  19426 BBDE
24.04.2023 14:50:22  *01n 20 100TL 4  509.7  6.76  3448  521.4  3.49  1821  236.7  7.50  237.1  7.52  237.5  7.45  5270  5192 1.000  41.4  19445 7647
24.04.2023 14:50:42  *01n 20 100TL 4  511.0  3.41  1745  522.7  1.79   939  236.6  3.96  236.9  3.95  237.5  3.92  2685  2645 1.000  41.4  19472 8789
24.04.2023 14:51:02  *01n 20 100TL 4  517.8  6.98  3617  515.7  3.48  1797  237.0  7.56  237.7  7.55  238.1  7.53  5415  5450 1.000  41.4  19496 DCCE
24.04.2023 14:51:22  *01n 20 100TL 4  526.5  2.71  1429  512.5  1.35   694  236.5  2.98  236.8  2.96  237.6  2.93  2124  1994 1.000  41.4  19514 7D1C
24.04.2023 14:51:42  *01n 20 100TL 4  502.4  4.66  2345  487.1  2.15  1051  236.3  4.75  236.8  4.74  237.6  4.72  3396  3425 1.000  41.4  19527 61F8
24.04.2023 14:52:02  *01n 20 100TL 4  512.3  6.59  3378  489.5  3.25  1596  236.7  6.87  237.2  6.90  237.9  6.83  4974  4841 1.000  41.4  19553 157D
24.04.2023 14:52:22  *01n 20 100TL 4  517.5  6.35  3289  506.0  3.27  1658  236.4  6.86  236.8  6.87  237.6  6.81  4948  4831 1.000  41.3  19580 1B52
24.04.2023 14:52:42  *01n 20 100TL 4  508.5  5.72  2911  525.2  3.19  1678  235.9  6.40  236.3  6.42  237.1  6.37  4589  4409 1.000  41.3  19606 0CBE
24.04.2023 14:53:02  *01n 20 100TL 4  495.3  1.14   567  515.3  0.47   242  234.5  1.35  234.8  1.35  236.0  1.31   810   843 1.000  41.3  19612 C11F
24.04.2023 14:53:22  *01n 20 100TL 4  475.7  1.32   628  505.2  0.59   299  234.5  1.50  234.7  1.49  236.0  1.46   927   877 1.000  41.3  19617 6956
24.04.2023 14:53:42  *01n 20 100TL 4  485.5  1.70   827  515.2  0.72   375  234.5  1.83  234.9  1.84  235.9  1.80  1202  1120 1.000  41.3  19623 1C2A
24.04.2023 14:54:03  *01n 20 100TL 4  486.3  2.44  1188  510.9  1.22   624  235.7  2.69  234.3  2.68  236.0  2.67  1812  1814 1.000  41.3  19629 D980
24.04.2023 14:54:23  *01n 20 100TL 4  512.7  1.93   994  546.0  0.88   483  235.7  2.31  235.2  2.36  235.8  2.26  1478  1536 1.000  41.3  19638 267C
24.04.2023 14:54:43  *01n 20 100TL 4  478.7  5.23  2508  512.9  2.17  1113  236.1  5.06  236.4  5.06  237.2  5.05  3622  3678 1.000  41.3  19658 C365
24.04.2023 14:55:03  *01n 20 100TL 4  501.8  6.64  3335  533.7  3.13  1675  236.3  7.13  236.9  7.15  237.6  7.11  5011  4910 1.000  41.3  19685 7904
24.04.2023 14:55:23  *01n 20 100TL 4  497.6  4.62  2299  524.2  2.05  1080  236.0  4.68  236.7  4.68  237.3  4.66  3379  3247 1.000  41.3  19703 12F3
24.04.2023 14:55:43  *01n 20 100TL 4  501.4  4.68  2348  538.1  2.50  1348  236.6  5.41  237.4  5.39  237.7  5.38  3697  3633 1.000  41.3  19720 B49E
24.04.2023 14:56:03  *01n 20 100TL 4  460.9  4.52  2084  525.7  1.91  1005  236.6  4.12  237.2  4.10  237.7  4.09  3089  3352 1.000  41.3  19748 F081
24.04.2023 14:56:23  *01n 20 100TL 4  503.3  7.37  3712  518.6  3.70  1922  237.4  8.03  237.8  8.03  238.4  7.99  5635  5635 1.000  41.2  19772 7881
24.04.2023 14:56:43  *01n 20 100TL 4  503.1  4.77  2403  508.9  2.49  1271  236.6  5.04  237.3  5.04  237.8  5.00  3674  3533 1.000  41.3  19795 C9B3
24.04.2023 14:57:03  *01n 20 100TL 4  502.8  6.99  3518  516.2  3.45  1783  237.1  7.50  237.6  7.48  238.1  7.45  5302  5296 1.000  41.3  19818 9AA5
24.04.2023 14:57:23  *01n 20 100TL 4  504.9  6.64  3360  521.8  3.33  1741  237.1  7.14  237.7  7.13  237.9  7.11  5101  5116 1.000  41.3  19847 D6D1
24.04.2023 14:57:43  *01n 20 100TL 4  509.0  6.70  3414  536.0  3.29  1768  236.9  7.14  236.9  7.11  237.9  7.08  5183  5137 1.000  41.3  19874 0342
24.04.2023 14:58:03  *01n 20 100TL 4  506.7  2.31  1173  530.3  1.08   576  236.3  2.49  236.8  2.47  237.4  2.47  1750  1766 1.000  41.2  19901 F6D6
24.04.2023 14:58:23  *01n 20 100TL 4  509.5  4.50  2296  539.4  2.85  1539  236.0  5.57  236.4  5.56  237.0  5.55  3836  3555 1.000  41.2  19913 FEBB
24.04.2023 14:58:43  *01n 20 100TL 4  478.6  2.52  1210  543.6  1.04   570  235.9  2.53  236.3  2.53  237.0  2.48  1780  1716 1.000  41.2  19926 A8B2
24.04.2023 14:59:04  *01n 20 100TL 4  484.4  2.13  1031  532.9  0.89   476  235.8  2.20  236.1  2.20  236.8  2.14  1507  1438 1.000  41.2  19935 1F3A
24.04.2023 14:59:24  *01n 20 100TL 4  519.6  4.01  2084  522.5  2.19  1145  236.0  4.62  236.5  4.60  237.1  4.61  3230  2905 1.000  41.2  19943 6335
24.04.2023 14:59:44  *01n 20 100TL 4  517.7  2.68  1390  528.5  1.25   660  235.7  2.77  235.8  2.77  236.8  2.72  2050  1966 1.000  41.2  19957 6795
24.04.2023 15:00:04  *01n 20 100TL 4  513.3  1.92   988  538.9  0.88   476  236.0  2.41  236.3  2.40  237.1  2.39  1464  1544 1.000  41.2  19968 1BDB
24.04.2023 15:00:24  *01n 20 100TL 4  515.7  2.04  1055  531.8  1.00   534  235.9  2.31  236.3  2.31  236.9  2.27  1589  1591 1.000  41.2  19977 3BAB
24.04.2023 15:00:44  *01n 20 100TL 4  499.1  2.09  1043  531.5  0.89   477  235.8  2.40  236.3  2.38  236.9  2.37  1521  1496 1.000  41.2  19986 6CDC
24.04.2023 15:01:04  *01n 20 100TL 4  479.9  2.46  1182  507.0  1.11   567  235.9  2.67  236.5  2.69  237.2  2.61  1750  1829 1.000  41.2  19996 AAFE
24.04.2023 15:01:24  *01n 20 100TL 4  463.0  2.37  1098  494.7  1.12   558  236.1  2.34  236.5  2.37  236.9  2.30  1657  1567 1.000  41.2  20005 0E02
24.04.2023 15:01:44  *01n 20 100TL 4  469.3  2.60  1226  509.9  1.18   602  236.1  2.84  236.5  2.84  237.2  2.82  1829  1953 1.000  41.2  20015 07A7
24.04.2023 15:02:04  *01n 20 100TL 4  486.6  2.40  1168  526.6  1.12   596  236.0  2.76  236.6  2.75  236.9  2.73  1765  1805 1.000  41.2  20025 ED66
24.04.2023 15:02:24  *01n 20 100TL 4  486.7  5.05  2459  502.2  2.39  1205  236.6  5.10  237.3  5.08  237.6  5.06  3665  3678 1.000  41.2  20042 2666
24.04.2023 15:02:44  *01n 20 100TL 4  502.1  7.10  3569  500.5  3.54  1776  237.0  7.23  237.3  7.22  238.0  7.21  5345  5195 1.000  41.2  20067 DE2A
24.04.2023 15:03:04  *01n 20 100TL 4  509.0  6.17  3141  512.6  2.87  1472  237.1  6.63  238.0  6.65  238.4  6.60  4614  4650 1.000  41.2  20097 B4F7
24.04.2023 15:03:25  *01n 20 100TL 4  511.6  6.67  3414  510.9  3.44  1760  236.9  7.18  237.4  7.16  237.8  7.13  5175  5156 1.000  41.2  20126 1940
24.04.2023 15:03:45  *01n 20 100TL 4  518.3  4.26  2212  520.0  2.13  1110  236.6  4.76  237.4  4.77  237.9  4.73  3323  3268 1.000  41.2  20151 8F89
24.04.2023 15:04:05  *01n 20 100TL 4  498.8  5.52  2757  535.0  2.51  1345  236.7  5.86  237.5  5.86  237.9  5.83  4103  4243 1.000  41.2  20177 FBA4
24.04.2023 15:04:25  *01n 20 100TL 4  510.6  4.77  2439  546.5  2.34  1280  236.7  5.05  237.5  5.05  237.9  5.03  3720  3677 1.000  41.2  20198 4AA2
24.04.2023 15:04:45  *01n 20 100TL 4  523.1  2.81  1472  547.8  1.43   790  236.2  3.51  237.1  3.50  237.6  3.49  2262  2351 1.000  41.2  20218 E23B
24.04.2023 15:05:05  *01n 20 100TL 4  502.7  2.58  1301  516.0  1.23   639  236.4  2.60  236.9  2.59  237.6  2.56  1940  1834 1.000  41.2  20229 2F77
24.04.2023 15:05:25  *01n 20 100TL 4  527.0  3.10  1634  536.1  1.54   830  236.6  3.65  237.5  3.67  237.9  3.60  2464  2485 1.000  41.2  20243 7790
24.04.2023 15:05:45  *01n 20 100TL 4  508.4  4.70  2395  545.2  2.05  1118  236.7  5.07  237.2  5.07  237.7  5.04  3514  3581 1.000  41.2  20259 A867
24.04.2023 15:06:05  *01n 20 100TL 4  515.3  6.66  3436  541.7  3.21  1739  237.3  7.22  237.9  7.24  238.6  7.21  5175  5127 1.000  41.2  20286 FC6D
24.04.2023 15:06:25  *01n 20 100TL 4  520.4  6.08  3169  542.7  3.12  1695  237.3  6.80  237.9  6.80  238.6  6.75  4864  4858 1.000  41.2  20315 1658
24.04.2023 15:06:45  *01n 20 100TL 4  509.1  6.66  3392  536.0  3.23  1730  237.6  7.16  238.2  7.15  238.7  7.14  5122  5061 1.000  41.2  20343 C5AB
24.04.2023 15:07:05  *01n 20 100TL 4  509.4  6.45  3288  525.7  3.22  1696  238.0  6.99  237.7  7.00  238.9  6.95  4985  4933 1.000  41.2  20370 043D
24.04.2023 15:07:25  *01n 20 100TL 4  514.9  4.60  2372  524.6  2.30  1206  237.1  4.98  237.6  4.99  238.4  4.94  3579  3604 1.000  41.2  20396 715C
24.04.2023 15:07:46  *01n 20 100TL 4  523.8  4.09  2145  549.0  1.92  1054  237.1  4.55  237.6  4.57  238.3  4.50  3199  3060 1.000  41.2  20413 BF6A
24.04.2023 15:08:06  *01n 20 100TL 4  518.7  6.30  3273  568.5  2.75  1564  237.7  6.66  238.3  6.65  238.9  6.63  4837  4718 1.000  41.2  20436 1353
24.04.2023 15:08:26  *01n 20 100TL 4  517.9  5.88  3047  550.4  2.83  1562  237.5  6.55  238.3  6.56  238.7  6.50  4609  4623 1.000  41.2  20462 43D2
24.04.2023 15:08:46  *01n 20 100TL 4  514.9  6.01  3097  535.4  2.96  1586  237.3  6.37  238.2  6.37  238.6  6.33  4684  4583 1.000  41.2  20486 D691
24.04.2023 15:09:06  *01n 20 100TL 4  509.6  5.76  2937  535.2  2.82  1515  237.2  6.35  238.4  6.39  238.7  6.31  4452  4490 1.000  41.2  20511 7FB6
24.04.2023 15:09:26  *01n 20 100TL 4  500.4  5.76  2885  530.2  2.83  1503  237.8  6.12  238.0  6.13  238.6  6.11  4388  4420 1.000  41.2  20536 37AF
24.04.2023 15:09:46  *01n 20 100TL 4  502.8  5.74  2890  525.2  2.77  1457  237.6  6.24  238.7  6.23  239.0  6.22  4347  4365 1.000  41.2  20562 EA51
24.04.2023 15:10:06  *01n 20 100TL 4  502.6  5.82  2928  526.0  2.80  1475  237.5  6.02  238.5  6.02  238.3  6.02  4403  4293 1.000  41.2  20586 7904
24.04.2023 15:10:26  *01n 20 100TL 4  501.4  5.54  2781  526.4  2.72  1432  237.2  6.01  238.4  6.03  238.9  5.96  4214  4243 1.000  41.2  20609 60C2
24.04.2023 15:10:46  *01n 20 100TL 4  505.9  5.59  2832  528.2  2.69  1425  237.0  5.94  238.4  5.93  238.5  5.90  4257  4202 1.000  41.2  20633 C5D4
24.04.2023 15:11:06  *01n 20 100TL 4  503.2  5.55  2795  524.8  2.69  1414  237.0  5.97  238.2  5.98  238.7  5.95  4209  4153 1.000  41.3  20655 FD94
24.04.2023 15:11:26  *01n 20 100TL 4  502.8  5.51  2772  529.4  2.71  1438  237.5  5.74  237.2  5.73  238.5  5.73  4211  4141 1.000  41.3  20679 B765
24.04.2023 15:11:47  *01n 20 100TL 4  502.5  5.53  2781  525.6  2.70  1422  237.1  5.98  238.1  5.99  238.5  5.96  4203  4147 1.000  41.3  20702 FF50
24.04.2023 15:12:07  *01n 20 100TL 4  500.2  5.25  2630  518.8  2.56  1329  237.0  5.55  238.1  5.56  238.6  5.53  3959  4008 1.000  41.3  20725 78D9
24.04.2023 15:12:27  *01n 20 100TL 4  501.7  5.43  2728  536.0  2.61  1405  237.0  5.91  237.9  5.90  238.4  5.89  4133  4116 1.000  41.3  20747 871F
24.04.2023 15:12:47  *01n 20 100TL 4  501.0  5.36  2685  528.9  2.53  1342  237.4  5.86  238.1  5.85  238.6  5.83  4028  4077 1.000  41.3  20770 5B5A
24.04.2023 15:13:07  *01n 20 100TL 4  501.5  5.53  2775  531.7  2.69  1431  237.3  5.83  238.4  5.84  238.7  5.81  4206  4118 1.000  41.3  20794 F35F
24.04.2023 15:13:27  *01n 20 100TL 4  501.2  5.56  2792  526.7  2.71  1431  237.0  5.65  238.2  5.67  238.5  5.63  4223  4098 1.000  41.3  20817 12F5
24.04.2023 15:13:47  *01n 20 100TL 4  501.8  5.45  2737  525.8  2.62  1379  237.2  5.76  238.2  5.77  238.6  5.74  4116  4087 1.000  41.3  20840 E337
24.04.2023 15:14:07  *01n 20 100TL 4  505.5  5.30  2682  526.4  2.63  1385  237.3  5.65  238.3  5.65  238.7  5.61  4068  4061 1.000  41.3  20861 00D5
24.04.2023 15:14:27  *01n 20 100TL 4  501.3  5.31  2661  521.3  2.61  1364  237.3  5.76  238.3  5.77  238.6  5.71  4025  4042 1.000  41.3  20884 8054
24.04.2023 15:14:47  *01n 20 100TL 4  501.0  5.45  2734  531.2  2.57  1367  237.4  5.74  238.6  5.77  238.6  5.70  4101  4040 1.000  41.3  20907 CFFA
24.04.2023 15:15:07  *01n 20 100TL 4  500.8  5.37  2690  531.7  2.63  1402  237.4  5.77  238.5  5.79  238.6  5.76  4092  4028 1.000  41.3  20930 68E5
24.04.2023 15:15:27  *01n 20 100TL 4  500.7  5.44  2725  531.4  2.63  1397  237.6  5.72  238.2  5.69  238.0  5.68  4122  4020 1.000  41.4  20952 8E71
24.04.2023 15:15:47  *01n 20 100TL 4  505.7  5.33  2699  530.8  2.55  1355  236.9  5.75  238.0  5.75  238.2  5.74  4054  4005 1.000  41.4  20974 C5D7
24.04.2023 15:16:08  *01n 20 100TL 4  505.6  5.23  2648  520.1  2.63  1370  237.1  5.74  238.1  5.72  238.4  5.69  4019  3968 1.000  41.4  20997 A9DD
24.04.2023 15:16:28  *01n 20 100TL 4  500.7  5.15  2581  530.7  2.53  1345  237.2  5.68  237.9  5.70  238.3  5.64  3927  3976 1.000  41.4  21019 5022
24.04.2023 15:16:48  *01n 20 100TL 4  505.3  5.34  2700  530.5  2.58  1373  238.4  5.72  237.5  5.71  236.9  5.70  4074  3978 1.000  41.4  21041 F01B
24.04.2023 15:17:08  *01n 20 100TL 4  505.8  5.13  2597  530.0  2.50  1327  237.1  5.54  238.0  5.54  238.2  5.51  3924  3967 1.000  41.4  21063 2CAA
24.04.2023 15:17:28  *01n 20 100TL 4  505.5  5.09  2575  539.9  2.47  1335  237.0  5.60  238.2  5.59  238.2  5.59  3910  3955 1.000  41.4  21085 4E10
24.04.2023 15:17:48  *01n 20 100TL 4  505.5  5.33  2696  529.2  2.55  1351  237.1  5.52  238.0  5.51  238.3  5.48  4048  3952 1.000  41.4  21107 32D3
24.04.2023 15:18:08  *01n 20 100TL 4  505.8  5.12  2592  529.0  2.52  1338  237.1  5.62  238.1  5.60  238.5  5.61  3930  3958 1.000  41.4  21130 47B5
24.04.2023 15:18:28  *01n 20 100TL 4  506.3  5.10  2586  529.4  2.53  1341  237.1  5.53  237.8  5.51  237.8  5.49  3927  3959 1.000  41.4  21152 7560
24.04.2023 15:18:48  *01n 20 100TL 4  500.3  5.46  2735  528.8  2.64  1400  236.8  5.81  237.9  5.81  238.1  5.79  4136  4043 1.000  41.4  21173 C74E
24.04.2023 15:19:08  *01n 20 100TL 4  504.9  1.63   825  508.4  0.73   372  236.6  1.95  237.6  1.94  237.7  1.91  1197  1184 1.000  41.5  21190 307D
24.04.2023 15:19:28  *01n 20 100TL 4  503.6  5.17  2609  500.2  2.62  1313  237.1  5.42  238.3  5.42  238.4  5.40  3923  3834 1.000  41.5  21200 EDAE
24.04.2023 15:19:48  *01n 20 100TL 4  500.3  5.29  2650  489.7  2.55  1251  237.1  5.63  238.3  5.63  238.1  5.62  3901  3891 1.000  41.4  21223 18C0
24.04.2023 15:20:08  *01n 20 100TL 4  506.0  3.08  1562  509.1  1.41   720  236.9  3.17  237.8  3.15  237.8  3.13  2282  2299 1.000  41.5  21244 B839
24.04.2023 15:20:28  *01n 20 100TL 4  513.4  4.71  2423  504.4  2.48  1255  237.2  5.08  237.9  5.08  237.8  5.05  3678  3575 1.000  41.5  21262 0702
24.04.2023 15:20:48  *01n 20 100TL 4  513.6  5.06  2600  533.6  2.46  1313  237.4  5.34  238.0  5.34  238.0  5.30  3913  3830 1.000  41.5  21283 EA27
24.04.2023 15:21:08  *01n 20 100TL 4  514.3  4.93  2539  529.5  2.45  1300  237.0  5.42  237.7  5.40  237.7  5.39  3839  3808 1.000  41.5  21304 72EF
24.04.2023 15:21:28  *01n 20 100TL 4  500.2  5.09  2548  540.0  2.45  1322  236.8  5.56  237.8  5.56  238.0  5.52  3871  3828 1.000  41.5  21325 338F
24.04.2023 15:21:48  *01n 20 100TL 4  503.5  5.12  2587  528.8  2.49  1318  236.9  5.34  237.8  5.34  237.8  5.30  3906  3836 1.000  41.5  21347 4AAC
24.04.2023 15:22:09  *01n 20 100TL 4  505.9  5.14  2601  530.5  2.45  1300  237.0  5.48  237.9  5.46  238.1  5.45  3901  3823 1.000  41.5  21368 01B0
24.04.2023 15:22:29  *01n 20 100TL 4  506.0  5.02  2542  531.9  2.47  1318  237.1  5.33  238.0  5.34  238.3  5.31  3860  3813 1.000  41.5  21389 87F5
24.04.2023 15:22:49  *01n 20 100TL 4  501.8  5.18  2604  534.6  2.44  1307  236.8  5.27  237.3  5.27  237.6  5.24  3912  3794 1.000  41.5  21410 7F86
24.04.2023 15:23:09  *01n 20 100TL 4  501.7  5.04  2529  522.9  2.45  1281  237.2  5.38  238.0  5.37  238.4  5.32  3811  3781 1.000  41.5  21432 F560
24.04.2023 15:23:29  *01n 20 100TL 4  504.8  5.03  2532  538.2  2.42  1307  237.1  5.44  238.0  5.43  238.3  5.42  3840  3788 1.000  41.5  21452 68EF
24.04.2023 15:23:49  *01n 20 100TL 4  505.2  4.89  2473  527.9  2.38  1260  237.2  5.35  237.7  5.35  238.2  5.30  3733  3762 1.000  41.5  21473 E06B
24.04.2023 15:24:09  *01n 20 100TL 4  505.2  5.02  2539  535.4  2.37  1271  237.2  5.48  238.0  5.49  238.4  5.46  3810  3756 1.000  41.5  21494 5B18
24.04.2023 15:24:29  *01n 20 100TL 4  501.9  5.02  2523  530.0  2.45  1303  236.9  5.15  237.8  5.14  238.3  5.11  3826  3712 1.000  41.5  21515 6779
24.04.2023 15:24:49  *01n 20 100TL 4  505.8  4.82  2442  530.6  2.33  1237  236.8  5.34  237.6  5.34  238.2  5.32  3680  3710 1.000  41.5  21537 280C
24.04.2023 15:25:09  *01n 20 100TL 4  501.1  4.83  2423  532.1  2.30  1226  237.2  5.33  237.4  5.35  238.3  5.28  3649  3701 1.000  41.5  21557 7D7C
24.04.2023 15:25:29  *01n 20 100TL 4  505.9  4.93  2496  531.0  2.44  1298  236.9  5.34  237.6  5.34  237.9  5.31  3794  3697 1.000  41.5  21578 6001
24.04.2023 15:25:49  *01n 20 100TL 4  507.2  4.75  2413  534.1  2.31  1234  237.2  5.24  237.7  5.26  237.7  5.20  3648  3683 1.000  41.5  21597 1AC0
24.04.2023 15:26:08  *01n 20 100TL 4  506.8  4.91  2493  532.8  2.33  1243  236.4  5.25  237.2  5.27  237.6  5.22  3736  3691 1.000  41.5  21618 5964
24.04.2023 15:26:29  *01n 20 100TL 4  505.3  4.99  2526  532.0  2.43  1293  236.9  5.35  237.6  5.36  238.0  5.33  3820  3720 1.000  41.5  21639 91DB
24.04.2023 15:26:49  *01n 20 100TL 4  512.7  3.17  1626  542.5  1.41   766  236.7  3.50  237.2  3.49  237.9  3.44  2392  2275 1.000  41.5  21659 31F5
24.04.2023 15:27:09  *01n 20 100TL 4  520.0  4.71  2450  552.6  2.22  1229  238.0  5.06  236.6  5.06  238.4  5.06  3680  3639 1.000  41.5  21678 1711
24.04.2023 15:27:29  *01n 20 100TL 4  512.2  2.89  1484  521.3  1.50   782  236.6  3.28  237.2  3.29  237.6  3.25  2267  2464 1.000  41.5  21698 6E82
24.04.2023 15:27:49  *01n 20 100TL 4  522.3  2.40  1255  511.9  1.27   656  236.6  2.79  237.0  2.79  237.5  2.73  1911  1834 1.000  41.6  21710 0F68
24.04.2023 15:28:09  *01n 20 100TL 4  532.8  4.48  2386  515.0  2.53  1306  237.2  5.13  237.6  5.13  238.0  5.09  3692  3593 0.999c  41.6  21724 03F9
24.04.2023 15:28:30  *01n 20 100TL 4  534.3  4.40  2355  544.1  2.44  1332  237.0  5.38  237.6  5.38  238.0  5.36  3688  3651 1.000  41.6  21746 16E4
24.04.2023 15:28:50  *01n 20 100TL 4  535.0  3.88  2081  532.5  2.30  1226  236.9  4.71  237.3  4.69  238.0  4.67  3308  3276 1.000  41.5  21761 FF72
24.04.2023 15:29:10  *01n 20 100TL 4  519.0  4.77  2478  529.7  2.39  1272  236.6  5.45  237.3  5.45  237.9  5.40  3750  3802 1.000  41.6  21782 2A74
24.04.2023 15:29:30  *01n 20 100TL 4  508.8  4.90  2494  527.1  2.45  1297  236.8  5.50  237.3  5.51  238.1  5.45  3791  3840 1.000  41.6  21803 A110
24.04.2023 15:29:50  *01n 20 100TL 4  507.5  5.21  2644  527.6  2.55  1347  236.9  5.61  236.9  5.61  238.5  5.58  3991  3883 1.000  41.6  21825 F7C4
24.04.2023 15:30:10  *01n 20 100TL 4  509.7  2.34  1194  533.4  1.12   599  236.0  2.52  236.5  2.49  237.2  2.50  1716  1689 1.000  41.6  21843 3838
24.04.2023 15:30:30  *01n 20 100TL 4  496.2  5.26  2613  543.7  2.49  1359  236.4  5.51  236.8  5.52  237.4  5.46  3973  3805 1.000  41.6  21860 F63E
24.04.2023 15:30:50  *01n 20 100TL 4  513.6  5.07  2609  566.1  2.25  1275  236.2  5.37  236.6  5.36  237.3  5.34  3884  3691 1.000  41.6  21877 1B86
24.04.2023 15:31:10  *01n 20 100TL 4  514.6  1.81   935  531.8  0.93   498  237.0  1.97  235.5  1.97  236.2  1.94  1434  1370 1.000  41.5  21890 9C9F
24.04.2023 15:31:30  *01n 20 100TL 4  505.1  1.83   929  508.9  0.82   422  235.8  2.04  236.2  2.03  236.9  1.98  1351  1347 1.000  41.5  21897 0D72
24.04.2023 15:31:50  *01n 20 100TL 4  516.4  1.25   646  503.4  0.65   329  235.9  1.55  236.4  1.55  237.1  1.52   976   929 1.000  41.6  21903 4120
24.04.2023 15:32:10  *01n 20 100TL 4  496.7  1.91   953  505.9  0.82   415  236.3  2.02  236.7  2.02  237.6  1.97  1368  1300 1.000  41.5  21912 E22B
24.04.2023 15:32:30  *01n 20 100TL 4  475.0  1.58   752  524.5  0.65   346  236.2  1.66  236.7  1.66  237.3  1.65  1098  1058 1.000  41.5  21919 DAE1
24.04.2023 15:32:50  *01n 20 100TL 4  498.3  4.37  2180  511.0  2.30  1179  236.8  4.86  237.3  4.83  237.7  4.83  3360  3208 1.000  41.5  21927 4519
24.04.2023 15:33:09  *01n 20 100TL 4  493.5  5.35  2642  536.0  2.55  1371  237.0  5.73  237.6  5.74  238.0  5.69  4014  4029 1.000  41.5  21947 FB0E
24.04.2023 15:33:30  *01n 20 100TL 4  501.0  4.97  2493  523.0  2.43  1272  236.7  5.27  237.2  5.28  237.7  5.24  3765  3765 1.000  41.5  21969 BD96
24.04.2023 15:33:50  *01n 20 100TL 4  508.3  5.18  2635  537.8  2.54  1370  237.0  5.64  237.5  5.64  237.9  5.58  4005  3947 1.000  41.5  21991 5441
24.04.2023 15:34:10  *01n 20 100TL 4  520.0  4.98  2594  518.7  2.49  1298  236.8  5.47  237.6  5.47  238.0  5.45  3892  3913 1.000  41.6  22012 5D81
24.04.2023 15:34:31  *01n 20 100TL 4  506.9  1.30   660  519.5  0.57   302  236.9  1.60  236.4  1.61  237.0  1.58   962   938 1.000  41.5  22025 5856
24.04.2023 15:34:51  *01n 20 100TL 4  488.2  1.52   746  513.7  0.69   358  236.4  1.97  236.8  1.99  237.3  1.95  1104  1188 1.000  41.5  22031 02E8
24.04.2023 15:35:11  *01n 20 100TL 4  496.3  4.04  2006  510.7  2.11  1080  236.8  4.22  237.2  4.21  237.7  4.17  3086  3111 1.000  41.5  22043 3AA1
24.04.2023 15:35:31  *01n 20 100TL 4  509.5  5.33  2714  530.1  2.55  1353  236.7  5.70  237.3  5.70  237.5  5.64  4068  4048 1.000  41.5  22064 E8C6
24.04.2023 15:35:51  *01n 20 100TL 4  509.4  5.31  2708  527.3  2.64  1397  236.8  5.74  237.2  5.76  237.8  5.70  4106  4045 1.000  41.5  22085 3143
24.04.2023 15:36:11  *01n 20 100TL 4  511.6  5.17  2648  535.5  2.53  1355  236.6  5.66  237.1  5.66  237.6  5.63  4003  3918 1.000  41.5  22107 9BE5
24.04.2023 15:36:31  *01n 20 100TL 4  512.0  1.98  1019  523.4  0.93   489  235.9  2.19  236.4  2.17  237.1  2.14  1509  1457 1.000  41.5  22125 4648
24.04.2023 15:36:51  *01n 20 100TL 4  498.8  2.76  1380  507.7  1.32   672  236.4  3.01  237.0  2.99  237.5  2.99  2053  1940 1.000  41.5  22132 7BB1
24.04.2023 15:37:11  *01n 20 100TL 4  484.3  1.54   749  513.6  0.61   315  235.5  1.76  236.2  1.76  236.6  1.74  1065  1063 1.000  41.5  22140 26A6
24.04.2023 15:37:31  *01n 20 100TL 4  503.7  1.70   857  533.7  0.72   387  235.7  1.84  236.1  1.84  236.9  1.82  1245  1213 1.000  41.5  22146 5F69
24.04.2023 15:37:51  *01n 20 100TL 4  510.3  2.78  1422  525.8  1.16   613  235.6  2.85  236.3  2.83  237.1  2.81  2035  1873 1.000  41.5  22153 1179
24.04.2023 15:38:11  *01n 20 100TL 4  492.6  1.67   823  544.6  0.61   334  234.8  1.77  235.5  1.76  236.1  1.73  1158  1086 1.000  41.5  22162 28B7
24.04.2023 15:38:31  *01n 20 100TL 4  485.4  2.71  1316  521.5  1.25   651  235.1  2.91  235.6  2.89  236.4  2.86  1968  2046 1.000  41.5  22172 3659
24.04.2023 15:38:51  *01n 20 100TL 4  483.3  4.44  2148  530.4  2.04  1084  235.0  4.69  235.7  4.68  236.2  4.66  3233  3358 1.000  41.5  22190 B3FF
24.04.2023 15:39:11  *01n 20 100TL 4  512.7  2.38  1222  512.8  1.18   604  235.3  2.63  236.0  2.63  236.4  2.56  1826  1681 1.000  41.5  22200 5435
24.04.2023 15:39:31  *01n 20 100TL 4  510.1  1.77   907  502.5  0.79   398  235.7  1.96  235.2  1.96  235.5  1.93  1306  1228 1.000  41.5  22209 0B4B
24.04.2023 15:39:52  *01n 20 100TL 4  500.0  1.20   604  482.0  0.53   256  235.3  1.57  235.6  1.58  236.3  1.55   860   930 1.000  41.5  22216 34BA
24.04.2023 15:40:12  *01n 20 100TL 4  489.5  1.17   578  482.4  0.48   234  235.6  1.46  236.3  1.46  236.6  1.42   813   852 1.000  41.5  22221 CD40
24.04.2023 15:40:32  *01n 20 100TL 4  480.0  1.25   602  501.5  0.47   238  235.5  1.45  236.2  1.48  236.6  1.43   840   878 1.000  41.5  22226 A1EF
24.04.2023 15:40:52  *01n 20 100TL 4  489.3  1.31   642  511.2  0.57   292  235.9  1.62  236.4  1.65  236.7  1.58   935   996 1.000  41.5  22231 8938
24.04.2023 15:41:11  *01n 20 100TL 4  493.1  2.65  1309  515.9  1.30   672  235.8  3.01  236.3  3.00  236.5  2.98  1982  1872 1.000  41.5  22237 D757
24.04.2023 15:41:32  *01n 20 100TL 4  467.4  2.45  1149  509.2  0.96   491  236.0  2.37  236.7  2.37  236.9  2.32  1640  1629 1.000  41.4  22248 9E68
24.04.2023 15:41:52  *01n 20 100TL 4  481.2  5.13  2471  521.1  2.47  1290  236.7  5.35  237.3  5.34  237.3  5.32  3762  3700 1.000  41.4  22264 2467
24.04.2023 15:42:12  *01n 20 100TL 4  471.3  3.72  1753  521.6  1.68   878  237.0  3.69  237.6  3.70  237.6  3.64  2632  2801 1.000  41.4  22285 25EB
24.04.2023 15:42:32  *01n 20 100TL 4  491.3  4.20  2067  556.1  1.99  1112  236.4  4.52  237.3  4.52  237.4  4.49  3179  3074 1.000  41.4  22294 688F
24.04.2023 15:42:52  *01n 20 100TL 4  489.2  4.67  2287  562.8  2.09  1174  236.7  5.11  237.6  5.13  237.5  5.08  3462  3561 1.000  41.4  22313 9F26
24.04.2023 15:43:12  *01n 20 100TL 4  493.2  4.91  2424  540.7  2.39  1295  236.6  5.34  237.4  5.35  237.4  5.29  3720  3744 1.000  41.4  22330 8076
24.04.2023 15:43:32  *01n 20 100TL 4  503.7  4.97  2505  551.4  2.31  1277  236.2  5.41  237.0  5.42  237.1  5.39  3782  3726 1.000  41.4  22352 4CA8
24.04.2023 15:43:53  *01n 20 100TL 4  517.5  4.74  2455  541.9  2.34  1269  236.5  5.53  236.8  5.53  236.7  5.50  3724  3788 1.000  41.4  22373 9251
24.04.2023 15:44:13  *01n 20 100TL 4  504.4  1.36   689  547.7  0.48   263  235.8  1.66  236.0  1.67  236.2  1.62   953   956 1.000  41.4  22386 6898
24.04.2023 15:44:33  *01n 20 100TL 4  503.8  1.57   796  535.6  0.61   329  235.5  1.66  235.9  1.66  236.0  1.63  1126  1048 1.000  41.4  22392 B308
24.04.2023 15:44:53  *01n 20 100TL 4  497.5  1.58   788  539.5  0.65   352  235.2  1.88  236.0  1.90  236.1  1.83  1141  1138 1.000  41.4  22398 21BD
24.04.2023 15:45:13  *01n 20 100TL 4  494.6  1.84   910  549.9  0.71   395  235.4  1.95  235.8  1.93  236.0  1.90  1306  1252 1.000  41.3  22405 08F1
24.04.2023 15:45:33  *01n 20 100TL 4  481.9  2.46  1188  535.2  0.93   503  236.0  2.49  235.5  2.49  236.8  2.46  1692  1745 1.000  41.3  22414 08E4
24.04.2023 15:45:53  *01n 20 100TL 4  482.9  3.36  1625  537.0  1.57   843  236.3  3.27  237.1  3.27  237.1  3.24  2468  2327 1.000  41.3  22425 4A6E
24.04.2023 15:46:13  *01n 20 100TL 4  481.6  4.74  2284  510.5  2.26  1158  236.7  4.75  237.3  4.75  237.5  4.71  3442  3387 1.000  41.3  22443 2A61
24.04.2023 15:46:33  *01n 20 100TL 4  482.5  1.55   752  500.6  0.64   321  236.1  1.65  236.6  1.66  237.0  1.61  1074  1020 1.000  41.3  22456 B349
24.04.2023 15:46:53  *01n 20 100TL 4  500.6  1.33   669  510.7  0.57   292  235.6  1.62  236.3  1.61  236.9  1.60   962   964 1.000  41.3  22461 6DE3
24.04.2023 15:47:12  *01n 20 100TL 4  500.9  1.40   708  521.9  0.55   289  235.8  1.68  236.4  1.67  237.0  1.66   997   987 1.000  41.3  22467 7337
24.04.2023 15:47:33  *01n 20 100TL 4  491.1  1.47   723  511.0  0.61   315  235.6  1.56  236.3  1.57  236.8  1.53  1039   990 1.000  41.3  22472 9EB1
24.04.2023 15:47:53  *01n 20 100TL 4  489.9  1.46   718  512.0  0.62   320  235.7  1.66  236.5  1.65  236.8  1.64  1039  1022 1.000  41.2  22478 09FC
24.04.2023 15:48:13  *01n 20 100TL 4  499.7  1.52   761  511.3  0.61   312  236.5  1.70  236.9  1.72  237.2  1.66  1074  1072 1.000  41.2  22483 E7F8
24.04.2023 15:48:34  *01n 20 100TL 4  501.0  1.73   868  521.3  0.72   378  235.9  2.05  236.7  2.05  236.9  2.02  1246  1313 1.000  41.2  22490 3E2A
24.04.2023 15:48:53  *01n 20 100TL 4  515.1  4.97  2561  527.3  2.37  1254  236.9  5.32  237.4  5.31  238.1  5.29  3816  3872 1.000  41.2  22507 553A
24.04.2023 15:49:14  *01n 20 100TL 4  517.1  3.87  2006  552.1  1.84  1019  237.2  4.22  237.5  4.23  238.0  4.18  3025  2920 1.000  41.2  22521 76CE
24.04.2023 15:49:34  *01n 20 100TL 4  520.6  4.59  2392  550.5  2.16  1191  237.5  5.23  238.2  5.25  238.4  5.21  3584  3642 1.000  41.2  22542 703E
24.04.2023 15:49:54  *01n 20 100TL 4  534.2  4.65  2485  541.0  2.42  1313  237.7  5.11  238.3  5.09  238.9  5.06  3799  3666 1.000  41.2  22560 80AD
24.04.2023 15:50:14  *01n 20 100TL 4  522.2  4.71  2464  550.8  2.27  1255  237.9  5.10  238.4  5.08  238.8  5.05  3720  3646 1.000  41.2  22581 0540
24.04.2023 15:50:34  *01n 20 100TL 4  522.9  4.68  2449  550.6  2.20  1211  238.0  4.98  237.8  4.98  238.6  4.96  3660  3546 1.000  41.2  22601 94DC
24.04.2023 15:50:54  *01n 20 100TL 4  522.8  4.52  2365  550.3  2.18  1203  237.6  4.94  238.0  4.92  238.6  4.91  3569  3471 1.000  41.2  22620 617C
24.04.2023 15:51:14  *01n 20 100TL 4  517.4  4.33  2244  539.6  2.06  1113  237.1  4.87  237.6  4.88  238.3  4.83  3358  3418 1.000  41.2  22639 99D7
24.04.2023 15:51:34  *01n 20 100TL 4  516.8  4.34  2249  539.9  2.11  1139  236.1  4.80  236.7  4.80  237.4  4.76  3389  3266 1.000  41.2  22658 328B
24.04.2023 15:51:54  *01n 20 100TL 4  519.8  2.08  1084  538.1  0.88   479  235.0  2.24  235.6  2.23  236.4  2.19  1564  1644 1.000  41.2  22676 B34F
24.04.2023 15:52:14  *01n 20 100TL 4  540.0  2.24  1211  559.9  1.13   637  234.8  2.76  235.3  2.75  236.1  2.70  1849  1892 1.000  41.1  22687 5106
24.04.2023 15:52:34  *01n 20 100TL 4  533.3  2.20  1174  539.2  1.13   608  234.5  2.54  234.9  2.54  235.8  2.49  1783  1701 1.000  41.1  22694 9A2F
24.04.2023 15:52:53  *01n 20 100TL 4  508.7  1.16   592  538.5  0.46   253  234.4  1.40  234.8  1.42  235.6  1.38   845   863 1.000  41.1  22702 502E
24.04.2023 15:53:14  *01n 20 100TL 4  488.7  1.28   628  507.0  0.47   241  235.1  1.51  234.6  1.53  235.6  1.51   869   868 1.000  41.1  22707 A8C0
24.04.2023 15:53:34  *01n 20 100TL 4  488.4  1.30   634  506.7  0.53   271  234.5  1.59  235.0  1.60  235.9  1.57   906   933 1.000  41.1  22712 8C31
24.04.2023 15:53:54  *01n 20 100TL 4  496.9  1.67   833  516.9  0.71   369  235.0  1.86  235.5  1.86  236.3  1.83  1202  1113 1.000  41.1  22717 A3F0
24.04.2023 15:54:13  *01n 20 100TL 4  489.9  1.78   872  526.8  0.74   392  235.4  2.02  235.9  2.04  236.7  1.99  1264  1278 1.000  41.1  22724 5845
24.04.2023 15:54:35  *01n 20 100TL 4  492.3  2.04  1005  529.7  0.90   477  235.6  2.16  236.1  2.16  236.8  2.11  1483  1402 1.000  41.0  22732 A9B6
24.04.2023 15:54:55  *01n 20 100TL 4  495.3  3.28  1625  532.6  1.42   758  235.9  3.30  236.1  3.28  236.9  3.27  2383  2464 1.000  41.0  22746 B647
24.04.2023 15:55:14  *01n 20 100TL 4  521.6  4.60  2401  517.8  2.24  1161  236.1  5.13  236.7  5.11  237.4  5.09  3562  3520 1.000  41.0  22761 CB28
24.04.2023 15:55:34  *01n 20 100TL 4  505.3  3.56  1803  520.2  1.56   814  236.0  3.74  236.6  3.73  237.3  3.71  2618  2758 1.000  41.0  22780 2B3C
24.04.2023 15:55:54  *01n 20 100TL 4  503.5  5.23  2635  535.7  2.57  1380  236.4  5.60  237.0  5.63  237.6  5.57  4016  3942 1.000  41.0  22796 0266
24.04.2023 15:56:15  *01n 20 100TL 4  505.2  4.94  2497  545.8  2.30  1255  236.7  5.21  237.0  5.22  237.5  5.16  3753  3653 1.000  41.0  22818 CE5D
24.04.2023 15:56:35  *01n 20 100TL 4  507.1  2.79  1414  533.9  1.19   639  236.4  2.93  236.6  2.91  237.5  2.88  2053  2143 1.000  41.0  22834 2A32
24.04.2023 15:56:55  *01n 20 100TL 4  504.2  1.94   979  503.4  0.86   434  236.0  2.25  236.4  2.27  237.2  2.20  1414  1535 1.000  41.0  22844 51A7
24.04.2023 15:57:15  *01n 20 100TL 4  486.2  2.11  1028  521.9  0.92   480  236.3  2.36  236.6  2.39  237.3  2.34  1509  1513 1.000  41.0  22852 5512
24.04.2023 15:57:35  *01n 20 100TL 4  501.6  4.11  2066  496.7  1.84   918  236.6  4.25  236.9  4.24  237.5  4.22  2984  2822 1.000  41.0  22867 C4D9
24.04.2023 15:57:55  *01n 20 100TL 4  499.2  4.53  2265  493.1  2.25  1113  235.9  4.66  236.5  4.66  237.0  4.61  3379  3311 1.000  41.0  22884 D21B
24.04.2023 15:58:14  *01n 20 100TL 4  489.7  4.76  2331  522.4  2.24  1171  236.1  4.85  236.6  4.86  237.1  4.80  3503  3404 1.000  41.0  22903 0CE3
24.04.2023 15:58:35  *01n 20 100TL 4  491.5  4.49  2209  544.0  2.13  1165  236.2  4.99  236.2  4.99  236.9  4.96  3375  3410 1.000  41.0  22922 7267
24.04.2023 15:58:55  *01n 20 100TL 4  493.9  3.60  1782  539.6  1.55   843  236.1  3.57  236.2  3.55  236.2  3.52  2626  2656 1.000  41.0  22941 049E
24.04.2023 15:59:15  *01n 20 100TL 4  485.4  2.84  1379  523.1  1.27   666  235.8  2.92  235.5  2.91  236.8  2.88  2046  2040 1.000  41.0  22952 0BC3
24.04.2023 15:59:36  *01n 20 100TL 4  466.2  1.98   926  543.7  0.86   473  236.0  2.00  236.2  1.99  237.2  1.96  1399  1324 1.000  41.0  22960 211A
24.04.2023 15:59:56  *01n 20 100TL 4  479.6  2.21  1062  524.5  1.01   532  236.5  2.23  236.4  2.21  237.2  2.19  1594  1484 1.000  40.9  22967 4FD6
24.04.2023 16:00:16  *01n 20 100TL 4  478.2  4.05  1940  563.6  1.72   973  237.3  4.19  236.9  4.18  238.3  4.16  2914  2996 1.000  40.9  22981 8146
24.04.2023 16:00:36  *01n 20 100TL 4  474.3  4.95  2351  533.1  2.40  1283  237.5  4.96  238.3  4.97  238.8  4.93  3634  3538 1.000  40.9  22992 66D0
24.04.2023 16:00:56  *01n 20 100TL 4  482.2  4.80  2320  531.8  2.33  1242  237.8  5.25  238.3  5.26  238.6  5.21  3562  3611 1.000  40.9  23012 64D8
24.04.2023 16:01:16  *01n 20 100TL 4  497.0  4.84  2409  542.2  2.26  1228  237.3  5.11  237.9  5.11  238.3  5.09  3637  3663 1.000  40.9  23032 6808
24.04.2023 16:01:36  *01n 20 100TL 4  506.9  4.83  2453  552.6  2.30  1272  237.4  5.26  238.0  5.26  238.5  5.25  3726  3666 1.000  40.9  23052 2785
24.04.2023 16:01:56  *01n 20 100TL 4  516.6  4.63  2395  541.5  2.22  1203  237.6  5.16  238.1  5.17  238.7  5.10  3599  3633 1.000  40.9  23073 D4A7
24.04.2023 16:02:17  *01n 20 100TL 4  516.8  4.62  2389  540.8  2.25  1222  237.8  5.16  238.5  5.15  239.0  5.12  3611  3562 1.000  40.9  23093 4C56
24.04.2023 16:02:36  *01n 20 100TL 4  516.7  4.46  2308  541.2  2.21  1200  237.9  4.94  238.2  4.95  238.6  4.87  3509  3459 1.000  40.9  23113 F300
24.04.2023 16:02:57  *01n 20 100TL 4  512.2  4.45  2279  540.6  2.10  1136  237.8  4.78  238.3  4.77  238.7  4.74  3416  3382 1.000  40.9  23132 7117
24.04.2023 16:03:17  *01n 20 100TL 4  511.9  4.37  2241  529.9  2.09  1112  237.8  4.72  238.2  4.72  238.9  4.67  3353  3302 1.000  40.9  23151 6A37
24.04.2023 16:03:37  *01n 20 100TL 4  511.8  4.13  2117  529.6  2.04  1084  236.8  4.65  237.0  4.66  238.2  4.60  3202  3242 1.000  40.9  23169 E54E
24.04.2023 16:03:56  *01n 20 100TL 4  511.5  4.14  2122  540.1  1.92  1043  237.3  4.47  237.8  4.44  238.7  4.44  3166  3201 1.000  40.9  23187 EA3E
24.04.2023 16:04:17  *01n 20 100TL 4  516.6  4.18  2159  529.2  2.04  1080  237.7  4.40  238.0  4.40  238.8  4.37  3239  3157 1.000  40.9  23204 2AC6
24.04.2023 16:04:37  *01n 20 100TL 4  516.3  4.02  2078  539.6  1.99  1077  237.5  4.51  237.5  4.53  238.7  4.48  3155  3150 1.000  40.9  23222 79E0
24.04.2023 16:04:56  *01n 20 100TL 4  510.6  4.06  2075  529.4  1.91  1014  237.1  4.54  237.7  4.56  238.4  4.49  3089  3141 1.000  40.9  23239 015E
24.04.2023 16:05:17  *01n 20 100TL 4  510.0  4.15  2117  530.1  2.01  1066  237.1  4.51  237.8  4.51  238.5  4.46  3184  3144 1.000  40.9  23258 341D
24.04.2023 16:05:37  *01n 20 100TL 4  511.0  3.81  1948  538.3  1.81   978  237.3  4.19  237.7  4.18  238.2  4.18  2926  2958 1.000  40.9  23274 D189
24.04.2023 16:05:56  *01n 20 100TL 4  499.5  4.17  2087  517.6  1.95  1013  238.0  4.31  237.4  4.29  238.0  4.28  3100  2992 1.000  40.9  23288 724E
24.04.2023 16:06:17  *01n 20 100TL 4  493.8  4.32  2134  538.2  1.98  1072  237.6  4.47  238.1  4.47  238.6  4.46  3207  3144 1.000  40.9  23305 055A
24.04.2023 16:06:37  *01n 20 100TL 4  499.4  3.65  1824  517.3  1.78   923  237.4  3.71  237.9  3.70  238.4  3.67  2748  2630 1.000  40.9  23320 AE4B
24.04.2023 16:06:57  *01n 20 100TL 4  490.7  4.36  2143  538.7  2.01  1084  238.0  4.47  238.5  4.47  238.8  4.41  3228  3126 1.000  40.9  23338 8CA6
24.04.2023 16:07:16  *01n 20 100TL 4  510.4  3.98  2037  534.2  1.95  1045  238.2  4.60  238.5  4.59  239.1  4.57  3082  3157 1.000  40.9  23355 B672
24.04.2023 16:07:37  *01n 20 100TL 4  511.6  4.05  2075  541.0  1.91  1034  238.4  4.44  239.0  4.46  239.4  4.39  3109  3134 1.000  40.9  23373 5142
24.04.2023 16:07:56  *01n 20 100TL 4  513.3  3.97  2037  536.5  1.90  1023  238.6  4.29  238.9  4.26  239.3  4.24  3060  3103 1.000  40.9  23389 3EF5
24.04.2023 16:08:17  *01n 20 100TL 4  513.8  3.97  2043  558.1  1.78   993  238.3  4.30  238.9  4.31  239.3  4.25  3036  3004 1.000  40.9  23406 CF3D
24.04.2023 16:08:36  *01n 20 100TL 4  502.2  3.77  1893  535.1  1.81   968  238.2  4.18  238.9  4.18  239.1  4.14  2862  2838 1.000  40.8  23421 1100
24.04.2023 16:08:58  *01n 20 100TL 4  511.4  3.97  2034  534.1  1.85   991  238.6  4.28  238.2  4.32  238.7  4.25  3025  2992 1.000  40.9  23438 58A1
24.04.2023 16:09:18  *01n 20 100TL 4  515.0  3.68  1899  549.6  1.74   956  237.9  4.20  238.6  4.21  238.8  4.16  2856  2917 1.000  40.9  23454 AC90
24.04.2023 16:09:38  *01n 20 100TL 4  515.3  3.90  2011  531.3  1.87   996  237.7  4.16  238.4  4.15  238.6  4.13  3007  2926 1.000  40.9  23470 9158
24.04.2023 16:09:58  *01n 20 100TL 4  510.3  3.85  1969  539.9  1.79   968  238.1  4.22  238.4  4.23  238.8  4.16  2938  2923 1.000  40.9  23486 52B1
24.04.2023 16:10:18  *01n 20 100TL 4  509.4  3.77  1921  544.9  1.76   962  237.6  4.26  238.2  4.25  238.5  4.23  2883  2919 1.000  40.9  23503 E5B9
24.04.2023 16:10:37  *01n 20 100TL 4  511.3  3.94  2018  532.0  1.90  1010  237.5  4.17  237.9  4.16  238.2  4.14  3028  2914 1.000  40.9  23519 1B25
24.04.2023 16:10:57  *01n 20 100TL 4  516.3  3.83  1979  542.0  1.78   967  237.5  4.11  238.1  4.09  238.2  4.09  2946  2888 1.000  40.9  23535 D67C
24.04.2023 16:11:18  *01n 20 100TL 4  510.2  3.79  1937  541.0  1.83   990  237.4  4.20  238.2  4.21  238.5  4.17  2928  2876 1.000  40.9  23551 0B6A
24.04.2023 16:11:38  *01n 20 100TL 4  515.7  3.74  1931  540.2  1.77   962  238.1  4.08  237.8  4.08  238.2  4.05  2894  2859 1.000  40.9  23567 A080
24.04.2023 16:11:57  *01n 20 100TL 4  514.9  3.60  1855  548.9  1.66   914  237.6  4.09  238.1  4.10  238.5  4.05  2769  2841 1.000  40.9  23584 381E
24.04.2023 16:12:18  *01n 20 100TL 4  510.0  3.70  1889  538.4  1.79   964  237.4  4.06  238.0  4.08  238.4  4.01  2853  2830 1.000  40.9  23599 72A3
24.04.2023 16:12:38  *01n 20 100TL 4  510.4  3.72  1902  536.3  1.78   961  237.3  4.03  237.8  4.03  238.0  4.01  2864  2816 1.000  40.9  23614 4C7C
24.04.2023 16:12:57  *01n 20 100TL 4  509.7  3.68  1878  537.2  1.69   910  237.6  4.08  237.4  4.05  238.6  4.06  2789  2806 1.000  40.9  23630 0EDE
24.04.2023 16:13:17  *01n 20 100TL 4  523.8  3.06  1603  540.4  1.45   787  237.1  3.36  237.9  3.34  238.1  3.31  2391  2345 1.000  40.9  23643 3161
24.04.2023 16:13:37  *01n 20 100TL 4  538.0  3.12  1683  527.9  1.71   904  237.8  3.75  238.3  3.78  238.7  3.72  2587  2603 1.000  40.8  23656 837A
24.04.2023 16:13:57  *01n 20 100TL 4  520.2  3.50  1824  537.2  1.73   930  237.8  3.81  238.3  3.81  238.8  3.77  2755  2745 1.000  40.9  23671 1F38
24.04.2023 16:14:18  *01n 20 100TL 4  509.6  3.63  1850  536.9  1.76   946  238.2  3.83  238.4  3.81  238.9  3.79  2796  2754 1.000  40.8  23686 82BF
24.04.2023 16:14:38  *01n 20 100TL 4  509.9  3.53  1803  526.6  1.76   929  237.8  3.77  238.4  3.76  238.7  3.72  2856  2732 1.000  40.8  23701 CAEF
24.04.2023 16:14:58  *01n 20 100TL 4  509.7  3.75  1911  536.9  1.71   923  237.7  3.93  238.1  3.94  238.3  3.88  2835  2738 1.000  40.8  23716 085C
24.04.2023 16:15:18  *01n 20 100TL 4  509.6  3.65  1861  535.9  1.76   946  237.9  4.01  238.3  4.01  238.5  3.97  2807  2742 1.000  40.8  23732 37AB
24.04.2023 16:15:38  *01n 20 100TL 4  509.4  3.52  1794  536.1  1.65   885  237.6  3.90  238.5  3.92  238.7  3.89  2679  2723 1.000  40.9  23747 B4E3
24.04.2023 16:15:58  *01n 20 100TL 4  509.3  3.48  1776  535.7  1.64   881  237.8  3.96  238.5  3.97  238.8  3.94  2658  2711 1.000  40.9  23762 EEF5
24.04.2023 16:16:18  *01n 20 100TL 4  509.3  3.55  1809  535.4  1.71   915  237.4  3.95  237.9  3.95  238.4  3.92  2725  2705 1.000  40.9  23777 314B
24.04.2023 16:16:38  *01n 20 100TL 4  510.1  3.11  1588  536.6  1.40   753  237.3  3.46  237.7  3.48  238.5  3.43  2342  2362 1.000  40.9  23792 8145
24.04.2023 16:16:59  *01n 20 100TL 4  508.9  3.48  1774  534.2  1.61   863  237.3  3.84  237.6  3.84  238.3  3.79  2638  2667 1.000  40.9  23806 781F
24.04.2023 16:17:18  *01n 20 100TL 4  508.0  3.10  1576  529.5  1.37   729  237.3  3.24  237.8  3.24  238.2  3.21  2305  2458 1.000  40.9  23821 42F1
24.04.2023 16:17:39  *01n 20 100TL 4  493.2  1.79   886  537.4  0.87   471  237.3  1.97  237.6  1.98  238.2  1.94  1358  1290 1.000  40.9  23827 2B7F
24.04.2023 16:17:58  *01n 20 100TL 4  503.6  3.54  1786  535.8  1.65   888  237.9  3.77  238.3  3.77  238.9  3.72  2674  2627 1.000  40.8  23839 8019
24.04.2023 16:18:19  *01n 20 100TL 4  508.6  3.57  1817  535.5  1.70   912  237.8  3.81  238.1  3.82  238.6  3.76  2729  2641 1.000  40.9  23853 4437
24.04.2023 16:18:38  *01n 20 100TL 4  503.6  3.43  1731  514.7  1.57   811  237.5  3.81  237.8  3.81  238.6  3.79  2543  2612 1.000  40.8  23869 A80D
24.04.2023 16:18:58  *01n 20 100TL 4  510.0  0.89   456  535.3  0.33   183  237.3  1.24  236.7  1.23  237.2  1.22   639   680 1.000  40.8  23882 3F01
24.04.2023 16:19:18  *01n 20 100TL 4  500.1  1.18   592  535.7  0.39   209  236.7  1.33  237.2  1.31  237.6  1.28   801   846 1.000  40.8  23887 204F
24.04.2023 16:19:39  *01n 20 100TL 4  476.3  1.12   534  522.0  0.34   181  236.6  1.28  237.0  1.29  237.3  1.25   715   657 1.000  40.8  23891 8CC7
24.04.2023 16:19:58  *01n 20 100TL 4  485.5  1.04   505  502.2  0.39   201  236.6  1.29  237.3  1.30  237.8  1.29   706   683 1.000  40.8  23894 8896
24.04.2023 16:20:19  *01n 20 100TL 4  485.4  1.03   502  481.7  0.39   190  236.7  1.33  237.1  1.34  237.6  1.31   692   718 1.000  40.8  23898 47E3
24.04.2023 16:20:38  *01n 20 100TL 4  494.9  1.04   515  461.3  0.39   178  236.6  1.25  237.3  1.27  237.6  1.23   694   718 1.000  40.8  23902 19C4
24.04.2023 16:20:58  *01n 20 100TL 4  494.5  1.06   526  441.2  0.44   195  236.6  1.30  237.2  1.31  237.7  1.28   721   758 1.000  40.8  23907 7B49
24.04.2023 16:21:18  *01n 20 100TL 4  494.3  1.21   602  421.3  0.48   204  237.1  1.42  237.7  1.47  238.0  1.41   807   820 1.000  40.8  23911 6DD8
24.04.2023 16:21:40  *01n 20 100TL 4  483.4  3.24  1568  422.9  1.49   634  237.4  3.25  238.1  3.25  238.5  3.20  2203  2227 1.000  40.8  23917 0639
24.04.2023 16:21:59  *01n 20 100TL 4  483.7  1.55   752  430.7  0.70   306  237.2  1.68  237.8  1.70  238.3  1.64  1058  1051 1.000  40.8  23927 FBD5
24.04.2023 16:22:19  *01n 20 100TL 4  457.9  3.40  1559  440.8  1.75   770  237.9  3.27  238.3  3.29  238.8  3.22  2330  2211 1.000  40.8  23937 4605
24.04.2023 16:22:39  *01n 20 100TL 4  464.6  2.92  1358  440.9  1.27   564  237.7  2.77  238.0  2.76  238.7  2.73  1922  1861 1.000  40.8  23950 2175
24.04.2023 16:23:00  *01n 20 100TL 4  440.7  3.16  1393  468.7  1.57   738  238.3  2.97  238.5  2.96  239.0  2.92  2131  2047 1.000  40.8  23960 4B95
24.04.2023 16:23:20  *01n 20 100TL 4  457.4  4.14  1896  474.9  1.91   909  237.9  3.91  238.2  3.93  239.0  3.87  2806  2725 1.000  40.7  23975 5CB7
24.04.2023 16:23:40  *01n 20 100TL 4  471.7  4.11  1939  514.1  1.94   999  237.9  3.99  238.1  3.98  238.9  3.96  2938  2838 1.000  40.8  23991 54B4
24.04.2023 16:23:59  *01n 20 100TL 4  478.8  3.88  1858  545.8  1.84  1007  238.0  4.11  238.2  4.12  239.0  4.05  2865  2864 1.000  40.8  24007 BDA4
24.04.2023 16:24:20  *01n 20 100TL 4  490.3  3.83  1882  544.8  1.80   984  237.8  4.10  238.0  4.08  238.9  4.06  2867  2931 1.000  40.8  24022 8055
24.04.2023 16:24:39  *01n 20 100TL 4  474.6  2.33  1106  521.9  1.04   543  234.5  2.42  234.8  2.43  235.7  2.36  1649  1666 1.000  40.8  24035 1DE7
24.04.2023 16:24:59  *01n 20 100TL 4  465.0  1.85   860  542.3  0.83   450  234.3  2.00  234.4  2.01  234.5  1.95  1310  1344 1.000  40.7  24045 E6F0
24.04.2023 16:25:20  *01n 20 100TL 4  468.1  1.63   767  533.9  0.63   341  233.7  1.84  234.1  1.86  234.7  1.82  1109  1092 1.000  40.7  24051 F7CC
24.04.2023 16:25:39  *01n 20 100TL 4  488.7  1.58   779  512.7  0.72   369  233.8  1.71  234.1  1.70  234.8  1.70  1149  1052 1.000  40.7  24058 059C
24.04.2023 16:25:59  *01n 20 100TL 4  494.3  1.39   689  513.5  0.59   308  233.8  1.72  234.0  1.71  234.8  1.67   997  1002 1.000  40.7  24063 498B
24.04.2023 16:26:19  *01n 20 100TL 4  510.0  1.53   782  524.3  0.63   335  233.2  1.63  233.4  1.64  234.3  1.60  1118  1019 1.000  40.7  24069 D294
24.04.2023 16:26:41  *01n 20 100TL 4  500.5  2.97  1489  515.1  1.50   775  233.3  3.35  233.4  3.33  234.5  3.32  2264  2110 1.000  40.7  24075 77B7
24.04.2023 16:27:01  *01n 20 100TL 4  508.4  3.44  1751  523.0  1.61   842  233.1  3.82  233.0  3.81  234.1  3.79  2594  2586 1.000  40.7  24091 49C1
24.04.2023 16:27:20  *01n 20 100TL 4  515.5  1.71   886  500.5  0.79   399  232.5  1.90  232.4  1.89  233.5  1.87  1286  1210 1.000  40.7  24101 FAB9
24.04.2023 16:27:40  *01n 20 100TL 4  507.0  1.48   755  501.1  0.66   335  232.2  1.60  232.4  1.61  233.2  1.57  1091  1011 1.000  40.7  24107 A96B
24.04.2023 16:28:00  *01n 20 100TL 4  498.0  1.27   636  520.1  0.54   285  232.3  1.68  232.6  1.68  233.5  1.64   921   985 1.000  40.7  24112 C8DD
24.04.2023 16:28:20  *01n 20 100TL 4  501.1  1.36   686  518.4  0.54   285  232.1  1.62  232.3  1.62  233.3  1.59   971   964 1.000  40.7  24117 4377
24.04.2023 16:28:40  *01n 20 100TL 4  490.7  1.37   672  516.8  0.57   296  231.8  1.54  232.3  1.55  233.0  1.49   968   930 1.000  40.6  24123 5750
24.04.2023 16:29:00  *01n 20 100TL 4  499.2  1.26   631  525.3  0.48   254  232.0  1.51  232.4  1.49  233.2  1.48   886   910 1.000  40.6  24128 5ED2
24.04.2023 16:29:20  *01n 20 100TL 4  496.4  1.24   619  531.1  0.45   239  232.0  1.51  232.5  1.51  233.4  1.49   859   878 1.000  40.6  24133 C52B
24.04.2023 16:29:40  *01n 20 100TL 4  497.7  1.27   637  520.6  0.51   270  232.3  1.48  232.6  1.48  233.4  1.45   907   849 1.000  40.6  24138 B1D6
24.04.2023 16:30:00  *01n 20 100TL 4  498.8  1.23   616  527.4  0.45   242  232.3  1.44  232.7  1.45  233.5  1.41   859   827 1.000  40.6  24142 CFF8
24.04.2023 16:30:20  *01n 20 100TL 4  498.9  1.19   593  526.0  0.47   248  232.4  1.33  232.8  1.36  233.6  1.32   842   798 1.000  40.6  24147 3246
24.04.2023 16:30:40  *01n 20 100TL 4  499.4  1.09   547  525.1  0.44   234  232.4  1.40  232.7  1.41  233.5  1.39   782   794 1.000  40.6  24151 3366
24.04.2023 16:31:00  *01n 20 100TL 4  498.9  1.21   602  535.0  0.42   227  232.6  1.43  232.9  1.42  233.8  1.40   830   794 1.000  40.5  24156 69FE
24.04.2023 16:31:20  *01n 20 100TL 4  488.5  1.23   604  524.4  0.48   253  233.2  1.34  232.7  1.34  233.5  1.31   857   811 1.000  40.5  24160 B959
24.04.2023 16:31:42  *01n 20 100TL 4  488.5  1.20   588  521.8  0.48   253  232.7  1.50  232.4  1.50  233.7  1.45   842   871 1.000  40.5  24165 A2B2
24.04.2023 16:32:02  *01n 20 100TL 4  500.8  3.50  1756  521.9  1.57   822  232.9  3.58  233.0  3.55  234.1  3.52  2578  2478 1.000  40.5  24172 768F
24.04.2023 16:32:21  *01n 20 100TL 4  492.8  1.58   778  534.8  0.66   352  232.5  1.78  232.4  1.77  233.5  1.73  1130  1086 1.000  40.5  24183 CA69
24.04.2023 16:32:41  *01n 20 100TL 4  512.1  1.45   744  544.2  0.59   325  232.3  1.74  232.4  1.74  233.5  1.69  1069  1097 1.000  40.5  24189 11B9
24.04.2023 16:33:01  *01n 20 100TL 4  511.8  1.58   813  543.6  0.62   341  232.4  1.88  232.5  1.89  233.4  1.84  1155  1179 1.000  40.5  24196 E8FB
24.04.2023 16:33:21  *01n 20 100TL 4  522.0  1.57   822  533.1  0.74   395  233.1  1.98  232.1  1.98  233.4  1.93  1217  1254 1.000  40.5  24202 9E76
24.04.2023 16:33:41  *01n 20 100TL 4  521.5  1.90   993  532.9  0.84   448  231.8  2.12  232.2  2.10  233.1  2.09  1441  1353 1.000  40.4  24210 8499
24.04.2023 16:34:01  *01n 20 100TL 4  521.3  1.78   929  543.4  0.76   416  232.7  2.15  233.0  2.17  233.4  2.11  1345  1391 1.000  40.4  24218 5B2A
24.04.2023 16:34:22  *01n 20 100TL 4  510.8  1.83   935  521.9  0.84   440  232.4  2.21  232.6  2.24  233.7  2.18  1376  1446 1.000  40.4  24225 C5F1
24.04.2023 16:34:42  *01n 20 100TL 4  510.4  2.01  1028  531.7  0.91   485  232.6  2.13  232.5  2.11  233.5  2.09  1513  1464 1.000  40.4  24233 A40E
24.04.2023 16:35:01  *01n 20 100TL 4  510.2  1.96  1002  521.2  0.84   437  232.7  2.31  232.8  2.31  233.6  2.29  1440  1480 1.000  40.4  24242 FF98
24.04.2023 16:35:21  *01n 20 100TL 4  510.0  2.04  1043  542.5  0.93   509  232.7  2.29  232.8  2.28  233.9  2.24  1553  1506 1.000  40.4  24250 3D70
24.04.2023 16:35:41  *01n 20 100TL 4  509.5  2.13  1089  541.6  0.93   505  232.6  2.26  232.9  2.26  233.8  2.23  1594  1506 1.000  40.4  24259 A72E
24.04.2023 16:36:01  *01n 20 100TL 4  519.5  2.00  1043  541.3  0.93   506  232.8  2.28  233.0  2.27  233.4  2.26  1550  1513 1.000  40.4  24267 C384
24.04.2023 16:36:23  *01n 20 100TL 4  517.7  1.98  1029  541.1  0.95   518  232.6  2.32  233.2  2.34  234.3  2.27  1548  1522 1.000  40.4  24275 B62C
24.04.2023 16:36:43  *01n 20 100TL 4  519.0  1.98  1033  540.4  0.85   460  232.5  2.35  233.0  2.33  234.1  2.34  1438  1533 1.000  40.3  24284 8A2D
24.04.2023 16:37:02  *01n 20 100TL 4  508.5  2.06  1051  530.2  0.92   491  232.2  2.18  232.6  2.17  233.7  2.13  1542  1518 1.000  40.3  24292 ABBD
24.04.2023 16:37:22  *01n 20 100TL 4  518.5  1.97  1026  529.8  0.97   517  232.2  2.34  232.8  2.35  234.0  2.29  1544  1524 1.000  40.3  24301 1505
24.04.2023 16:37:42  *01n 20 100TL 4  518.2  2.02  1046  540.2  0.92   498  231.9  2.20  232.4  2.17  233.7  2.15  1545  1516 1.000  40.3  24309 5716
24.04.2023 16:38:02  *01n 20 100TL 4  509.3  1.87   958  529.2  0.90   476  232.3  2.35  232.6  2.35  233.8  2.32  1434  1499 1.000  40.3  24318 F1F4
24.04.2023 16:38:22  *01n 20 100TL 4  514.3  2.05  1057  538.7  0.97   526  231.8  2.16  232.2  2.14  233.4  2.11  1583  1487 1.000  40.3  24326 2741
24.04.2023 16:38:42  *01n 20 100TL 4  521.3  1.91   997  530.5  0.87   465  231.8  2.19  231.8  2.17  233.3  2.16  1463  1461 1.000  40.3  24335 D2B2
24.04.2023 16:39:02  *01n 20 100TL 4  507.2  1.85   939  538.7  0.83   453  232.4  2.15  231.9  2.14  232.7  2.11  1393  1441 1.000  40.3  24342 288D
24.04.2023 16:39:23  *01n 20 100TL 4  507.0  1.87   953  528.1  0.89   473  231.8  2.20  232.0  2.19  233.1  2.16  1426  1416 1.000  40.2  24350 2582
24.04.2023 16:39:42  *01n 20 100TL 4  507.3  1.99  1011  527.8  0.89   468  232.0  2.06  232.3  2.05  233.4  2.01  1480  1403 1.000  40.2  24358 F37B
24.04.2023 16:40:02  *01n 20 100TL 4  514.4  1.94   997  538.2  0.91   494  231.9  2.06  232.1  2.04  233.5  2.01  1492  1405 1.000  40.2  24366 A33B
24.04.2023 16:40:23  *01n 20 100TL 4  513.2  1.77   907  529.3  0.82   433  232.0  2.17  232.4  2.17  233.5  2.12  1341  1397 1.000  40.2  24374 5794
24.04.2023 16:40:42  *01n 20 100TL 4  509.7  1.75   895  530.9  0.80   428  231.9  2.19  232.1  2.19  233.3  2.12  1324  1394 1.000  40.2  24382 3B57
24.04.2023 16:41:02  *01n 20 100TL 4  511.3  1.71   878  533.3  0.82   437  231.9  2.17  232.1  2.14  233.2  2.13  1316  1408 1.000  40.2  24390 FE92
24.04.2023 16:41:23  *01n 20 100TL 4  515.9  1.87   971  537.2  0.86   463  232.3  2.06  231.7  2.06  233.1  2.03  1435  1411 1.000  40.2  24397 C4DD
24.04.2023 16:41:42  *01n 20 100TL 4  516.9  1.82   943  536.8  0.80   434  231.9  2.18  232.2  2.18  233.5  2.16  1377  1420 1.000  40.2  24405 402F
24.04.2023 16:42:02  *01n 20 100TL 4  507.1  2.01  1022  535.9  0.93   497  232.2  2.19  231.8  2.18  233.6  2.18  1519  1423 1.000  40.2  24413 8BA6
24.04.2023 16:42:22  *01n 20 100TL 4  507.7  1.79   910  529.0  0.81   428  231.8  2.26  232.0  2.26  233.1  2.22  1339  1417 1.000  40.2  24421 6F43
24.04.2023 16:42:43  *01n 20 100TL 4  520.1  1.95  1019  532.0  0.93   500  231.8  2.08  232.1  2.08  233.3  2.04  1519  1419 1.000  40.2  24429 40A6
24.04.2023 16:43:03  *01n 20 100TL 4  518.4  1.76   914  539.9  0.82   445  231.9  2.31  232.1  2.33  233.3  2.29  1359  1435 1.000  40.1  24437 1EA2
24.04.2023 16:43:23  *01n 20 100TL 4  518.4  1.85   962  529.7  0.83   442  231.8  2.23  232.3  2.24  233.5  2.18  1405  1440 1.000  40.1  24445 4215
24.04.2023 16:43:43  *01n 20 100TL 4  510.2  1.98  1014  535.2  0.87   468  232.0  2.15  232.4  2.13  233.7  2.12  1483  1466 1.000  40.1  24453 19CA
24.04.2023 16:44:03  *01n 20 100TL 4  499.5  2.36  1182  544.0  1.12   611  232.0  2.55  232.3  2.53  233.6  2.51  1794  1730 1.000  40.1  24461 9F96
24.04.2023 16:44:23  *01n 20 100TL 4  485.5  2.18  1062  552.3  0.94   523  232.0  2.38  232.4  2.39  233.7  2.33  1585  1583 1.000  40.1  24470 E728
24.04.2023 16:44:43  *01n 20 100TL 4  506.9  1.98  1004  538.3  0.91   494  231.8  2.28  232.3  2.30  233.4  2.22  1498  1486 1.000  40.1  24479 B401
24.04.2023 16:45:03  *01n 20 100TL 4  517.7  1.96  1016  529.4  0.92   489  231.6  2.15  232.1  2.16  233.3  2.12  1506  1484 1.000  40.1  24487 106A
24.04.2023 16:45:23  *01n 20 100TL 4  526.9  1.81   956  517.8  0.85   444  231.8  2.14  232.0  2.13  233.2  2.10  1400  1438 1.000  40.1  24496 1D49
24.04.2023 16:45:44  *01n 20 100TL 4  515.5  2.04  1051  531.7  0.95   509  231.8  2.25  232.0  2.24  233.4  2.20  1560  1470 1.000  40.0  24503 A968
24.04.2023 16:46:03  *01n 20 100TL 4  507.1  2.04  1039  536.0  0.96   518  231.7  2.20  231.8  2.18  233.3  2.17  1557  1464 1.000  40.0  24511 721C
24.04.2023 16:46:23  *01n 20 100TL 4  506.5  2.00  1014  536.6  0.88   476  232.1  2.25  232.1  2.25  233.4  2.21  1490  1464 1.000  40.0  24520 6D65
24.04.2023 16:46:43  *01n 20 100TL 4  505.9  1.99  1008  538.9  0.94   508  232.0  2.23  232.0  2.21  233.0  2.20  1516  1478 1.000  40.0  24528 CC0F
24.04.2023 16:47:03  *01n 20 100TL 4  515.4  1.98  1022  527.5  0.89   473  231.9  2.16  232.2  2.14  233.2  2.12  1495  1483 1.000  40.0  24536 ADC2
24.04.2023 16:47:23  *01n 20 100TL 4  505.1  2.05  1040  527.1  0.96   508  231.8  2.34  231.8  2.33  232.9  2.31  1548  1486 1.000  40.0  24545 12BB
24.04.2023 16:47:43  *01n 20 100TL 4  504.8  1.91   967  537.3  0.90   485  232.1  2.30  232.0  2.31  232.9  2.24  1452  1495 1.000  40.0  24553 6DCA
24.04.2023 16:48:05  *01n 20 100TL 4  514.6  2.02  1040  536.9  0.90   485  232.0  2.22  232.2  2.21  233.2  2.17  1525  1503 1.000  40.0  24561 8313
24.04.2023 16:48:25  *01n 20 100TL 4  514.3  1.89   976  537.7  0.85   457  232.1  2.23  232.2  2.21  233.1  2.21  1434  1506 1.000  40.0  24569 EA09
24.04.2023 16:48:44  *01n 20 100TL 4  514.1  2.06  1063  526.2  1.00   526  232.1  2.29  232.3  2.30  233.3  2.23  1589  1504 1.000  40.0  24578 C740
24.04.2023 16:49:04  *01n 20 100TL 4  514.0  2.13  1100  535.3  0.95   512  232.6  2.18  231.4  2.16  233.3  2.14  1612  1510 1.000  40.0  24586 823A
24.04.2023 16:49:24  *01n 20 100TL 4  513.7  2.05  1057  525.2  0.93   492  232.0  2.31  232.3  2.30  233.3  2.29  1550  1507 1.000  39.9  24595 F516
24.04.2023 16:49:44  *01n 20 100TL 4  513.2  1.86   955  535.6  0.86   465  232.2  2.40  232.1  2.39  233.2  2.36  1420  1498 1.000  39.9  24603 72A5
24.04.2023 16:50:04  *01n 20 100TL 4  512.9  1.97  1011  535.2  0.90   480  231.8  2.13  232.0  2.12  233.1  2.08  1492  1470 1.000  39.9  24611 E8B5
24.04.2023 16:50:24  *01n 20 100TL 4  511.7  1.81   930  534.7  0.87   469  231.8  2.21  232.1  2.20  233.1  2.18  1400  1449 1.000  39.9  24620 612B
24.04.2023 16:50:44  *01n 20 100TL 4  522.8  1.87   984  535.1  0.90   482  231.8  2.23  231.9  2.22  233.0  2.20  1466  1428 1.000  39.9  24628 DC71
24.04.2023 16:51:05  *01n 20 100TL 4  522.4  1.85   971  534.1  0.84   451  232.4  2.17  231.9  2.15  233.5  2.12  1423  1403 1.000  39.9  24635 652D
24.04.2023 16:51:24  *01n 20 100TL 4  511.8  1.85   949  534.0  0.88   471  232.0  2.15  232.1  2.16  233.2  2.14  1420  1397 1.000  39.9  24643 4B44
24.04.2023 16:51:44  *01n 20 100TL 4  512.0  1.87   962  533.9  0.84   451  232.1  2.13  232.1  2.11  233.2  2.12  1414  1377 1.000  39.9  24651 EB99
24.04.2023 16:52:04  *01n 20 100TL 4  512.2  1.84   949  533.6  0.87   468  232.0  2.03  232.2  2.03  233.4  2.02  1417  1361 1.000  39.9  24659 A0E8
24.04.2023 16:52:24  *01n 20 100TL 4  519.8  1.68   878  533.3  0.81   436  232.2  2.05  232.3  2.02  233.4  2.00  1315  1353 1.000  39.9  24666 A31B
24.04.2023 16:52:44  *01n 20 100TL 4  518.4  1.91   996  532.0  0.86   457  232.2  1.98  232.5  1.97  233.6  1.95  1454  1356 1.000  39.9  24674 3330
24.04.2023 16:53:05  *01n 20 100TL 4  510.8  1.87   955  532.8  0.82   440  232.3  2.20  232.5  2.20  233.5  2.17  1396  1362 1.000  39.9  24681 8CE6
24.04.2023 16:53:26  *01n 20 100TL 4  521.0  1.78   932  543.1  0.84   459  232.4  2.23  232.9  2.23  233.9  2.19  1391  1373 1.000  39.8  24689 047D
24.04.2023 16:53:45  *01n 20 100TL 4  510.3  1.98  1011  532.3  0.86   462  232.5  2.04  233.1  2.02  234.0  2.00  1474  1382 1.000  39.8  24697 46A5
24.04.2023 16:54:05  *01n 20 100TL 4  511.2  1.82   933  542.7  0.84   459  232.7  2.18  233.0  2.18  234.1  2.12  1393  1394 1.000  39.8  24704 F768
24.04.2023 16:54:25  *01n 20 100TL 4  511.9  1.97  1008  542.5  0.87   477  232.5  2.20  232.9  2.18  234.0  2.17  1486  1411 1.000  39.8  24712 FC75
24.04.2023 16:54:45  *01n 20 100TL 4  512.4  1.81   933  532.6  0.81   434  232.4  2.18  232.7  2.18  233.7  2.11  1368  1414 1.000  39.8  24720 71F7
24.04.2023 16:55:05  *01n 20 100TL 4  515.5  1.78   918  534.4  0.85   459  232.5  2.20  232.4  2.20  233.9  2.15  1377  1426 1.000  39.8  24728 879F
24.04.2023 16:55:25  *01n 20 100TL 4  514.6  2.00  1033  537.5  0.88   474  232.4  2.24  232.9  2.23  233.8  2.20  1507  1438 1.000  39.8  24736 8552
24.04.2023 16:55:45  *01n 20 100TL 4  518.0  1.92   999  530.6  0.87   466  232.4  2.14  232.7  2.13  233.7  2.11  1466  1443 1.000  39.8  24744 CBB3
24.04.2023 16:56:05  *01n 20 100TL 4  527.4  1.74   918  541.3  0.86   471  232.6  2.22  233.0  2.20  233.9  2.16  1390  1420 1.000  39.8  24752 646D
24.04.2023 16:56:25  *01n 20 100TL 4  509.9  1.94   988  540.8  0.86   469  232.5  2.20  233.0  2.21  233.9  2.16  1458  1429 1.000  39.8  24760 C686
24.04.2023 16:56:45  *01n 20 100TL 4  510.5  2.00  1022  530.1  0.93   492  232.6  2.07  233.0  2.05  233.7  2.03  1515  1417 1.000  39.7  24768 9F76
24.04.2023 16:57:06  *01n 20 100TL 4  504.1  1.75   885  530.5  0.80   428  232.9  2.29  233.1  2.28  233.8  2.25  1313  1402 1.000  39.8  24776 6C26
24.04.2023 16:57:25  *01n 20 100TL 4  510.6  1.96  1004  538.2  0.86   462  232.7  2.07  233.0  2.06  233.8  2.05  1466  1390 1.000  39.7  24784 EE7F
24.04.2023 16:57:45  *01n 20 100TL 4  513.4  1.84   947  531.7  0.88   466  232.6  2.09  233.0  2.06  233.7  2.05  1414  1377 1.000  39.7  24792 4910
24.04.2023 16:58:06  *01n 20 100TL 4  517.1  1.80   932  539.3  0.83   448  232.5  2.13  232.9  2.13  234.0  2.09  1380  1367 1.000  39.7  24799 572B
24.04.2023 16:58:25  *01n 20 100TL 4  516.5  1.69   878  528.4  0.75   401  232.7  2.12  233.0  2.12  234.0  2.12  1280  1362 1.000  39.7  24806 BED3
24.04.2023 16:58:45  *01n 20 100TL 4  506.0  1.69   856  528.2  0.80   425  232.9  2.03  233.3  2.02  234.2  2.00  1281  1351 1.000  39.7  24814 BC3E
24.04.2023 16:59:05  *01n 20 100TL 4  516.0  1.88   973  538.5  0.87   471  232.8  2.17  233.2  2.16  234.0  2.15  1445  1364 1.000  39.7  24822 DBB4
24.04.2023 16:59:26  *01n 20 100TL 4  515.9  1.88   975  527.6  0.89   473  233.0  2.12  233.2  2.10  234.0  2.08  1448  1364 1.000  39.7  24829 7B0D
24.04.2023 16:59:46  *01n 20 100TL 4  515.7  1.71   885  538.2  0.82   440  232.8  2.06  233.0  2.04  234.0  2.01  1326  1370 1.000  39.7  24837 5F75
24.04.2023 17:00:06  *01n 20 100TL 4  515.3  1.94  1002  527.0  0.86   457  232.8  2.00  232.7  1.98  233.8  1.95  1460  1370 1.000  39.7  24845 948A
24.04.2023 17:00:26  *01n 20 100TL 4  514.9  1.89   978  537.4  0.90   483  232.8  2.04  233.1  2.03  234.3  2.01  1461  1380 1.000  39.7  24853 642E
24.04.2023 17:00:46  *01n 20 100TL 4  515.5  1.83   947  536.0  0.86   462  233.2  2.16  233.3  2.17  234.5  2.13  1326  1390 1.000  39.7  24860 3E63
24.04.2023 17:01:06  *01n 20 100TL 4  513.7  1.77   909  535.7  0.78   419  233.1  2.14  233.2  2.14  234.1  2.09  1329  1393 1.000  39.7  24868 5475
24.04.2023 17:01:26  *01n 20 100TL 4  515.1  1.82   941  538.0  0.87   471  233.1  2.16  233.1  2.15  233.9  2.11  1412  1394 1.000  39.7  24875 28E4
24.04.2023 17:01:46  *01n 20 100TL 4  514.7  1.74   895  526.3  0.82   431  232.9  2.20  233.0  2.19  233.9  2.18  1327  1396 1.000  39.7  24883 5407
24.04.2023 17:02:06  *01n 20 100TL 4  512.9  1.95  1000  537.5  0.86   468  233.4  2.16  232.6  2.15  233.9  2.10  1469  1397 1.000  39.6  24891 D540
24.04.2023 17:02:26  *01n 20 100TL 4  523.1  1.86   973  535.0  0.90   488  232.8  2.17  232.5  2.16  234.1  2.10  1461  1393 1.000  39.7  24899 ACF8
24.04.2023 17:02:46  *01n 20 100TL 4  522.9  1.89   990  534.7  0.86   462  232.8  2.10  232.9  2.08  234.0  2.07  1452  1400 1.000  39.6  24907 226C
24.04.2023 17:03:06  *01n 20 100TL 4  507.8  1.91   970  529.9  0.85   453  232.5  2.09  232.9  2.08  233.9  2.06  1423  1403 1.000  39.6  24914 20A8
24.04.2023 17:03:26  *01n 20 100TL 4  517.7  1.84   953  540.2  0.87   476  233.2  2.21  232.3  2.21  233.7  2.19  1429  1423 1.000  39.6  24922 9D1C
24.04.2023 17:03:46  *01n 20 100TL 4  507.4  1.99  1014  529.4  0.89   473  232.7  2.10  232.6  2.09  233.5  2.07  1487  1420 1.000  39.6  24930 0D70
24.04.2023 17:04:06  *01n 20 100TL 4  515.7  1.92   994  529.0  0.90   479  232.5  2.23  232.6  2.23  233.5  2.17  1474  1441 1.000  39.6  24938 DF4D
24.04.2023 17:04:27  *01n 20 100TL 4  519.0  1.90   987  528.8  0.91   486  233.6  2.22  232.1  2.23  233.7  2.19  1474  1452 1.000  39.6  24946 FA8F
24.04.2023 17:04:47  *01n 20 100TL 4  513.5  1.96  1008  539.2  0.86   468  232.4  2.27  232.5  2.27  233.5  2.22  1477  1477 1.000  39.6  24955 D706
24.04.2023 17:05:07  *01n 20 100TL 4  512.7  2.01  1033  538.8  0.96   520  233.0  2.30  233.0  2.29  233.9  2.25  1553  1490 1.000  39.6  24963 751D
24.04.2023 17:05:27  *01n 20 100TL 4  526.1  1.97  1036  539.2  0.96   518  233.3  2.31  233.2  2.28  234.1  2.26  1554  1501 1.000  39.6  24971 B69B
24.04.2023 17:05:47  *01n 20 100TL 4  525.9  2.08  1095  548.7  0.93   514  232.7  2.34  233.1  2.36  233.8  2.32  1609  1522 1.000  39.6  24980 C691
24.04.2023 17:06:07  *01n 20 100TL 4  515.4  1.95  1008  538.3  0.93   502  233.2  2.49  233.2  2.50  234.1  2.46  1510  1560 1.000  39.6  24988 0DF3
24.04.2023 17:06:27  *01n 20 100TL 4  515.2  2.11  1089  548.2  0.95   521  233.0  2.42  233.1  2.43  234.1  2.37  1611  1585 1.000  39.5  24997 30B4
24.04.2023 17:06:47  *01n 20 100TL 4  514.9  2.13  1098  537.3  0.98   529  233.4  2.45  233.4  2.45  234.4  2.40  1628  1617 1.000  39.5  25006 7067
24.04.2023 17:07:07  *01n 20 100TL 4  504.4  2.24  1129  537.1  1.07   575  233.3  2.44  233.4  2.43  234.4  2.40  1704  1657 1.000  39.5  25015 3FB8
24.04.2023 17:07:27  *01n 20 100TL 4  515.9  2.52  1306  527.7  1.20   636  233.4  2.76  233.9  2.76  234.9  2.71  1974  1915 1.000  39.5  25025 4F95
24.04.2023 17:07:47  *01n 20 100TL 4  514.4  3.05  1571  566.8  1.48   840  234.2  3.40  234.3  3.40  235.1  3.34  2412  2342 1.000  39.5  25037 796E
24.04.2023 17:08:07  *01n 20 100TL 4  521.8  2.40  1254  548.9  1.15   633  234.1  2.72  233.4  2.70  234.9  2.68  1887  1860 1.000  39.5  25048 F963
24.04.2023 17:08:27  *01n 20 100TL 4  513.9  3.07  1580  537.9  1.53   825  234.5  3.36  234.5  3.33  235.5  3.31  2406  2348 1.000  39.5  25059 295F
24.04.2023 17:08:47  *01n 20 100TL 4  519.4  2.51  1304  534.3  1.19   640  233.8  2.85  234.2  2.85  235.1  2.79  1945  1911 1.000  39.5  25071 FE07
24.04.2023 17:09:07  *01n 20 100TL 4  518.3  2.24  1161  536.2  1.04   561  233.4  2.68  233.8  2.69  234.7  2.62  1722  1797 1.000  39.5  25081 2ECE
24.04.2023 17:09:27  *01n 20 100TL 4  518.2  2.35  1220  535.9  1.08   588  233.8  2.59  233.9  2.57  235.0  2.55  1809  1788 1.000  39.5  25091 F5DE
24.04.2023 17:09:47  *01n 20 100TL 4  518.0  2.26  1173  535.6  1.11   598  233.9  2.63  234.2  2.62  235.1  2.58  1771  1814 1.000  39.5  25101 587A
24.04.2023 17:10:07  *01n 20 100TL 4  515.0  2.28  1177  529.6  1.09   576  233.7  2.73  233.9  2.74  235.0  2.71  1754  1797 1.000  39.5  25111 DFA8
24.04.2023 17:10:28  *01n 20 100TL 4  515.6  2.36  1219  540.2  1.07   581  233.4  2.62  234.0  2.61  234.4  2.58  1800  1782 1.000  39.5  25121 3F29
24.04.2023 17:10:48  *01n 20 100TL 4  515.4  2.30  1188  539.5  1.12   605  233.7  2.67  233.9  2.68  235.0  2.62  1794  1768 1.000  39.5  25131 3415
24.04.2023 17:11:08  *01n 20 100TL 4  515.4  2.37  1225  540.2  1.07   581  233.8  2.72  234.3  2.70  235.1  2.67  1806  1783 1.000  39.5  25141 E10A
24.04.2023 17:11:28  *01n 20 100TL 4  507.5  2.35  1197  536.4  1.11   596  234.1  2.52  234.4  2.49  235.2  2.48  1794  1771 1.000  39.5  25151 70DB
24.04.2023 17:11:48  *01n 20 100TL 4  500.9  2.97  1489  530.1  1.50   799  234.5  3.44  234.8  3.43  235.6  3.40  2288  2342 1.000  39.5  25161 993B
24.04.2023 17:12:08  *01n 20 100TL 4  515.1  3.06  1576  545.3  1.53   837  234.6  3.60  234.8  3.59  235.6  3.54  2413  2386 1.000  39.5  25175 C690
24.04.2023 17:12:28  *01n 20 100TL 4  520.6  2.92  1519  544.2  1.55   842  235.0  3.55  234.9  3.52  235.8  3.53  2362  2368 1.000  39.5  25188 93CD
24.04.2023 17:12:48  *01n 20 100TL 4  518.4  2.96  1539  548.9  1.55   854  234.7  3.47  234.5  3.48  235.7  3.42  2394  2362 1.000  39.5  25201 05A1
24.04.2023 17:13:08  *01n 20 100TL 4  518.9  2.31  1202  548.4  1.02   561  234.2  2.50  234.3  2.47  235.2  2.46  1763  1734 1.000  39.5  25213 BFF9
24.04.2023 17:13:28  *01n 20 100TL 4  516.7  2.16  1120  537.5  1.05   569  234.1  2.67  234.5  2.67  235.2  2.64  1689  1728 1.000  39.5  25222 46DB
24.04.2023 17:13:48  *01n 20 100TL 4  500.0  2.45  1225  559.2  1.02   573  234.5  2.53  234.7  2.51  235.7  2.47  1799  1754 1.000  39.5  25233 6AF5
24.04.2023 17:14:08  *01n 20 100TL 4  510.3  2.45  1251  546.4  1.14   627  234.9  2.60  234.4  2.59  236.0  2.56  1878  1811 1.000  39.5  25244 33FE
24.04.2023 17:14:28  *01n 20 100TL 4  524.2  2.59  1359  549.8  1.34   738  235.0  3.12  235.4  3.10  235.9  3.07  2098  2188 1.000  39.5  25255 5862
24.04.2023 17:14:49  *01n 20 100TL 4  530.3  2.74  1455  558.1  1.31   735  234.8  3.02  234.9  2.99  235.6  2.97  2191  2122 1.000  39.5  25266 8B56
24.04.2023 17:15:08  *01n 20 100TL 4  512.1  2.95  1512  546.8  1.49   819  235.3  3.31  234.6  3.32  235.5  3.27  2331  2246 1.000  39.4  25278 BF04
24.04.2023 17:15:28  *01n 20 100TL 4  512.6  2.86  1467  546.7  1.45   794  234.8  3.28  235.1  3.25  236.1  3.26  2262  2241 1.000  39.5  25291 82B5
24.04.2023 17:15:48  *01n 20 100TL 4  518.4  2.90  1507  546.2  1.44   788  234.8  3.26  235.1  3.28  236.0  3.22  2296  2226 1.000  39.4  25304 4B69
24.04.2023 17:16:09  *01n 20 100TL 4  518.8  2.76  1432  536.8  1.49   802  234.8  3.36  235.1  3.37  235.8  3.32  2235  2211 1.000  39.4  25316 AB68
24.04.2023 17:16:29  *01n 20 100TL 4  514.9  2.89  1495  538.2  1.47   793  235.3  3.24  235.3  3.25  236.1  3.19  2288  2194 1.000  39.5  25328 ED75
24.04.2023 17:16:49  *01n 20 100TL 4  513.6  2.85  1464  542.5  1.42   772  235.3  3.21  235.0  3.20  236.1  3.15  2236  2175 1.000  39.5  25340 E2E2
24.04.2023 17:17:09  *01n 20 100TL 4  511.5  2.75  1406  545.1  1.44   787  235.3  3.16  235.6  3.14  236.2  3.13  2194  2165 1.000  39.5  25352 4937
24.04.2023 17:17:29  *01n 20 100TL 4  501.7  2.87  1443  545.1  1.42   775  235.6  3.03  235.5  3.02  236.3  3.00  2218  2137 1.000  39.5  25364 7FA6
24.04.2023 17:17:49  *01n 20 100TL 4  511.1  2.73  1397  534.1  1.42   762  235.5  3.21  235.3  3.20  236.1  3.17  2160  2133 1.000  39.5  25376 A7FB
24.04.2023 17:18:09  *01n 20 100TL 4  509.2  2.72  1388  544.4  1.39   761  235.3  3.18  235.5  3.17  236.1  3.15  2149  2116 1.000  39.4  25388 BCF0
24.04.2023 17:18:29  *01n 20 100TL 4  508.2  2.74  1394  543.5  1.33   727  235.1  3.09  235.0  3.10  235.9  3.05  2122  2095 1.000  39.4  25400 416F
24.04.2023 17:18:49  *01n 20 100TL 4  506.8  2.63  1336  541.2  1.38   750  235.4  3.13  235.7  3.12  236.4  3.10  2087  2069 1.000  39.5  25412 DAD0
24.04.2023 17:19:09  *01n 20 100TL 4  505.8  2.66  1347  529.0  1.33   704  235.4  3.10  235.6  3.09  236.2  3.06  2052  2026 1.000  39.5  25423 13F6
24.04.2023 17:19:29  *01n 20 100TL 4  514.7  2.57  1327  538.7  1.37   738  235.1  2.87  235.3  2.85  236.2  2.83  2066  1989 1.000  39.4  25434 4459
24.04.2023 17:19:49  *01n 20 100TL 4  509.2  2.59  1324  532.5  1.38   740  234.8  2.88  235.0  2.87  235.7  2.86  2064  1959 1.000  39.4  25445 86A8
24.04.2023 17:20:09  *01n 20 100TL 4  509.0  2.54  1295  532.5  1.28   685  234.6  2.90  234.5  2.88  235.7  2.87  1980  1915 1.000  39.5  25456 BEDF
24.04.2023 17:20:29  *01n 20 100TL 4  506.8  2.49  1266  542.6  1.24   677  234.8  2.81  234.3  2.79  235.8  2.75  1943  1869 1.000  39.4  25467 6902
24.04.2023 17:20:49  *01n 20 100TL 4  506.0  2.37  1202  533.5  1.21   645  234.0  2.61  234.5  2.62  234.8  2.59  1847  1823 1.000  39.5  25477 65DF
24.04.2023 17:21:09  *01n 20 100TL 4  502.8  2.37  1194  535.1  1.16   622  233.8  2.74  234.0  2.74  235.3  2.71  1817  1786 1.000  39.5  25487 39C5
24.04.2023 17:21:30  *01n 20 100TL 4  503.2  2.04  1031  535.3  1.01   546  233.4  2.29  233.5  2.27  234.8  2.24  1577  1596 1.000  39.5  25497 0E40
24.04.2023 17:21:50  *01n 20 100TL 4  493.2  2.23  1101  548.4  1.01   553  233.5  2.49  233.7  2.47  234.7  2.43  1655  1585 1.000  39.5  25505 5286
24.04.2023 17:22:10  *01n 20 100TL 4  493.0  2.05  1011  546.1  0.95   520  233.0  2.50  233.6  2.48  234.6  2.46  1532  1588 1.000  39.5  25514 5474
24.04.2023 17:22:30  *01n 20 100TL 4  491.7  1.69   831  541.3  0.72   393  232.7  1.82  233.0  1.81  234.0  1.76  1225  1149 1.000  39.5  25521 EBC8
24.04.2023 17:22:50  *01n 20 100TL 4  503.1  1.53   773  516.8  0.67   347  232.7  1.82  232.9  1.81  233.8  1.76  1121  1127 1.000  39.4  25527 2F68
24.04.2023 17:23:10  *01n 20 100TL 4  501.6  1.51   761  523.3  0.68   358  232.6  1.72  232.7  1.71  233.8  1.69  1120  1106 1.000  39.4  25534 F96A
24.04.2023 17:23:30  *01n 20 100TL 4  502.3  1.47   740  523.8  0.66   347  232.4  1.75  232.8  1.75  233.7  1.70  1087  1087 1.000  39.5  25540 B421
24.04.2023 17:23:50  *01n 20 100TL 4  501.9  1.48   747  504.2  0.65   328  232.3  1.80  232.7  1.81  233.7  1.76  1075  1062 1.000  39.5  25546 5531
24.04.2023 17:24:10  *01n 20 100TL 4  492.6  1.33   656  513.5  0.61   314  232.4  1.66  232.5  1.64  233.4  1.61   970  1042 1.000  39.4  25552 0020
24.04.2023 17:24:30  *01n 20 100TL 4  510.7  1.28   657  520.8  0.57   299  232.0  1.67  232.2  1.66  233.0  1.62   956  1025 1.000  39.4  25558 AF2F
24.04.2023 17:24:50  *01n 20 100TL 4  501.8  1.41   708  515.0  0.59   308  231.8  1.66  231.6  1.65  233.1  1.62  1016  1011 1.000  39.4  25563 74C1
24.04.2023 17:25:10  *01n 20 100TL 4  500.9  1.47   737  524.3  0.65   344  232.1  1.60  231.7  1.58  233.0  1.55  1081  1004 1.000  39.4  25569 EA72
24.04.2023 17:25:30  *01n 20 100TL 4  500.7  1.49   747  523.7  0.62   328  231.4  1.63  232.0  1.62  232.8  1.58  1075   993 1.000  39.4  25574 3361
24.04.2023 17:25:50  *01n 20 100TL 4  491.0  1.42   698  523.1  0.60   315  231.7  1.64  231.9  1.65  232.7  1.61  1014  1014 1.000  39.4  25580 6A4A
24.04.2023 17:26:10  *01n 20 100TL 4  500.4  1.35   675  523.0  0.57   299  231.6  1.65  231.8  1.64  232.9  1.62   975   984 1.000  39.4  25585 FFFC
24.04.2023 17:26:30  *01n 20 100TL 4  500.7  1.37   689  532.9  0.54   291  231.6  1.55  231.6  1.55  232.7  1.53   981   971 1.000  39.4  25591 FCD0
24.04.2023 17:26:51  *01n 20 100TL 4  510.5  1.29   662  532.8  0.57   308  231.6  1.63  231.9  1.64  232.8  1.60   970   970 1.000  39.4  25596 1468
24.04.2023 17:27:11  *01n 20 100TL 4  509.9  1.42   724  531.8  0.60   321  231.7  1.62  231.7  1.64  232.7  1.58   898   978 1.000  39.4  25602 1771
24.04.2023 17:27:31  *01n 20 100TL 4  509.4  1.25   640  521.9  0.54   286  231.7  1.62  231.9  1.61  232.8  1.58   927   994 1.000  39.4  25607 0B81
24.04.2023 17:27:51  *01n 20 100TL 4  519.8  1.31   685  521.4  0.63   329  231.6  1.65  231.4  1.65  232.5  1.61  1014  1014 1.000  39.4  25613 CB63
24.04.2023 17:28:11  *01n 20 100TL 4  509.3  1.46   746  531.4  0.66   355  231.6  1.87  231.1  1.87  232.4  1.83  1101  1116 1.000  39.4  25619 4F17
24.04.2023 17:28:31  *01n 20 100TL 4  489.1  1.59   779  531.5  0.69   372  231.5  1.78  231.6  1.77  232.6  1.73  1152  1112 1.000  39.4  25625 C828
24.04.2023 17:28:51  *01n 20 100TL 4  508.6  1.66   846  520.6  0.73   386  231.3  1.86  231.3  1.86  232.5  1.82  1232  1164 1.000  39.4  25631 6703
24.04.2023 17:29:11  *01n 20 100TL 4  507.8  1.66   842  541.5  0.69   373  231.4  1.97  231.1  1.96  232.6  1.93  1216  1210 1.000  39.4  25638 AC50
24.04.2023 17:29:31  *01n 20 100TL 4  500.7  1.79   900  530.5  0.81   433  231.4  1.98  231.2  1.97  232.4  1.96  1333  1237 1.000  39.4  25645 7981
24.04.2023 17:29:51  *01n 20 100TL 4  517.7  1.60   834  541.0  0.74   407  231.5  2.00  231.5  1.98  232.7  1.95  1242  1261 1.000  39.4  25651 5FE5
24.04.2023 17:30:11  *01n 20 100TL 4  507.4  1.70   866  540.3  0.72   390  231.8  1.91  231.6  1.88  233.2  1.86  1257  1274 1.000  39.4  25659 13BE
24.04.2023 17:30:31  *01n 20 100TL 4  507.1  1.64   831  529.7  0.76   402  231.7  1.93  231.5  1.91  232.8  1.90  1234  1278 1.000  39.4  25666 3A28
24.04.2023 17:30:51  *01n 20 100TL 4  506.8  1.75   889  529.4  0.76   404  231.4  1.98  231.3  1.96  232.9  1.96  1293  1271 1.000  39.3  25673 E7B9
24.04.2023 17:31:11  *01n 20 100TL 4  504.5  1.69   854  528.8  0.77   411  231.3  1.99  231.3  1.98  232.6  1.98  1266  1255 1.000  39.3  25680 E7F4
24.04.2023 17:31:31  *01n 20 100TL 4  513.5  1.72   886  527.8  0.76   405  231.3  1.89  231.2  1.88  232.8  1.85  1292  1234 1.000  39.3  25687 C4F6
24.04.2023 17:31:52  *01n 20 100TL 4  506.3  1.76   889  508.0  0.75   383  231.3  1.95  231.2  1.94  232.7  1.94  1272  1205 1.000  39.3  25694 0B91
24.04.2023 17:32:12  *01n 20 100TL 4  505.7  1.62   823  528.3  0.74   392  231.1  2.01  231.3  2.02  232.5  1.98  1216  1206 1.000  39.3  25700 7AE0
24.04.2023 17:32:32  *01n 20 100TL 4  515.8  1.45   750  538.5  0.66   358  231.3  1.87  230.9  1.87  232.7  1.87  1109  1185 1.000  39.3  25707 E925
24.04.2023 17:32:52  *01n 20 100TL 4  506.8  1.64   834  527.8  0.70   372  231.4  1.92  230.9  1.91  233.1  1.87  1206  1161 1.000  39.3  25714 E210
24.04.2023 17:33:12  *01n 20 100TL 4  507.7  1.52   773  527.4  0.70   372  231.0  1.85  231.3  1.87  232.7  1.84  1145  1139 1.000  39.3  25720 9882
24.04.2023 17:33:32  *01n 20 100TL 4  508.7  1.46   746  530.0  0.61   328  231.2  1.80  231.1  1.81  232.9  1.76  1074  1118 1.000  39.3  25726 346E
24.04.2023 17:33:52  *01n 20 100TL 4  510.4  1.42   726  530.7  0.64   341  231.1  1.80  230.7  1.79  232.8  1.79  1068  1104 1.000  39.3  25733 9C99
24.04.2023 17:34:12  *01n 20 100TL 4  504.7  1.45   735  526.8  0.67   355  231.1  1.77  230.7  1.76  232.6  1.75  1091  1089 1.000  39.3  25739 9BE0
24.04.2023 17:34:32  *01n 20 100TL 4  515.6  1.42   732  526.7  0.61   321  231.0  1.79  230.9  1.79  232.8  1.77  1054  1081 1.000  39.3  25745 BBA5
24.04.2023 17:34:52  *01n 20 100TL 4  517.0  1.43   741  536.8  0.65   354  230.9  1.74  230.9  1.73  232.7  1.69  1095  1075 1.000  39.3  25751 B986
24.04.2023 17:35:12  *01n 20 100TL 4  507.6  1.55   787  527.7  0.68   358  231.1  1.77  231.1  1.73  232.8  1.73  1145  1075 1.000  39.3  25757 764A
24.04.2023 17:35:32  *01n 20 100TL 4  509.6  1.52   776  539.8  0.62   337  231.0  1.68  231.1  1.65  232.8  1.65  1113  1075 1.000  39.3  25763 DE53
24.04.2023 17:35:52  *01n 20 100TL 4  518.3  1.40   730  540.6  0.63   341  230.8  1.78  230.8  1.78  232.4  1.75  1072  1072 1.000  39.3  25769 5E35
24.04.2023 17:36:12  *01n 20 100TL 4  508.2  1.51   769  530.9  0.63   337  231.0  1.81  231.2  1.83  232.7  1.78  1106  1071 1.000  39.3  25775 6F2D
24.04.2023 17:36:32  *01n 20 100TL 4  507.1  1.47   747  529.9  0.66   352  230.8  1.58  231.1  1.60  232.5  1.54  1100  1051 1.000  39.3  25781 8F2C
24.04.2023 17:36:52  *01n 20 100TL 4  509.3  1.46   747  534.4  0.66   357  231.1  1.63  231.0  1.60  232.4  1.59  1104  1034 1.000  39.2  25786 939F
24.04.2023 17:37:12  *01n 20 100TL 4  509.0  1.27   648  531.5  0.53   285  230.9  1.73  231.2  1.73  232.4  1.71   933  1014 1.000  39.2  25792 D0B3
24.04.2023 17:37:32  *01n 20 100TL 4  517.6  1.19   619  530.5  0.55   294  230.5  1.70  231.0  1.69  232.3  1.67   914   987 1.000  39.2  25798 83C9
24.04.2023 17:37:53  *01n 20 100TL 4  516.7  1.21   625  539.5  0.49   268  230.6  1.71  230.8  1.69  232.2  1.66   894   964 1.000  39.2  25803 A048
24.04.2023 17:38:13  *01n 20 100TL 4  507.6  1.36   694  528.5  0.59   314  230.5  1.53  230.7  1.50  232.2  1.50  1008   944 1.000  39.2  25809 4962
24.04.2023 17:38:33  *01n 20 100TL 4  506.2  1.34   679  529.1  0.56   300  230.5  1.50  230.8  1.49  232.2  1.48   979   926 1.000  39.2  25814 A979
24.04.2023 17:38:53  *01n 20 100TL 4  505.6  1.26   637  520.8  0.52   273  230.4  1.48  230.4  1.46  232.0  1.44   910   907 1.000  39.2  25819 E272
24.04.2023 17:39:13  *01n 20 100TL 4  507.6  1.22   622  537.4  0.50   270  230.4  1.58  230.3  1.59  231.8  1.55   892   895 1.000  39.2  25824 54C4
24.04.2023 17:39:33  *01n 20 100TL 4  505.3  1.17   592  528.8  0.49   260  230.1  1.58  230.2  1.59  231.7  1.55   852   880 1.000  39.2  25829 F936
24.04.2023 17:39:53  *01n 20 100TL 4  505.6  1.18   596  528.3  0.45   241  230.2  1.48  230.3  1.49  231.6  1.46   837   859 1.000  39.2  25834 EA61
24.04.2023 17:40:13  *01n 20 100TL 4  515.5  1.08   561  527.7  0.48   256  230.5  1.44  230.4  1.44  231.8  1.41   817   825 1.000  39.2  25838 2FF2
24.04.2023 17:40:33  *01n 20 100TL 4  495.3  1.19   595  538.1  0.44   239  230.2  1.44  230.0  1.43  231.5  1.40   834   796 1.000  39.1  25843 3182
24.04.2023 17:40:53  *01n 20 100TL 4  505.4  1.04   527  516.8  0.43   228  230.2  1.33  229.9  1.33  231.5  1.30   756   762 1.000  39.1  25847 9186
24.04.2023 17:41:13  *01n 20 100TL 4  495.0  0.99   492  507.3  0.41   212  230.2  1.37  230.5  1.37  231.8  1.35   704   730 1.000  39.1  25851 11AD
24.04.2023 17:41:33  *01n 20 100TL 4  505.0  1.03   521  501.5  0.40   201  230.2  1.30  230.3  1.30  231.4  1.26   723   692 1.000  39.1  25855 83EE
24.04.2023 17:41:53  *01n 20 100TL 4  504.5  0.84   425  481.5  0.34   166  229.5  1.26  229.8  1.27  231.3  1.26   592   648 1.000  39.1  25859 E248
24.04.2023 17:42:13  *01n 20 100TL 4  504.3  0.98   497  461.2  0.39   181  229.7  1.14  229.7  1.15  231.2  1.15   679   614 1.000  39.1  25862 5727
24.04.2023 17:42:33  *01n 20 100TL 4  504.3  0.79   398  440.8  0.28   126  229.9  1.18  229.9  1.19  231.0  1.17   524   581 1.000  39.1  25866 4099
24.04.2023 17:42:53  *01n 20 100TL 4  504.3  0.79   399  420.5  0.32   134  229.7  1.14  230.0  1.16  231.3  1.13   534   556 1.000  39.1  25869 9EA4
24.04.2023 17:43:13  *01n 20 100TL 4  513.8  0.82   425  418.3  0.31   129  229.8  1.07  229.9  1.07  231.3  1.04   555   534 1.000  39.1  25872 1146
24.04.2023 17:43:34  *01n 20 100TL 4  503.7  0.86   437  418.2  0.32   132  229.7  1.05  229.9  1.05  231.3  1.01   570   535 1.000  39.1  25875 8521
24.04.2023 17:43:54  *01n 20 100TL 4  493.2  0.78   387  418.4  0.31   131  229.5  1.05  229.4  1.05  231.1  1.05   518   535 1.000  39.1  25878 553B
24.04.2023 17:44:14  *01n 20 100TL 4  493.1  0.95   471  418.3  0.32   137  229.2  1.10  229.3  1.10  230.8  1.08   608   547 1.000  39.1  25881 4EA6
24.04.2023 17:44:34  *01n 20 100TL 4  493.0  0.77   383  418.3  0.30   126  229.5  1.13  229.6  1.15  230.8  1.12   509   558 1.000  39.0  25884 4E4F
24.04.2023 17:44:54  *01n 20 100TL 4  512.6  0.93   482  418.3  0.36   149  229.8  1.09  229.9  1.10  231.5  1.07   631   564 1.000  39.0  25887 4F80
24.04.2023 17:45:14  *01n 20 100TL 4  501.6  0.96   485  418.3  0.33   141  230.5  1.17  230.1  1.19  231.8  1.18   627   588 1.000  39.0  25891 1A76
24.04.2023 17:45:34  *01n 20 100TL 4  499.2  0.97   488  418.3  0.37   157  230.2  1.15  230.0  1.16  232.0  1.14   645   596 1.000  39.0  25894 FE86
24.04.2023 17:45:54  *01n 20 100TL 4  501.8  0.97   489  418.4  0.35   148  230.3  1.11  230.6  1.10  231.9  1.06   637   607 1.000  39.0  25897 804E
24.04.2023 17:46:14  *01n 20 100TL 4  501.4  1.03   517  418.3  0.37   158  230.2  1.17  230.4  1.16  231.6  1.13   675   614 1.000  39.0  25901 9561
24.04.2023 17:46:34  *01n 20 100TL 4  501.2  0.97   489  418.4  0.39   166  229.9  1.18  230.4  1.19  231.6  1.16   656   621 1.000  39.0  25904 C703
24.04.2023 17:46:54  *01n 20 100TL 4  511.2  0.90   459  418.3  0.33   138  230.4  1.23  230.5  1.22  231.7  1.20   598   628 1.000  39.0  25907 D93A
24.04.2023 17:47:14  *01n 20 100TL 4  502.9  0.91   462  418.2  0.37   157  230.8  1.25  230.7  1.25  231.9  1.24   619   636 1.000  39.0  25911 10E0
24.04.2023 17:47:34  *01n 20 100TL 4  507.0  0.92   471  418.3  0.35   148  230.5  1.22  231.0  1.22  232.2  1.19   619   636 1.000  39.0  25915 373E
24.04.2023 17:47:54  *01n 20 100TL 4  504.4  0.93   469  418.3  0.36   152  230.6  1.22  230.7  1.21  231.8  1.20   622   637 1.000  39.0  25918 050F
24.04.2023 17:48:14  *01n 20 100TL 4  499.8  0.92   460  418.3  0.37   158  230.8  1.21  230.9  1.22  232.2  1.22   619   637 1.000  39.0  25921 D6C7
24.04.2023 17:48:34  *01n 20 100TL 4  499.6  1.05   529  418.3  0.39   166  230.6  1.17  230.9  1.17  231.9  1.12   695   637 1.000  39.0  25925 F769
24.04.2023 17:48:54  *01n 20 100TL 4  511.2  0.99   506  418.4  0.41   172  230.8  1.20  230.8  1.19  231.9  1.14   679   640 1.000  38.9  25929 3726
24.04.2023 17:49:14  *01n 20 100TL 4  502.2  1.02   517  418.2  0.40   167  230.9  1.26  231.2  1.24  232.3  1.22   685   651 1.000  38.9  25932 76B0
24.04.2023 17:49:34  *01n 20 100TL 4  504.7  1.07   540  418.1  0.40   169  231.0  1.15  231.2  1.15  232.3  1.13   709   659 1.000  38.9  25936 3080
24.04.2023 17:49:54  *01n 20 100TL 4  512.7  1.01   523  418.6  0.43   181  231.0  1.28  230.9  1.27  232.5  1.27   704   668 1.000  38.9  25940 86EB
24.04.2023 17:50:15  *01n 20 100TL 4  502.4  1.00   505  418.3  0.38   158  230.8  1.28  231.1  1.30  232.6  1.27   663   674 1.000  38.9  25943 8302
24.04.2023 17:50:35  *01n 20 100TL 4  498.7  0.98   491  418.3  0.37   155  230.9  1.28  231.0  1.27  232.3  1.25   646   683 1.000  38.9  25947 5EF1
24.04.2023 17:50:55  *01n 20 100TL 4  500.0  1.07   537  418.6  0.44   187  231.0  1.25  231.3  1.26  232.4  1.25   724   688 1.000  38.9  25951 B040
24.04.2023 17:51:15  *01n 20 100TL 4  513.6  1.10   567  418.0  0.43   183  231.0  1.25  231.2  1.24  232.3  1.21   750   703 1.000  38.9  25955 2D8A
24.04.2023 17:51:35  *01n 20 100TL 4  511.4  1.05   540  418.6  0.46   193  231.0  1.24  231.3  1.26  232.4  1.22   733   717 1.000  38.9  25959 0EC0
24.04.2023 17:51:55  *01n 20 100TL 4  512.4  1.10   566  418.2  0.43   184  231.3  1.35  231.5  1.32  232.8  1.31   750   735 1.000  38.9  25963 BFB1
24.04.2023 17:52:15  *01n 20 100TL 4  501.7  1.08   544  418.2  0.45   190  231.1  1.30  231.5  1.31  232.6  1.26   735   749 1.000  38.9  25967 B75F
24.04.2023 17:52:35  *01n 20 100TL 4  501.2  1.12   567  418.2  0.48   202  231.1  1.32  231.6  1.32  232.4  1.28   770   762 1.000  38.9  25971 BEC8
24.04.2023 17:52:55  *01n 20 100TL 4  518.4  1.19   617  418.3  0.49   209  231.5  1.33  231.2  1.33  232.1  1.30   827   779 1.000  38.8  25975 4B84
24.04.2023 17:53:15  *01n 20 100TL 4  509.3  1.20   611  418.4  0.47   198  231.2  1.44  231.5  1.44  232.6  1.40   810   791 1.000  38.8  25980 A61C
24.04.2023 17:53:35  *01n 20 100TL 4  509.7  1.09   558  418.3  0.47   199  231.2  1.41  231.6  1.41  232.7  1.38   758   798 1.000  38.8  25984 B379
24.04.2023 17:53:55  *01n 20 100TL 4  510.7  1.22   624  418.2  0.49   204  231.3  1.38  230.8  1.38  232.7  1.33   828   804 1.000  38.8  25989 D6D2
24.04.2023 17:54:15  *01n 20 100TL 4  500.2  1.24   624  418.3  0.54   227  231.1  1.46  231.3  1.45  232.5  1.42   851   808 1.000  38.8  25993 31FE
24.04.2023 17:54:35  *01n 20 100TL 4  509.7  1.24   634  418.3  0.49   207  230.9  1.30  231.2  1.32  232.5  1.29   842   813 1.000  38.8  25998 BB23
24.04.2023 17:54:55  *01n 20 100TL 4  499.4  1.21   607  418.3  0.52   219  231.2  1.46  231.0  1.44  232.7  1.44   827   814 1.000  38.8  26002 4F34
24.04.2023 17:55:15  *01n 20 100TL 4  510.2  1.13   579  418.2  0.50   212  231.0  1.43  230.6  1.43  232.6  1.40   791   820 1.000  38.8  26007 7E9D
24.04.2023 17:55:35  *01n 20 100TL 4  518.1  1.18   614  417.7  0.50   209  231.1  1.40  231.0  1.39  232.6  1.36   823   825 1.000  38.8  26011 B185
24.04.2023 17:55:55  *01n 20 100TL 4  508.6  1.26   640  444.1  0.56   250  231.0  1.49  231.1  1.49  232.8  1.46   891   848 1.000  38.8  26016 4733
24.04.2023 17:56:16  *01n 20 100TL 4  508.6  1.19   605  452.7  0.50   225  230.9  1.48  231.1  1.48  232.9  1.45   831   849 1.000  38.7  26021 B935
24.04.2023 17:56:36  *01n 20 100TL 4  508.1  1.26   639  489.9  0.51   253  231.0  1.49  231.4  1.50  232.6  1.45   892   872 1.000  38.7  26026 0BBD
24.04.2023 17:56:56  *01n 20 100TL 4  497.7  1.17   585  509.7  0.51   263  231.1  1.58  231.2  1.58  232.8  1.55   849   886 1.000  38.7  26031 0419
24.04.2023 17:57:16  *01n 20 100TL 4  509.3  1.29   657  538.5  0.54   294  231.0  1.57  231.1  1.57  232.7  1.55   952   914 1.000  38.7  26035 7D88
24.04.2023 17:57:36  *01n 20 100TL 4  516.9  1.24   645  528.5  0.50   270  231.0  1.58  231.1  1.59  232.8  1.56   915   924 1.000  38.7  26041 E126
24.04.2023 17:57:56  *01n 20 100TL 4  515.9  1.26   651  530.6  0.56   297  231.1  1.55  231.2  1.56  232.7  1.51   949   935 1.000  38.7  26046 A003
24.04.2023 17:58:16  *01n 20 100TL 4  517.1  1.33   692  528.6  0.57   305  230.9  1.55  230.9  1.53  232.7  1.51   997   950 1.000  38.7  26051 4814
24.04.2023 17:58:36  *01n 20 100TL 4  506.9  1.33   675  528.6  0.58   308  231.1  1.54  231.1  1.52  232.9  1.50   984   965 1.000  38.7  26056 0875
24.04.2023 17:58:56  *01n 20 100TL 4  506.4  1.36   689  528.6  0.57   300  231.1  1.56  230.8  1.54  232.9  1.52   990   976 1.000  38.7  26062 50C4
24.04.2023 17:59:16  *01n 20 100TL 4  526.1  1.35   711  539.2  0.58   315  231.2  1.74  231.0  1.76  233.0  1.73  1026  1016 1.000  38.7  26068 B456
24.04.2023 17:59:36  *01n 20 100TL 4  505.7  1.49   756  529.2  0.64   341  231.5  1.61  231.6  1.63  233.2  1.60  1098  1025 1.000  38.7  26073 32AA
24.04.2023 17:59:56  *01n 20 100TL 4  514.5  1.45   747  529.0  0.61   326  231.2  1.68  231.3  1.68  233.0  1.65  1074   988 1.000  38.7  26079 1639
24.04.2023 18:00:16  *01n 20 100TL 4  514.9  1.33   686  537.9  0.52   283  231.5  1.58  231.4  1.56  233.1  1.54   970   981 1.000  38.7  26084 67D6
24.04.2023 18:00:36  *01n 20 100TL 4  514.7  1.33   689  537.8  0.57   311  231.5  1.68  231.5  1.66  233.1  1.64  1000   967 1.000  38.7  26090 FD14
24.04.2023 18:00:56  *01n 20 100TL 4  514.3  1.33   691  538.1  0.52   283  231.5  1.51  231.9  1.52  233.3  1.48   975   947 1.000  38.6  26095 2A16
24.04.2023 18:01:16  *01n 20 100TL 4  514.5  1.29   665  537.1  0.56   302  231.7  1.45  231.9  1.44  233.1  1.42   967   927 1.000  38.6  26100 E1A0
24.04.2023 18:01:36  *01n 20 100TL 4  514.3  1.16   601  536.8  0.46   251  231.3  1.53  231.4  1.52  232.8  1.48   852   909 1.000  38.6  26105 0176
24.04.2023 18:01:56  *01n 20 100TL 4  511.0  1.16   596  521.2  0.46   242  231.3  1.54  231.2  1.53  233.0  1.51   839   889 1.000  38.6  26110 57DD
24.04.2023 18:02:16  *01n 20 100TL 4  505.5  1.19   602  531.3  0.50   270  232.8  1.51  233.1  1.51  234.4  1.49   872   883 1.000  38.6  26115 A50E
24.04.2023 18:02:36  *01n 20 100TL 4  515.9  1.17   607  541.7  0.45   248  232.3  1.55  232.4  1.54  233.9  1.51   856   863 1.000  38.6  26120 58E1
24.04.2023 18:02:57  *01n 20 100TL 4  504.7  1.25   634  530.5  0.53   283  232.2  1.40  232.5  1.40  233.7  1.37   918   860 1.000  38.6  26125 15C0
24.04.2023 18:03:17  *01n 20 100TL 4  511.4  1.24   636  530.8  0.49   262  232.2  1.51  232.5  1.49  233.8  1.50   898   859 1.000  38.6  26130 B097
24.04.2023 18:03:37  *01n 20 100TL 4  514.7  1.26   650  539.7  0.51   276  232.0  1.48  232.8  1.48  233.7  1.46   926   859 1.000  38.6  26135 E5A3
24.04.2023 18:03:57  *01n 20 100TL 4  517.5  1.24   643  540.6  0.47   259  232.1  1.41  232.7  1.42  233.9  1.39   903   859 1.000  38.6  26139 DB4E
24.04.2023 18:04:17  *01n 20 100TL 4  517.2  1.16   601  529.7  0.47   250  232.4  1.51  232.7  1.53  233.8  1.50   851   872 1.000  38.6  26144 4656
24.04.2023 18:04:37  *01n 20 100TL 4  517.1  1.24   646  539.9  0.51   280  232.4  1.42  232.4  1.41  233.7  1.39   927   888 1.000  38.6  26149 6DB9
24.04.2023 18:04:57  *01n 20 100TL 4  506.6  1.16   588  529.4  0.47   254  232.3  1.50  232.5  1.49  233.6  1.45   843   914 1.000  38.6  26154 3028
24.04.2023 18:05:17  *01n 20 100TL 4  496.5  1.20   601  528.5  0.47   253  231.9  1.61  232.4  1.63  233.3  1.60   854   927 1.000  38.6  26159 3B25
24.04.2023 18:05:37  *01n 20 100TL 4  506.1  1.20   610  539.1  0.51   279  231.7  1.69  232.5  1.70  233.3  1.65   889   956 1.000  38.6  26164 8CB5
24.04.2023 18:05:57  *01n 20 100TL 4  506.1  1.40   712  528.1  0.57   303  231.9  1.55  232.6  1.53  233.4  1.53  1016   971 1.000  38.6  26170 D82E
24.04.2023 18:06:17  *01n 20 100TL 4  506.8  1.44   732  527.0  0.58   308  231.8  1.58  232.6  1.58  233.6  1.56  1040   988 1.000  38.5  26175 3862
24.04.2023 18:06:37  *01n 20 100TL 4  515.6  1.45   747  528.2  0.65   343  231.8  1.56  232.5  1.53  233.6  1.52  1091  1000 1.000  38.5  26181 B474
24.04.2023 18:06:57  *01n 20 100TL 4  515.3  1.47   759  527.7  0.61   321  232.2  1.55  232.6  1.55  233.7  1.53  1081  1010 1.000  38.5  26186 55FF
24.04.2023 18:07:17  *01n 20 100TL 4  504.8  1.43   721  527.4  0.62   331  231.9  1.55  232.7  1.54  233.5  1.51  1052  1008 1.000  38.5  26192 F4BD
24.04.2023 18:07:37  *01n 20 100TL 4  524.8  1.35   709  527.0  0.59   315  231.9  1.65  232.7  1.64  233.7  1.59  1025  1002 1.000  38.5  26198 0433
24.04.2023 18:07:57  *01n 20 100TL 4  514.2  1.32   683  537.3  0.55   297  231.8  1.67  232.5  1.64  233.8  1.59   981  1016 1.000  38.5  26204 084A
24.04.2023 18:08:17  *01n 20 100TL 4  514.3  1.33   686  537.1  0.58   311  232.0  1.67  232.7  1.66  233.8  1.63   997  1017 1.000  38.5  26209 20BC
24.04.2023 18:08:37  *01n 20 100TL 4  514.1  1.46   755  535.4  0.61   328  231.9  1.62  232.2  1.60  233.5  1.58  1083  1019 1.000  38.5  26215 66D5
24.04.2023 18:08:57  *01n 20 100TL 4  512.7  1.28   659  535.7  0.53   282  232.0  1.73  232.6  1.73  233.7  1.72   941  1016 1.000  38.5  26220 4C8A
24.04.2023 18:09:17  *01n 20 100TL 4  513.3  1.34   692  535.7  0.60   323  231.9  1.69  232.6  1.69  233.7  1.67  1016  1017 1.000  38.5  26226 809A
24.04.2023 18:09:38  *01n 20 100TL 4  523.1  1.34   704  535.8  0.57   309  232.5  1.71  232.4  1.71  233.6  1.69  1014  1002 1.000  38.5  26232 4D93
24.04.2023 18:09:58  *01n 20 100TL 4  512.5  1.25   642  525.2  0.57   299  231.9  1.71  232.3  1.70  233.6  1.68   941  1002 1.000  38.5  26237 1B04
24.04.2023 18:10:18  *01n 20 100TL 4  512.7  1.26   648  535.4  0.51   277  231.7  1.64  232.4  1.64  233.6  1.59   926   996 1.000  38.5  26243 37CA
24.04.2023 18:10:38  *01n 20 100TL 4  512.8  1.44   738  523.3  0.60   315  231.6  1.69  232.2  1.70  233.4  1.64   991   993 1.000  38.5  26248 A990
24.04.2023 18:10:58  *01n 20 100TL 4  521.9  1.27   668  534.4  0.58   312  231.7  1.67  232.2  1.69  233.3  1.66   981   987 1.000  38.5  26254 7803
24.04.2023 18:11:18  *01n 20 100TL 4  511.7  1.40   718  534.4  0.58   311  231.7  1.55  232.2  1.55  233.3  1.52  1029  1008 1.000  38.5  26259 90D3
24.04.2023 18:11:38  *01n 20 100TL 4  511.6  1.31   671  534.1  0.57   306  231.6  1.67  232.2  1.68  233.3  1.65   978   987 1.000  38.5  26265 172C
24.04.2023 18:11:58  *01n 20 100TL 4  521.1  1.32   691  523.6  0.57   302  231.5  1.51  232.5  1.49  233.2  1.47   993   970 1.000  38.5  26270 530D
24.04.2023 18:12:18  *01n 20 100TL 4  511.2  1.45   743  534.0  0.58   314  231.7  1.57  232.6  1.57  233.6  1.55  1057   970 1.000  38.5  26276 46F7
24.04.2023 18:12:38  *01n 20 100TL 4  521.1  1.24   646  533.7  0.56   300  231.4  1.62  232.4  1.62  233.3  1.60   947   958 1.000  38.5  26281 F19E
24.04.2023 18:12:58  *01n 20 100TL 4  510.5  1.37   700  523.2  0.57   302  231.5  1.65  232.2  1.66  233.3  1.63  1002   952 1.000  38.5  26287 554B
24.04.2023 18:13:18  *01n 20 100TL 4  520.7  1.33   695  532.5  0.56   300  231.6  1.45  232.3  1.43  233.3  1.43   996   933 1.000  38.5  26292 770D
24.04.2023 18:13:38  *01n 20 100TL 4  510.0  1.27   650  533.0  0.54   292  231.5  1.58  232.2  1.56  233.2  1.56   943   939 1.000  38.5  26297 273D
24.04.2023 18:13:58  *01n 20 100TL 4  510.0  1.28   656  532.2  0.51   276  231.7  1.60  232.4  1.60  233.6  1.56   932   933 1.000  38.5  26302 C676
24.04.2023 18:14:18  *01n 20 100TL 4  519.3  1.15   601  532.5  0.51   276  231.7  1.52  232.4  1.51  233.5  1.50   877   929 1.000  38.5  26308 219D
24.04.2023 18:14:38  *01n 20 100TL 4  509.2  1.21   616  542.7  0.46   254  231.5  1.50  232.7  1.51  233.4  1.49   871   932 1.000  38.5  26313 53A5
24.04.2023 18:14:58  *01n 20 100TL 4  508.9  1.18   602  542.4  0.48   263  231.7  1.60  232.6  1.60  233.4  1.56   866   935 1.000  38.5  26318 5E46
24.04.2023 18:15:18  *01n 20 100TL 4  508.6  1.30   662  532.1  0.55   296  231.8  1.47  231.7  1.45  233.4  1.42   958   930 1.000  38.5  26323 CC71
24.04.2023 18:15:38  *01n 20 100TL 4  508.7  1.29   654  520.7  0.51   270  231.1  1.57  231.7  1.58  233.2  1.55   924   924 1.000  38.4  26328 C035
24.04.2023 18:15:58  *01n 20 100TL 4  508.2  1.20   613  530.8  0.50   271  231.4  1.60  232.0  1.61  232.9  1.58   885   923 1.000  38.5  26333 4501
24.04.2023 18:16:18  *01n 20 100TL 4  508.0  1.22   625  541.4  0.49   263  231.2  1.57  231.6  1.57  233.0  1.55   889   910 1.000  38.4  26339 D4D5
24.04.2023 18:16:39  *01n 20 100TL 4  507.7  1.28   653  530.4  0.53   282  231.3  1.44  232.1  1.44  232.8  1.41   935   892 1.000  38.4  26344 59C7
24.04.2023 18:16:59  *01n 20 100TL 4  507.5  1.19   604  540.9  0.47   259  231.2  1.49  232.0  1.49  232.7  1.47   863   877 1.000  38.4  26348 566F
24.04.2023 18:17:19  *01n 20 100TL 4  506.8  1.26   637  529.8  0.48   256  230.8  1.44  231.6  1.44  232.5  1.42   894   856 1.000  38.4  26353 D8ED
24.04.2023 18:17:39  *01n 20 100TL 4  507.6  1.24   633  530.1  0.50   268  230.7  1.39  231.6  1.39  232.4  1.36   901   834 1.000  38.4  26358 7019
24.04.2023 18:17:59  *01n 20 100TL 4  507.1  1.10   560  529.6  0.45   241  230.7  1.42  231.5  1.46  232.5  1.42   801   816 1.000  38.4  26363 8076
24.04.2023 18:18:19  *01n 20 100TL 4  506.7  1.13   576  529.2  0.43   228  231.4  1.41  231.1  1.41  232.3  1.38   805   788 1.000  38.4  26367 11DE
24.04.2023 18:18:39  *01n 20 100TL 4  516.6  1.03   534  539.7  0.42   228  231.2  1.43  231.1  1.43  231.9  1.39   762   782 1.000  38.4  26371 7F49
24.04.2023 18:18:59  *01n 20 100TL 4  506.1  1.16   592  528.8  0.42   222  231.4  1.36  231.1  1.36  231.9  1.33   814   772 1.000  38.4  26376 54D1
24.04.2023 18:19:19  *01n 20 100TL 4  506.0  0.98   498  528.5  0.39   212  231.2  1.36  231.8  1.37  232.5  1.33   711   729 1.000  38.4  26380 219E
24.04.2023 18:19:39  *01n 20 100TL 4  506.0  0.95   485  528.6  0.39   207  232.0  1.22  231.7  1.22  233.2  1.21   692   708 1.000  38.4  26384 0CED
24.04.2023 18:19:59  *01n 20 100TL 4  505.6  0.95   483  524.2  0.35   183  231.6  1.28  232.3  1.29  233.0  1.27   666   692 1.000  38.4  26388 61D5
24.04.2023 18:20:19  *01n 20 100TL 4  505.4  0.92   466  503.8  0.37   189  231.6  1.26  232.2  1.27  233.1  1.24   656   691 1.000  38.4  26392 0B78
24.04.2023 18:20:39  *01n 20 100TL 4  505.2  1.01   512  483.3  0.35   172  232.1  1.25  232.6  1.24  233.6  1.23   685   717 1.000  38.4  26396 4233
24.04.2023 18:20:59  *01n 20 100TL 4  504.7  1.00   508  463.5  0.35   164  232.3  1.30  232.8  1.30  233.7  1.26   672   671 1.000  38.4  26400 D26F
24.04.2023 18:21:19  *01n 20 100TL 4  504.5  0.96   485  443.3  0.35   158  232.5  1.16  233.0  1.16  233.9  1.15   643   640 1.000  38.4  26403 72C4
24.04.2023 18:21:39  *01n 20 100TL 4  504.4  0.98   497  424.3  0.35   148  232.6  1.15  233.1  1.16  233.8  1.13   645   636 1.000  38.4  26407 4B37
24.04.2023 18:21:59  *01n 20 100TL 4  503.9  0.90   453  418.2  0.34   144  232.3  1.14  232.8  1.13  233.8  1.14   598   614 1.000  38.4  26410 A6CA
24.04.2023 18:22:19  *01n 20 100TL 4  504.1  0.91   462  418.2  0.34   143  232.4  1.04  232.7  1.05  233.8  1.04   605   553 1.000  38.4  26413 698E
24.04.2023 18:22:39  *01n 20 100TL 4  493.9  0.93   465  418.2  0.32   134  232.5  1.15  233.0  1.16  234.1  1.14   599   547 1.000  38.4  26417 3541
24.04.2023 18:22:59  *01n 20 100TL 4  503.4  0.86   436  418.3  0.30   126  232.0  1.18  232.6  1.19  233.7  1.14   563   550 1.000  38.3  26420 2293
24.04.2023 18:23:20  *01n 20 100TL 4  503.3  0.75   384  418.1  0.26   109  232.3  1.09  232.7  1.08  233.7  1.05   494   511 1.000  38.4  26423 CF6B
24.04.2023 18:23:40  *01n 20 100TL 4  511.0  0.77   395  418.2  0.28   122  232.3  1.11  232.9  1.10  234.0  1.08   517   517 1.000  38.4  26425 1590
24.04.2023 18:24:00  *01n 20 100TL 4  492.7  0.76   379  418.2  0.26   112  232.1  1.00  232.4  1.00  233.5  0.98   492   494 1.000  38.3  26428 D172
24.04.2023 18:24:20  *01n 20 100TL 4  492.7  0.87   433  418.2  0.27   112  232.4  1.14  232.5  1.13  233.7  1.11   546   515 1.000  38.3  26431 8A34
24.04.2023 18:24:40  *01n 20 100TL 4  502.4  0.83   421  418.3  0.29   123  232.0  1.00  232.7  1.01  233.5  0.97   544   489 1.000  38.3  26434 E86A
24.04.2023 18:25:00  *01n 20 100TL 4  502.1  0.74   372  418.2  0.22    94  232.0  0.96  232.3  0.96  233.3  0.94   466   466 1.000  38.3  26437 FA9F
24.04.2023 18:25:20  *01n 20 100TL 4  500.3  0.61   308  418.3  0.22    94  231.4  0.90  232.0  0.90  232.9  0.90   402   392 1.000  38.3  26439 3B15
24.04.2023 18:25:40  *01n 20 100TL 4  495.3  0.65   321  418.3  0.20    85  231.4  0.90  232.0  0.92  232.9  0.89   407   373 1.000  38.3  26441 2488
24.04.2023 18:26:00  *01n 20 100TL 4  497.0  0.62   309  418.1  0.21    91  231.3  0.95  232.0  0.97  232.8  0.97   401   364 1.000  38.3  26443 95A4
24.04.2023 18:26:20  *01n 20 100TL 4  501.3  0.49   247  418.3  0.15    65  231.5  0.89  232.3  0.90  233.2  0.90   312   347 1.000  38.3  26445 7950
24.04.2023 18:26:40  *01n 20 100TL 4  491.3  0.52   256  418.3  0.14    61  232.1  0.93  231.9  0.92  233.2  0.93   317   346 0.999c  38.3  26447 E241
24.04.2023 18:27:00  *01n 20 100TL 4  490.7  0.61   303  418.3  0.17    73  231.8  0.95  232.3  0.95  233.2  0.94   376   393 1.000  38.3  26449 951F
24.04.2023 18:27:20  *01n 20 100TL 4  487.7  0.62   306  418.1  0.16    68  231.4  0.97  232.1  0.95  232.6  0.93   375   347 1.000  38.3  26451 05F3
24.04.2023 18:27:40  *01n 20 100TL 4  503.6  0.57   292  418.2  0.14    61  231.6  0.94  232.1  0.96  232.7  0.96   354   361 1.000  38.3  26453 4BFD
24.04.2023 18:28:00  *01n 20 100TL 4  504.7  0.59   297  418.2  0.16    70  231.1  0.94  232.0  0.95  232.6  0.94   367   321 0.999i  38.3  26455 7C33
24.04.2023 18:28:20  *01n 20 100TL 4  499.7  0.63   315  418.1  0.17    70  231.5  0.93  232.1  0.94  232.8  0.94   386   347 1.000  38.3  26457 D282
24.04.2023 18:28:40  *01n 20 100TL 4  479.7  0.56   271  418.1  0.15    62  231.1  0.94  231.8  0.96  232.7  0.92   334   361 1.000  38.3  26459 51C0
24.04.2023 18:29:00  *01n 20 100TL 4  491.6  0.49   242  418.3  0.13    54  230.8  0.94  231.8  0.95  232.5  0.90   297   315 1.000  38.3  26461 0E93
24.04.2023 18:29:20  *01n 20 100TL 4  485.8  0.54   262  418.2  0.12    51  230.8  0.90  232.0  0.90  232.6  0.87   314   315 1.000  38.3  26463 0234
24.04.2023 18:29:40  *01n 20 100TL 4  493.1  0.53   260  418.3  0.13    56  231.7  0.84  231.7  0.86  232.8  0.83   317   314 1.000  38.2  26464 BD3F
24.04.2023 18:30:00  *01n 20 100TL 4  503.4  0.55   276  418.3  0.13    53  231.3  0.84  232.3  0.87  232.8  0.85   329   303 1.000  38.2  26466 EE54
24.04.2023 18:30:21  *01n 20 100TL 4  483.6  0.53   260  418.2  0.14    59  231.3  0.84  232.2  0.85  232.7  0.83   320   296 0.999c  38.2  26468 045B
24.04.2023 18:30:41  *01n 20 100TL 4  480.4  0.44   213  418.3  0.10    44  230.6  0.88  231.7  0.89  232.1  0.85   257   288 1.000  38.3  26469 4223
24.04.2023 18:31:01  *01n 20 100TL 4  481.6  0.50   244  418.2  0.09    41  230.9  0.92  231.9  0.93  232.2  0.91   285   288 1.000  38.2  26471 F26E
24.04.2023 18:31:21  *01n 20 100TL 4  483.8  0.43   209  418.2  0.09    41  230.6  0.86  231.6  0.87  232.0  0.86   250   285 1.000  38.2  26473 A2F0
24.04.2023 18:31:41  *01n 20 100TL 4  483.2  0.42   204  418.3  0.07    32  230.6  0.90  231.4  0.92  232.0  0.90   236   276 1.000  38.2  26474 123D
24.04.2023 18:32:01  *01n 20 100TL 4  482.6  0.41   198  418.2  0.08    35  231.6  0.86  230.7  0.86  231.5  0.85   233   263 1.000  38.2  26476 2FF9
24.04.2023 18:32:21  *01n 20 100TL 4  485.8  0.49   239  418.1  0.09    39  230.6  0.89  231.4  0.90  232.2  0.87   279   260 0.999i  38.2  26477 5262
24.04.2023 18:32:41  *01n 20 100TL 4  485.6  0.37   184  418.0  0.06    25  230.6  0.85  231.4  0.89  232.0  0.86   210   251 0.999i  38.2  26479 2025
24.04.2023 18:33:01  *01n 20 100TL 4  491.7  0.50   245  418.1  0.10    44  230.8  0.89  231.5  0.91  232.3  0.86   289   248 0.999i  38.2  26480 0850
24.04.2023 18:33:21  *01n 20 100TL 4  484.2  0.43   212  418.3  0.06    25  230.5  0.83  231.6  0.81  232.4  0.81   238   245 0.998c  38.2  26481 F0FA
24.04.2023 18:33:41  *01n 20 100TL 4  484.7  0.35   172  418.4  0.06    25  230.8  0.83  231.6  0.84  232.3  0.86   198   241 1.000  38.2  26483 8C0C
24.04.2023 18:34:01  *01n 20 100TL 4  470.8  0.39   189  418.3  0.06    24  230.6  0.86  231.4  0.87  232.2  0.85   213   238 1.000  38.2  26484 6BDC
24.04.2023 18:34:21  *01n 20 100TL 4  450.8  0.49   222  418.2  0.06    30  230.5  0.80  231.4  0.85  232.0  0.79   253   233 0.999c  38.2  26485 2E74
24.04.2023 18:34:41  *01n 20 100TL 4  430.9  0.54   233  418.3  0.08    36  230.4  0.88  231.2  0.90  232.0  0.87   270   230 0.999i  38.2  26487 71AB
24.04.2023 18:35:01  *01n 20 100TL 4  411.6  0.54   224  418.4  0.07    30  230.6  0.83  231.6  0.80  232.0  0.80   254   222 1.000  38.2  26488 5E61
24.04.2023 18:35:21  *01n 20 100TL 4  402.2  0.55   219  418.2  0.08    36  230.9  0.84  231.9  0.84  232.4  0.81   256   244 0.999c  38.2  26489 DADD
24.04.2023 18:35:41  *01n 20 100TL 4  402.3  0.44   180  418.3  0.07    30  230.9  0.85  231.3  0.86  232.5  0.86   210   236 0.999i  38.2  26490 70D4
24.04.2023 18:36:01  *01n 20 100TL 4  402.1  0.54   218  418.3  0.06    27  231.3  0.83  231.5  0.84  232.4  0.85   245   227 0.999c  38.2  26492 BC55
24.04.2023 18:36:21  *01n 20 100TL 4  402.2  0.57   228  418.3  0.08    36  230.7  0.81  231.5  0.86  232.3  0.82   265   227 0.999i  38.2  26493 AABD
24.04.2023 18:36:42  *01n 20 100TL 4  402.2  0.46   184  418.4  0.06    27  230.6  0.83  231.2  0.83  232.1  0.84   212   225 1.000  38.2  26494 1F8E
24.04.2023 18:37:02  *01n 20 100TL 4  402.1  0.57   233  418.1  0.10    41  230.3  0.84  231.1  0.86  231.9  0.88   274   228 0.999c  38.2  26496 EDCB
24.04.2023 18:37:22  *01n 20 100TL 4  402.2  0.41   167  418.1  0.06    27  230.5  0.89  231.4  0.88  231.4  0.86   195   227 1.000  38.2  26497 8B82
24.04.2023 18:37:42  *01n 20 100TL 4  402.1  0.52   209  418.4  0.06    24  230.6  0.80  231.1  0.81  231.9  0.80   233   224 0.999c  38.2  26498 3F4B
24.04.2023 18:38:02  *01n 20 100TL 4  402.1  0.40   163  418.3  0.06    27  230.3  0.82  231.1  0.82  232.0  0.83   190   227 1.000  38.2  26499 0DAB
24.04.2023 18:38:22  *01n 20 100TL 4  398.1  0.48   192  417.7  0.06    27  230.4  0.83  231.3  0.85  231.9  0.86   219   253 1.000  38.2  26501 1A66
24.04.2023 18:38:42  *01n 20 100TL 4  402.2  0.43   175  418.3  0.06    28  230.3  0.86  231.2  0.83  231.9  0.83   204   227 1.000  38.2  26502 F7C7
24.04.2023 18:39:02  *01n 20 100TL 4  402.3  0.41   166  418.3  0.06    25  230.3  0.81  231.0  0.83  231.9  0.84   192   227 1.000  38.1  26503 6E51
24.04.2023 18:39:22  *01n 20 100TL 4  402.3  0.41   166  418.3  0.05    21  230.3  0.89  231.2  0.83  232.0  0.85   187   225 0.999i  38.1  26505 D06A
24.04.2023 18:39:42  *01n 20 100TL 4  402.1  0.47   192  418.4  0.07    33  231.2  0.82  230.8  0.84  232.3  0.82   225   230 0.999c  38.1  26506 2FDB
24.04.2023 18:40:02  *01n 20 100TL 4  402.3  0.48   193  418.2  0.06    25  230.7  0.86  231.4  0.86  232.4  0.86   219   230 1.000  38.1  26507 5444
24.04.2023 18:40:22  *01n 20 100TL 4  402.2  0.50   201  418.3  0.07    30  230.8  0.88  231.4  0.91  232.3  0.88   231   227 1.000  38.1  26508 1303
24.04.2023 18:40:42  *01n 20 100TL 4  402.2  0.48   193  418.3  0.07    30  230.9  0.82  231.5  0.86  232.4  0.83   224   224 0.999c  38.1  26510 80A2
24.04.2023 18:41:02  *01n 20 100TL 4  402.2  0.59   239  418.3  0.07    30  231.0  0.84  231.8  0.83  232.8  0.83   270   233 1.000  38.1  26511 A9D3
24.04.2023 18:41:22  *01n 20 100TL 4  409.2  0.61   250  418.1  0.10    41  231.5  0.90  231.9  0.91  232.8  0.89   291   262 1.000  38.1  26512 F449
24.04.2023 18:41:42  *01n 20 100TL 4  402.2  0.57   231  418.4  0.07    33  231.3  0.82  231.8  0.84  232.8  0.81   265   230 1.000  38.1  26514 B4F1
24.04.2023 18:42:02  *01n 20 100TL 4  402.2  0.57   233  418.4  0.05    24  231.2  0.81  231.6  0.83  232.6  0.81   257   213 0.999c  38.1  26515 5CF2
24.04.2023 18:42:22  *01n 20 100TL 4  402.2  0.50   204  418.3  0.06    24  231.2  0.79  231.5  0.80  232.6  0.80   228   212 0.999c  38.1  26516 04D9
24.04.2023 18:42:43  *01n 20 100TL 4  402.2  0.37   152  418.2  0.04    18  231.5  0.83  231.9  0.83  232.7  0.83   170   202 0.999i  38.1  26517 DD8D
24.04.2023 18:43:03  *01n 20 100TL 4  402.1  0.40   161  418.1  0.05    21  231.3  0.82  231.6  0.82  232.5  0.81   183   212 0.999c  38.1  26519 84D9
24.04.2023 18:43:23  *01n 20 100TL 4  402.1  0.47   189  418.3  0.04    16  231.4  0.83  231.7  0.82  232.6  0.84   205   207 0.999i  38.1  26520 1686
24.04.2023 18:43:43  *01n 20 100TL 4  402.4  0.40   161  418.3  0.04    21  230.9  0.81  231.5  0.82  232.5  0.80   183   218 0.999c  38.1  26521 2919
24.04.2023 18:44:03  *01n 20 100TL 4  402.3  0.50   201  418.4  0.07    30  231.1  0.82  231.4  0.88  232.7  0.82   231   248 1.000  38.1  26522 6D65
24.04.2023 18:44:23  *01n 20 100TL 4  401.9  0.43   173  418.2  0.05    22  231.3  0.83  230.9  0.86  232.6  0.83   196   224 0.999c  38.1  26523 297B
24.04.2023 18:44:43  *01n 20 100TL 4  402.4  0.54   219  418.1  0.08    35  231.0  0.83  231.4  0.85  232.8  0.83   254   238 1.000  38.1  26525 21F4
24.04.2023 18:45:03  *01n 20 100TL 4  402.1  0.40   161  418.4  0.05    24  230.8  0.84  231.6  0.84  232.8  0.80   186   219 1.000  38.1  26526 DA27
24.04.2023 18:45:23  *01n 20 100TL 4  394.3  0.65   257  418.3  0.09    36  231.2  0.90  231.4  0.87  232.7  0.85   294   262 1.000  38.1  26527 A1A7
24.04.2023 18:45:43  *01n 20 100TL 4  402.4  0.68   277  418.3  0.10    44  231.2  0.88  231.5  0.90  232.8  0.90   321   262 1.000  38.1  26529 38EA
24.04.2023 18:46:03  *01n 20 100TL 4  426.9  0.64   273  418.4  0.10    42  231.3  0.91  231.4  0.90  232.9  0.91   315   280 1.000  38.1  26530 DFC7
24.04.2023 18:46:23  *01n 20 100TL 4  434.3  0.42   183  418.1  0.07    30  231.2  0.84  231.7  0.87  232.8  0.86   213   244 0.999c  38.1  26532 D0D3
24.04.2023 18:46:43  *01n 20 100TL 4  423.8  0.46   198  418.3  0.07    30  231.4  0.86  231.9  0.90  233.0  0.87   228   257 1.000  38.1  26533 C8E5
24.04.2023 18:47:03  *01n 20 100TL 4  431.7  0.51   222  418.5  0.07    32  231.6  0.89  232.2  0.90  233.3  0.88   254   274 1.000  38.1  26535 BD3A
24.04.2023 18:47:23  *01n 20 100TL 4  458.2  0.54   247  418.1  0.10    41  232.0  0.91  232.4  0.90  233.6  0.87   288   291 1.000  38.1  26536 C9FC
24.04.2023 18:47:43  *01n 20 100TL 4  467.0  0.58   274  418.2  0.09    39  232.0  0.89  232.3  0.90  233.5  0.87   314   291 1.000  38.1  26538 BD23
24.04.2023 18:48:03  *01n 20 100TL 4  495.8  0.44   219  418.4  0.09    39  232.2  0.87  232.5  0.89  233.8  0.86   259   297 1.000  38.1  26540 7743
24.04.2023 18:48:23  *01n 20 100TL 4  485.9  0.61   299  418.4  0.10    47  232.2  0.88  232.5  0.89  233.4  0.87   346   300 1.000  38.1  26541 1D72
24.04.2023 18:48:43  *01n 20 100TL 4  494.9  0.49   242  418.1  0.08    35  231.8  0.91  232.5  0.95  233.5  0.90   277   300 1.000  38.1  26543 8910
24.04.2023 18:49:03  *01n 20 100TL 4  495.2  0.43   218  418.3  0.09    38  231.8  0.88  232.3  0.92  233.7  0.92   256   299 1.000  38.1  26544 B132
24.04.2023 18:49:23  *01n 20 100TL 4  505.1  0.58   294  418.5  0.10    44  231.7  0.91  232.3  0.90  233.2  0.90   338   300 1.000  38.0  26546 387B
24.04.2023 18:49:44  *01n 20 100TL 4  494.6  0.46   227  418.3  0.10    41  232.4  0.92  231.9  0.92  233.0  0.90   268   302 1.000  38.0  26548 D7D4
24.04.2023 18:50:04  *01n 20 100TL 4  504.3  0.46   233  418.3  0.08    35  231.7  0.92  232.2  0.92  233.1  0.90   268   299 1.000  38.0  26550 1B62
24.04.2023 18:50:24  *01n 20 100TL 4  494.0  0.49   242  418.3  0.09    36  231.6  0.90  232.0  0.92  233.1  0.89   279   305 1.000  38.0  26551 E9D1
24.04.2023 18:50:44  *01n 20 100TL 4  503.8  0.57   286  418.3  0.11    48  231.7  0.92  232.1  0.94  233.2  0.90   335   306 1.000  38.0  26553 DB28
24.04.2023 18:51:04  *01n 20 100TL 4  503.4  0.49   248  418.3  0.09    39  231.6  0.89  232.0  0.88  233.2  0.88   288   308 1.000  38.0  26555 06DD
24.04.2023 18:51:24  *01n 20 100TL 4  493.2  0.57   285  418.3  0.13    51  231.4  0.86  232.0  0.89  233.1  0.86   337   311 1.000  38.0  26556 F95A
24.04.2023 18:51:44  *01n 20 100TL 4  503.0  0.62   317  418.3  0.13    54  231.8  0.94  232.2  0.96  233.5  0.91   372   317 1.000  38.0  26558 C95D
24.04.2023 18:52:04  *01n 20 100TL 4  502.7  0.46   236  418.3  0.08    36  232.1  0.89  232.4  0.88  233.3  0.88   273   317 1.000  38.0  26560 2AF9
24.04.2023 18:52:24  *01n 20 100TL 4  492.5  0.48   241  418.3  0.10    44  232.1  0.91  232.4  0.93  233.6  0.93   285   323 1.000  38.0  26562 562B
24.04.2023 18:52:44  *01n 20 100TL 4  492.2  0.53   265  418.3  0.10    42  232.0  0.93  232.5  0.94  233.6  0.91   308   328 1.000  38.0  26564 B029
24.04.2023 18:53:04  *01n 20 100TL 4  502.7  0.50   253  418.4  0.10    45  232.0  0.97  232.6  0.94  233.7  0.93   299   332 1.000  38.0  26565 4902
24.04.2023 18:53:24  *01n 20 100TL 4  491.6  0.61   300  418.3  0.14    57  232.2  0.90  232.7  0.92  233.6  0.91   358   337 0.999c  38.0  26567 D88A
24.04.2023 18:53:44  *01n 20 100TL 4  491.6  0.68   335  418.4  0.13    59  232.5  0.93  232.0  0.95  233.5  0.90   395   350 1.000  38.0  26569 5F42
24.04.2023 18:54:04  *01n 20 100TL 4  491.1  0.54   270  418.4  0.14    56  231.9  1.01  232.0  1.00  233.6  1.00   326   357 1.000  38.0  26571 2D1B
24.04.2023 18:54:24  *01n 20 100TL 4  481.2  0.72   346  418.2  0.15    65  231.8  0.97  232.5  0.97  233.8  0.92   411   367 1.000  38.0  26573 737A
24.04.2023 18:54:44  *01n 20 100TL 4  471.5  0.70   331  418.4  0.18    76  232.0  0.98  232.6  0.97  233.6  1.00   407   375 1.000  38.0  26575 2125
24.04.2023 18:55:04  *01n 20 100TL 4  492.1  0.69   343  418.4  0.19    79  232.5  0.97  232.0  0.98  233.6  0.98   422   393 1.000  38.0  26577 1477
24.04.2023 18:55:24  *01n 20 100TL 4  499.9  0.72   361  418.3  0.17    74  232.0  0.95  232.6  0.95  233.8  0.91   387   402 1.000  38.0  26580 4741
24.04.2023 18:55:44  *01n 20 100TL 4  499.7  0.74   370  418.3  0.21    88  231.6  0.93  232.2  0.90  233.4  0.90   459   410 1.000  38.0  26582 1F8E
24.04.2023 18:56:04  *01n 20 100TL 4  499.3  0.63   318  418.4  0.17    71  232.0  1.04  232.8  1.05  234.0  1.02   390   421 1.000  38.0  26584 D3B1
24.04.2023 18:56:25  *01n 20 100TL 4  499.1  0.75   378  418.3  0.23    97  232.0  1.02  232.6  1.01  234.0  1.02   476   424 1.000  38.0  26586 E6BD
24.04.2023 18:56:45  *01n 20 100TL 4  508.8  0.60   309  418.3  0.17    73  232.0  0.93  232.7  0.94  233.7  0.92   383   418 1.000  38.0  26589 EFE1
24.04.2023 18:57:05  *01n 20 100TL 4  500.7  0.72   364  418.3  0.21    90  231.7  0.99  232.6  1.00  233.7  0.98   454   418 1.000  38.0  26591 387E
24.04.2023 18:57:25  *01n 20 100TL 4  501.3  0.72   360  418.2  0.19    82  231.7  0.91  232.6  0.94  233.5  0.92   442   411 1.000  38.0  26593 5801
24.04.2023 18:57:45  *01n 20 100TL 4  498.1  0.55   277  418.1  0.14    64  232.0  0.93  232.3  0.94  233.5  0.93   341   405 1.000  38.0  26596 3BBD
24.04.2023 18:58:05  *01n 20 100TL 4  497.7  0.72   360  418.4  0.21    86  231.8  0.96  232.5  0.97  233.6  0.96   447   398 1.000  37.9  26598 33C8
24.04.2023 18:58:25  *01n 20 100TL 4  507.6  0.59   303  418.3  0.16    70  231.8  0.95  232.4  0.96  233.4  0.95   373   390 1.000  37.9  26600 14A5
24.04.2023 18:58:45  *01n 20 100TL 4  487.7  0.60   292  418.2  0.14    59  231.7  0.96  232.5  0.99  233.5  0.97   352   384 1.000  37.9  26602 5011
24.04.2023 18:59:05  *01n 20 100TL 4  497.2  0.67   337  418.1  0.17    71  232.3  0.96  232.0  0.96  232.7  0.93   408   378 1.000  37.9  26604 C44A
24.04.2023 18:59:25  *01n 20 100TL 4  497.1  0.67   337  418.3  0.15    64  231.6  0.95  232.4  0.96  233.4  0.95   401   372 1.000  38.0  26607 43C0
24.04.2023 18:59:45  *01n 20 100TL 4  496.7  0.67   334  418.3  0.17    71  231.5  0.98  232.0  1.00  232.9  0.99   405   366 1.000  37.9  26609 F21B
24.04.2023 19:00:05  *01n 20 100TL 4  496.1  0.55   274  418.4  0.12    50  231.2  0.91  231.8  0.92  233.1  0.91   325   352 1.000  37.9  26610 00A9
24.04.2023 19:00:25  *01n 20 100TL 4  486.6  0.51   250  418.2  0.10    44  231.2  0.89  231.9  0.90  233.0  0.87   294   335 1.000  37.9  26612 4464
24.04.2023 19:00:45  *01n 20 100TL 4  487.1  0.43   213  418.3  0.10    44  230.9  0.85  231.6  0.86  232.7  0.85   257   286 1.000  37.9  26614 D5B2
24.04.2023 19:01:05  *01n 20 100TL 4  485.6  0.55   271  418.3  0.11    48  230.8  0.85  231.6  0.85  232.6  0.83   320   276 1.000  37.9  26616 6267
24.04.2023 19:01:25  *01n 20 100TL 4  486.3  0.54   262  418.2  0.12    50  230.5  0.89  231.4  0.88  232.5  0.89   312   273 1.000  37.9  26617 43DF
24.04.2023 19:01:45  *01n 20 100TL 4  476.2  0.42   201  418.3  0.07    28  230.9  0.86  231.1  0.86  232.5  0.83   230   260 1.000  37.9  26619 CCDE
24.04.2023 19:02:05  *01n 20 100TL 4  473.9  0.36   175  418.4  0.07    32  230.5  0.87  231.4  0.87  232.2  0.86   207   253 1.000  37.9  26620 40ED
24.04.2023 19:02:26  *01n 20 100TL 4  479.9  0.55   265  418.3  0.10    42  230.8  0.80  231.0  0.79  231.8  0.78   308   247 1.000  37.9  26622 9D6A
24.04.2023 19:02:45  *01n 20 100TL 4  474.9  0.43   205  418.3  0.06    24  230.7  0.84  230.7  0.84  231.7  0.83   230   238 0.999i  37.9  26623 0ACF
24.04.2023 19:03:06  *01n 20 100TL 4  462.8  0.38   180  418.3  0.06    27  230.3  0.83  231.0  0.82  232.0  0.83   207   231 0.999c  37.9  26624 4D2D
24.04.2023 19:03:26  *01n 20 100TL 4  443.3  0.39   178  418.1  0.05    21  230.2  0.85  231.0  0.84  232.2  0.82   199   227 0.999c  37.9  26626 3F78
24.04.2023 19:03:46  *01n 20 100TL 4  423.7  0.43   183  418.3  0.06    28  230.0  0.86  231.0  0.87  231.8  0.85   212   230 1.000  37.9  26627 2EDD
24.04.2023 19:04:06  *01n 20 100TL 4  403.8  0.49   201  418.2  0.05    24  230.3  0.80  231.1  0.83  232.2  0.79   225   205 1.000  37.9  26628 5A20
24.04.2023 19:04:26  *01n 20 100TL 4  402.2  0.49   198  418.3  0.05    21  230.3  0.84  231.0  0.86  232.2  0.84   219   201 0.999i  37.9  26629 4CF3
24.04.2023 19:04:46  *01n 20 100TL 4  402.3  0.47   192  418.3  0.06    24  230.2  0.86  230.7  0.87  231.7  0.84   216   199 0.999i  37.9  26630 8460
24.04.2023 19:05:06  *01n 20 100TL 4  402.6  0.44   180  418.4  0.04    18  230.8  0.81  230.3  0.83  231.8  0.83   198   204 0.999c  37.9  26631 1007
24.04.2023 19:05:26  *01n 20 100TL 4  402.3  0.60   242  418.4  0.07    28  229.9  0.83  230.5  0.85  231.4  0.85   271   213 0.999c  37.9  26633 0B58
24.04.2023 19:05:46  *01n 20 100TL 4  402.3  0.50   202  418.3  0.04    16  230.1  0.82  230.8  0.82  231.8  0.79   219   189 0.999c  37.9  26634 23AB
24.04.2023 19:06:06  *01n 20 100TL 4  402.1  0.37   149  418.2  0.02    12  230.0  0.81  230.6  0.82  231.7  0.83   161   184 1.000  37.9  26635 1767
24.04.2023 19:06:26  *01n 20 100TL 4  402.3  0.30   120  418.3  0.02    10  230.4  0.83  230.1  0.83  231.7  0.81   131   181 0.999c  37.9  26636 8036
24.04.2023 19:06:46  *01n 20 100TL 4  402.0  0.52   210  418.2  0.03    12  229.7  0.82  230.3  0.83  231.4  0.81   222   183 0.999c  37.9  26637 A3B6
24.04.2023 19:07:06  *01n 20 100TL 4  402.3  0.32   129  418.2  0.02    10  229.7  0.83  230.3  0.85  231.3  0.80   140   178 0.999i  37.9  26638 EDDE
24.04.2023 19:07:26  *01n 20 100TL 4  402.3  0.63   253  418.4  0.04    15  229.7  0.84  230.6  0.87  231.6  0.82   268   181 0.999i  37.9  26639 2F54
24.04.2023 19:07:46  *01n 20 100TL 4  402.3  0.40   164  418.4  0.02     9  229.8  0.79  230.6  0.83  231.5  0.80   173   177 0.999c  37.9  26640 5684
24.04.2023 19:08:06  *01n 20 100TL 4  402.1  0.42   170  418.3  0.03    15  229.8  0.82  230.3  0.86  231.4  0.84   186   175 0.999i  37.9  26641 1449
24.04.2023 19:08:26  *01n 20 100TL 4  402.0  0.33   134  418.1  0.01     7  229.5  0.86  230.2  0.84  231.2  0.81   141   177 0.999i  37.8  26642 D17E
24.04.2023 19:08:46  *01n 20 100TL 4  402.3  0.37   149  418.3  0.03    13  229.5  0.83  230.3  0.86  231.4  0.82   163   173 0.999i  37.8  26643 F5B4
24.04.2023 19:09:07  *01n 20 100TL 4  402.1  0.44   180  418.1  0.03    12  229.7  0.84  229.7  0.85  231.4  0.79   192   173 1.000  37.8  26644 0461
24.04.2023 19:09:27  *01n 20 100TL 4  402.1  0.45   181  418.3  0.02    10  229.6  0.79  230.4  0.83  231.3  0.81   192   172 0.999i  37.8  26645 EB07
24.04.2023 19:09:47  *01n 20 100TL 4  402.2  0.42   169  418.2  0.02    10  229.8  0.81  230.2  0.82  231.3  0.79   180   170 1.000  37.8  26646 905B
24.04.2023 19:10:07  *01n 20 100TL 4  402.1  0.43   175  418.3  0.01     6  229.8  0.78  230.2  0.83  231.4  0.79   181   169 1.000  37.8  26647 566D
24.04.2023 19:10:27  *01n 20 100TL 4  402.2  0.39   160  418.3  0.02    10  229.7  0.80  230.1  0.79  231.3  0.80   170   167 0.999c  37.8  26647 38BA
24.04.2023 19:10:47  *01n 20 100TL 4  402.3  0.39   158  418.2  0.01     6  229.4  0.81  230.1  0.82  231.1  0.83   164   166 0.998i  37.8  26648 48B4
24.04.2023 19:11:07  *01n 20 100TL 4  402.1  0.37   149  418.3  0.02     9  229.4  0.80  230.1  0.83  231.4  0.80   158   166 0.999c  37.8  26649 EC71
24.04.2023 19:11:27  *01n 20 100TL 4  402.3  0.43   175  418.3  0.01     4  229.5  0.83  230.3  0.83  231.3  0.83   180   164 0.999i  37.8  26650 6CCA
24.04.2023 19:11:47  *01n 20 100TL 4  402.3  0.36   144  418.4  0.00     1  229.6  0.81  230.4  0.83  231.4  0.79   146   161 0.999c  37.8  26651 C49D
24.04.2023 19:12:07  *01n 20 100TL 4  402.3  0.31   125  418.4  0.00     3  229.4  0.82  230.3  0.83  231.2  0.78   128   167 0.999c  37.8  26652 3C0B
24.04.2023 19:12:27  *01n 20 100TL 4  402.3  0.46   186  418.3  0.00     1  229.5  0.80  230.3  0.84  231.0  0.80   187   160 0.999i  37.8  26653 A9D8
24.04.2023 19:12:47  *01n 20 100TL 4  402.2  0.33   132  418.2  0.01     6  230.2  0.77  229.4  0.83  231.2  0.78   138   160 0.999c  37.8  26654 7FAC
24.04.2023 19:13:07  *01n 20 100TL 4  402.1  0.43   177  418.2  0.00     1  229.5  0.82  229.9  0.83  231.4  0.80   178   160 0.999i  37.8  26655 77A8
24.04.2023 19:13:27  *01n 20 100TL 4  402.1  0.45   181  418.1  0.00     0  229.5  0.80  230.3  0.82  231.1  0.81   181   158 0.999i  37.8  26656 7E62
24.04.2023 19:13:47  *01n 20 100TL 4  402.3  0.42   167  418.3  0.00     1  229.6  0.81  230.3  0.80  231.6  0.79   169   158 0.999i  37.8  26656 9CA0
24.04.2023 19:14:07  *01n 20 100TL 4  402.3  0.47   190  418.2  0.00     1  229.4  0.83  230.1  0.83  231.1  0.81   192   157 0.999i  37.8  26657 BCBB
24.04.2023 19:14:27  *01n 20 100TL 4  402.1  0.31   128  418.1  0.00     0  229.7  0.79  230.3  0.82  231.3  0.82   128   154 0.999i  37.8  26658 2A2F
24.04.2023 19:14:47  *01n 20 100TL 4  402.1  0.33   134  418.3  0.00     1  229.8  0.82  230.3  0.82  231.3  0.80   135   152 0.999i  37.8  26659 529A
24.04.2023 19:15:07  *01n 20 100TL 4  402.2  0.43   175  418.3  0.00     0  229.3  0.80  230.1  0.82  231.2  0.80   175   154 0.999c  37.8  26660 2697
24.04.2023 19:15:27  *01n 20 100TL 4  402.2  0.34   140  418.2  0.00     1  229.4  0.81  230.1  0.81  231.1  0.79   141   148 0.999c  37.8  26661 F345
24.04.2023 19:15:47  *01n 20 100TL 4  402.3  0.22    90  418.2  0.00     0  229.8  0.83  228.8  0.81  230.8  0.79    90   144 0.999i  37.8  26662 3169
24.04.2023 19:16:08  *01n 20 100TL 4  402.2  0.41   164  418.3  0.00     0  229.2  0.80  229.8  0.81  230.8  0.83   164   148 0.999i  37.8  26662 2915
24.04.2023 19:16:28  *01n 20 100TL 4  402.2  0.35   143  418.4  0.00     0  229.3  0.79  229.7  0.81  230.8  0.79   143   146 0.999c  37.8  26663 6E67
24.04.2023 19:16:48  *01n 20 100TL 4  402.3  0.39   160  418.4  0.00     0  229.3  0.79  229.8  0.81  230.7  0.77   160   144 0.999c  37.8  26664 83C4
24.04.2023 19:17:08  *01n 20 100TL 4  402.3  0.34   138  418.2  0.00     0  229.2  0.81  229.6  0.81  230.7  0.84   138   148 0.999i  37.8  26665 B4AB
24.04.2023 19:17:28  *01n 20 100TL 4  402.3  0.33   135  418.2  0.00     0  228.9  0.81  229.5  0.82  230.7  0.79   135   148 0.999i  37.8  26666 050D
24.04.2023 19:17:48  *01n 20 100TL 4  402.3  0.40   163  418.3  0.00     0  229.0  0.84  229.8  0.82  230.6  0.81   163   148 0.999c  37.8  26667 9BA4
24.04.2023 19:18:08  *01n 20 100TL 4  402.1  0.25   100  418.3  0.00     0  229.1  0.81  229.7  0.79  230.5  0.77   100   146 0.999c  37.8  26667 0FFC
24.04.2023 19:18:28  *01n 20 100TL 4  402.2  0.42   172  418.2  0.00     0  228.9  0.83  229.5  0.83  230.4  0.85   172   155 0.999i  37.8  26668 D42C
24.04.2023 19:18:48  *01n 20 100TL 4  402.2  0.27   111  418.3  0.00     1  229.1  0.78  229.8  0.79  230.6  0.78   112   151 0.999c  37.8  26669 C394
24.04.2023 19:19:08  *01n 20 100TL 4  402.3  0.36   143  418.5  0.00     0  228.9  0.82  229.6  0.83  230.6  0.81   143   157 0.999i  37.8  26670 C99E
24.04.2023 19:19:28  *01n 20 100TL 4  402.3  0.39   160  418.3  0.01     3  229.1  0.78  229.8  0.83  230.5  0.79   163   161 0.999c  37.8  26671 9DF3
24.04.2023 19:19:48  *01n 20 100TL 4  402.2  0.41   169  418.4  0.00     1  229.5  0.84  229.9  0.83  230.7  0.83   170   169 0.999i  37.8  26672 DDBD
24.04.2023 19:20:08  *01n 20 100TL 4  402.4  0.32   131  418.4  0.02     7  229.2  0.82  229.9  0.82  230.6  0.81   138   169 0.999i  37.7  26673 6B40
24.04.2023 19:20:28  *01n 20 100TL 4  402.2  0.54   221  418.3  0.03    13  229.6  0.81  230.1  0.82  230.7  0.79   234   180 0.999c  37.7  26674 8C0F
24.04.2023 19:20:48  *01n 20 100TL 4  402.1  0.47   187  418.4  0.03    10  230.1  0.85  229.7  0.86  230.6  0.86   198   186 1.000  37.7  26675 8102
24.04.2023 19:21:08  *01n 20 100TL 4  402.1  0.51   205  418.3  0.04    16  229.3  0.77  229.8  0.80  230.5  0.79   222   187 0.999c  37.7  26676 173A
24.04.2023 19:21:28  *01n 20 100TL 4  402.2  0.38   154  418.2  0.03    13  229.6  0.85  229.2  0.86  230.5  0.84   167   196 0.999i  37.7  26677 358A
24.04.2023 19:21:48  *01n 20 100TL 4  402.2  0.46   184  418.3  0.04    18  229.4  0.83  229.9  0.83  230.4  0.86   202   202 1.000  37.7  26678 6FC4
24.04.2023 19:22:09  *01n 20 100TL 4  402.3  0.51   205  418.4  0.05    22  229.3  0.81  229.7  0.84  230.4  0.81   228   205 0.999i  37.7  26679 8840
24.04.2023 19:22:29  *01n 20 100TL 4  402.3  0.42   172  418.3  0.04    18  229.6  0.80  229.6  0.83  230.7  0.80   190   209 0.999c  37.7  26680 C4A8
24.04.2023 19:22:49  *01n 20 100TL 4  402.2  0.55   221  418.3  0.07    33  229.4  0.83  229.6  0.86  230.4  0.84   254   216 1.000  37.7  26681 7D2F
24.04.2023 19:23:09  *01n 20 100TL 4  402.3  0.43   175  418.3  0.05    21  229.7  0.84  230.0  0.82  230.9  0.81   196   216 0.999c  37.7  26682 2600
24.04.2023 19:23:29  *01n 20 100TL 4  402.3  0.51   207  418.2  0.06    27  229.7  0.84  230.1  0.84  231.0  0.83   234   219 1.000  37.7  26684 D584
24.04.2023 19:23:49  *01n 20 100TL 4  402.3  0.42   170  418.2  0.06    27  229.5  0.83  229.9  0.85  231.0  0.83   198   224 0.999c  37.7  26685 CCCC
24.04.2023 19:24:09  *01n 20 100TL 4  402.2  0.43   177  418.3  0.05    22  229.9  0.86  229.0  0.86  230.9  0.84   199   224 1.000  37.7  26686 8BA0
24.04.2023 19:24:29  *01n 20 100TL 4  402.0  0.42   170  418.2  0.07    28  229.1  0.86  230.1  0.85  231.0  0.84   199   221 1.000  37.7  26687 760E
24.04.2023 19:24:49  *01n 20 100TL 4  402.2  0.40   161  418.4  0.04    19  229.3  0.86  230.1  0.85  231.1  0.83   181   219 1.000  37.7  26689 C600
24.04.2023 19:25:09  *01n 20 100TL 4  402.2  0.58   234  418.3  0.07    28  229.4  0.83  230.2  0.84  230.9  0.86   263   216 1.000  37.7  26690 4ABE
24.04.2023 19:25:29  *01n 20 100TL 4  402.3  0.55   222  418.4  0.06    27  229.5  0.82  230.3  0.83  231.0  0.81   250   210 0.999c  37.7  26691 7E28
24.04.2023 19:25:49  *01n 20 100TL 4  402.1  0.40   163  418.2  0.04    16  229.3  0.87  230.2  0.85  231.0  0.85   180   210 0.999i  37.7  26692 40ED
24.04.2023 19:26:09  *01n 20 100TL 4  402.2  0.38   155  418.2  0.04    18  229.2  0.83  230.0  0.83  231.1  0.81   173   201 1.000  37.7  26693 34C9
24.04.2023 19:26:29  *01n 20 100TL 4  402.1  0.37   149  418.3  0.03    12  229.6  0.79  230.2  0.81  230.9  0.81   161   198 1.000  37.7  26695 EB13
24.04.2023 19:26:49  *01n 20 100TL 4  402.1  0.40   161  418.2  0.04    18  229.5  0.83  230.1  0.84  230.8  0.80   180   196 1.000  37.7  26696 B358
24.04.2023 19:27:09  *01n 20 100TL 4  402.2  0.47   187  418.4  0.04    19  229.2  0.80  229.9  0.80  231.2  0.81   207   189 0.999c  37.7  26697 7670
24.04.2023 19:27:29  *01n 20 100TL 4  402.2  0.39   158  418.3  0.02     9  229.4  0.83  229.9  0.81  230.6  0.80   167   186 1.000  37.7  26698 D9BD
24.04.2023 19:27:49  *01n 20 100TL 4  402.1  0.34   140  418.2  0.02     9  229.4  0.82  230.1  0.78  230.8  0.82   149   180 0.999c  37.7  26699 1781
24.04.2023 19:28:09  *01n 20 100TL 4  402.2  0.40   161  418.1  0.01     4  229.5  0.82  230.1  0.84  230.8  0.82   166   177 0.999i  37.7  26700 D3A5
24.04.2023 19:28:29  *01n 20 100TL 4  402.3  0.37   149  418.1  0.01     4  229.4  0.83  230.2  0.85  231.0  0.85   154   170 0.999i  37.7  26701 927D
24.04.2023 19:28:50  *01n 20 100TL 4  402.3  0.35   141  418.3  0.00     3  229.9  0.81  229.6  0.81  230.8  0.81   144   167 0.999c  37.7  26702 33FD
24.04.2023 19:29:10  *01n 20 100TL 4  402.3  0.42   169  418.4  0.00     0  229.7  0.81  230.3  0.81  231.0  0.79   169   166 0.999c  37.7  26703 F21B
24.04.2023 19:29:30  *01n 20 100TL 4  402.3  0.47   190  418.4  0.01     7  229.6  0.81  230.3  0.82  230.9  0.77   198   164 0.999c  37.7  26703 4943
24.04.2023 19:29:50  *01n 20 100TL 4  402.1  0.40   161  418.1  0.00     0  230.1  0.83  229.8  0.81  230.8  0.80   161   157 0.999i  37.7  26704 D162
24.04.2023 19:30:10  *01n 20 100TL 4  402.2  0.49   196  418.2  0.00     1  229.6  0.77  230.5  0.80  230.9  0.79   198   155 0.999c  37.7  26705 9DD6
24.04.2023 19:30:30  *01n 20 100TL 4  402.1  0.32   131  418.3  0.00     0  229.5  0.82  230.3  0.83  230.9  0.79   131   141 0.999i  37.7  26706 3141
24.04.2023 19:30:50  *01n 20 100TL 4  402.2  0.40   164  418.2  0.00     0  229.3  0.83  230.3  0.83  231.0  0.83   164   138 0.999i  37.7  26707 FA4B
24.04.2023 19:31:10  *01n 20 100TL 4  402.0  0.28   114  418.1  0.00     0  229.3  0.80  230.1  0.78  230.9  0.79   114   131 0.998c  37.7  26708 FB1C
24.04.2023 19:31:30  *01n 20 100TL 4  400.8  0.33   132  418.7  0.00     0  229.4  0.78  230.3  0.83  231.0  0.81   132   125 0.998i  37.7  26708 8D82
24.04.2023 19:31:50  *01n 20 100TL 4  403.4  0.28   114  417.3  0.00     0  229.3  0.85  230.2  0.83  230.8  0.79   114   119 0.999i  37.7  26709 57A9
24.04.2023 19:32:10  *01n 20 100TL 4  402.1  0.38   152  418.4  0.00     0  229.3  0.80  230.2  0.80  230.7  0.78   152   115 0.998i  37.7  26710 6C32
24.04.2023 19:32:30  *01n 20 100TL 4  402.1  0.23    94  418.4  0.00     0  229.4  0.79  230.4  0.81  231.0  0.79    94   106 0.998c  37.7  26710 6CDA
24.04.2023 19:32:50  *01n 20 100TL 4  402.0  0.21    85  418.2  0.00     0  229.3  0.78  230.4  0.83  231.0  0.78    85   100 0.998c  37.7  26711 0539
24.04.2023 19:33:10  *01n 20 100TL 4  402.0  0.18    74  418.2  0.00     0  229.6  0.79  229.8  0.79  231.2  0.77    74    97 0.998c  37.7  26711 729A
24.04.2023 19:33:30  *01n 20 100TL 4  402.3  0.36   146  418.1  0.00     0  229.4  0.77  230.3  0.79  230.9  0.78   146    93 0.998c  37.7  26712 2382
24.04.2023 19:33:50  *01n 20 100TL 4  402.3  0.13    54  418.2  0.00     0  229.5  0.80  230.3  0.82  230.9  0.78    54    86 0.998c  37.7  26712 40B3
24.04.2023 19:34:10  *01n 20 100TL 4  402.2  0.24   100  418.1  0.00     0  229.6  0.79  230.3  0.81  231.1  0.80   100    83 0.997i  37.6  26713 31DE
24.04.2023 19:34:31  *01n 20 100TL 4  402.2  0.16    65  418.3  0.00     0  229.5  0.80  230.4  0.81  231.2  0.78    65    79 0.997i  37.6  26713 C3F2
24.04.2023 19:34:51  *01n 20 100TL 4  402.2  0.12    50  418.2  0.00     0  229.1  0.80  230.1  0.80  230.9  0.78    50    77 0.997i  37.6  26714 3739
24.04.2023 19:35:11  *01n 20 100TL 4  402.3  0.15    61  418.4  0.00     0  229.2  0.79  230.1  0.79  231.0  0.75    61    76 0.996c  37.7  26714 7379
24.04.2023 19:35:31  *01n 20 100TL 4  402.2  0.24    99  418.1  0.00     0  229.6  0.82  230.3  0.80  231.0  0.80    99    76 0.997i  37.6  26715 40B5
24.04.2023 19:35:51  *01n 20 100TL 4  402.1  0.23    96  418.4  0.00     0  229.9  0.80  230.4  0.80  230.7  0.79    96    70 0.996i  37.6  26715 01FB
24.04.2023 19:36:11  *01n 20 100TL 4  402.3  0.11    47  418.3  0.00     0  229.4  0.76  229.8  0.79  231.1  0.77    47    68 0.995c  37.6  26716 8A5C
24.04.2023 19:36:31  *01n 20 100TL 4  401.9  0.18    74  418.3  0.00     0  229.4  0.78  230.3  0.82  231.0  0.79    74    65 0.996i  37.6  26716 4784
24.04.2023 19:36:51  *01n 20 100TL 4  402.2  0.14    57  418.3  0.00     0  229.6  0.82  230.2  0.81  231.1  0.80    57    64 0.993i  37.6  26716 E1E6
24.04.2023 19:37:11  *01n 20 100TL 4  402.1  0.10    42  418.3  0.00     0  229.3  0.79  229.9  0.80  230.8  0.80    42    62 0.992c  37.6  26717 E404
24.04.2023 19:37:31  *01n 20 100TL 4  402.1  0.16    67  418.1  0.00     0  229.5  0.79  230.2  0.81  231.1  0.77    67    64 0.995i  37.6  26717 11BD
24.04.2023 19:37:51  *01n 20 100TL 4  402.2  0.21    88  418.2  0.00     0  229.3  0.78  230.3  0.80  231.2  0.79    88    62 0.996i  37.6  26717 A114
24.04.2023 19:38:11  *01n 20 100TL 4  402.3  0.12    50  418.3  0.00     0  229.6  0.80  230.3  0.82  231.2  0.76    50    62 0.996c  37.6  26718 207B
24.04.2023 19:38:31  *01n 20 100TL 4  402.3  0.13    53  418.2  0.00     0  229.3  0.76  230.3  0.78  231.4  0.76    53    65 0.991c  37.6  26718 AFDF
24.04.2023 19:38:51  *01n 20 100TL 4  402.4  0.21    85  418.3  0.00     0  229.4  0.77  230.1  0.80  231.5  0.80    85    70 0.996i  37.6  26718 71E6
24.04.2023 19:39:11  *01n 20 100TL 4  402.1  0.08    33  418.3  0.00     0  229.6  0.80  230.3  0.77  231.2  0.79    33    71 0.996c  37.6  26719 71D6
24.04.2023 19:39:31  *01n 20 100TL 4  402.3  0.16    67  418.2  0.00     0  230.2  0.79  230.2  0.79  231.7  0.80    67    71 0.993c  37.6  26719 72B0
24.04.2023 19:39:52  *01n 20 100TL 4  402.3  0.11    45  418.3  0.00     0  229.5  0.78  230.4  0.78  231.5  0.80    45    70 0.997i  37.6  26720 FB6B
24.04.2023 19:40:12  *01n 20 100TL 4  402.3  0.20    80  418.4  0.00     0  229.3  0.77  230.2  0.81  231.2  0.78    80    68 0.995c  37.6  26720 96AE
24.04.2023 19:40:32  *01n 20 100TL 4  402.3  0.14    56  418.2  0.00     0  229.4  0.79  230.0  0.78  231.2  0.80    56    71 0.997c  37.6  26720 40F4
24.04.2023 19:40:52  *01n 20 100TL 4  402.0  0.16    65  418.4  0.00     0  229.0  0.79  229.9  0.80  230.9  0.78    65    73 0.995c  37.6  26721 15E9
24.04.2023 19:41:12  *01n 20 100TL 4  402.2  0.17    70  418.5  0.00     0  229.9  0.82  229.9  0.82  230.7  0.81    70    73 0.994i  37.6  26721 C998
24.04.2023 19:41:32  *01n 20 100TL 4  402.2  0.32   129  418.4  0.00     0  229.2  0.78  230.1  0.79  230.9  0.78   129    80 0.997c  37.6  26722 35CF
24.04.2023 19:41:52  *01n 20 100TL 4  402.2  0.30   122  418.5  0.00     0  229.4  0.78  230.3  0.78  230.8  0.78   122    82 0.997c  37.6  26722 5CC0
24.04.2023 19:42:12  *01n 20 100TL 4  402.2  0.18    73  418.3  0.00     0  229.4  0.81  230.2  0.80  230.9  0.82    73    90 0.996i  37.6  26723 94DE
24.04.2023 19:42:32  *01n 20 100TL 4  402.0  0.32   129  418.1  0.00     0  229.3  0.81  229.8  0.80  231.2  0.79   129    90 0.997c  37.6  26723 E881
24.04.2023 19:42:52  *01n 20 100TL 4  402.3  0.18    71  418.3  0.00     0  229.4  0.81  230.5  0.77  231.3  0.78    71    94 0.997c  37.6  26724 D0B6
24.04.2023 19:43:12  *01n 20 100TL 4  402.2  0.30   122  418.2  0.00     0  229.7  0.78  230.3  0.81  231.1  0.76   122   100 0.998c  37.6  26724 5D24
24.04.2023 19:43:32  *01n 20 100TL 4  402.3  0.18    71  418.3  0.00     0  229.5  0.79  230.6  0.82  231.2  0.78    71   100 0.998i  37.6  26725 AEC3
24.04.2023 19:43:52  *01n 20 100TL 4  402.5  0.25   103  418.4  0.00     0  229.4  0.78  230.3  0.81  231.2  0.80   103   105 0.998c  37.6  26725 9FF5
24.04.2023 19:44:12  *01n 20 100TL 4  402.2  0.25   103  418.3  0.00     0  229.3  0.80  230.0  0.79  230.8  0.80   103   111 0.998i  37.6  26726 CCE8
24.04.2023 19:44:32  *01n 20 100TL 4  402.1  0.38   151  418.4  0.00     0  229.4  0.78  230.1  0.80  231.0  0.82   151   114 0.999i  37.6  26727 37BB
24.04.2023 19:44:53  *01n 20 100TL 4  401.1  0.24    96  419.0  0.00     0  229.4  0.77  230.1  0.78  231.0  0.79    96   115 0.994c  37.6  26727 AAF3
24.04.2023 19:45:13  *01n 20 100TL 4  401.0  0.25   102  417.9  0.00     0  229.1  0.80  230.1  0.83  230.9  0.81   102   120 0.998i  37.6  26728 E4A1
24.04.2023 19:45:33  *01n 20 100TL 4  400.3  0.30   120  418.5  0.00     0  230.2  0.80  229.5  0.80  230.1  0.79   120   123 0.998c  37.6  26729 1AFC
24.04.2023 19:45:53  *01n 20 100TL 4  400.9  0.22    93  417.4  0.00     0  229.3  0.81  229.9  0.79  230.8  0.79    93   122 0.999i  37.6  26729 32B2
24.04.2023 19:46:13  *01n 20 100TL 4  403.6  0.30   123  418.6  0.00     0  229.3  0.82  229.8  0.82  231.0  0.80   123   128 0.998c  37.6  26730 FA06
24.04.2023 19:46:33  *01n 20 100TL 4  403.6  0.20    83  417.6  0.00     0  230.1  0.84  229.8  0.81  230.8  0.81    83   122 0.998i  37.6  26731 B446
24.04.2023 19:46:53  *01n 20 100TL 4  403.4  0.22    90  418.5  0.00     0  229.3  0.79  230.2  0.81  231.1  0.79    90   126 0.999c  37.6  26731 5538
24.04.2023 19:47:13  *01n 20 100TL 4  403.2  0.32   129  418.7  0.00     0  229.4  0.83  230.3  0.84  231.0  0.81   129   129 0.999i  37.6  26732 DF14
24.04.2023 19:47:33  *01n 20 100TL 4  402.2  0.31   125  418.3  0.00     0  229.0  0.81  229.9  0.83  230.9  0.82   125   132 0.998i  37.6  26733 6D34
24.04.2023 19:47:53  *01n 20 100TL 4  402.3  0.29   117  418.2  0.00     0  229.5  0.80  230.0  0.81  231.0  0.82   117   135 0.999c  37.6  26734 FBA6
24.04.2023 19:48:13  *01n 20 100TL 4  402.1  0.39   158  418.4  0.00     0  229.6  0.78  229.6  0.80  231.3  0.79   158   140 0.999c  37.6  26734 A438
24.04.2023 19:48:33  *01n 20 100TL 4  402.5  0.28   115  418.3  0.00     0  229.3  0.81  230.2  0.83  231.3  0.83   115   137 0.999i  37.6  26735 A7E2
24.04.2023 19:48:53  *01n 20 100TL 4  402.3  0.42   169  418.2  0.00     0  229.8  0.82  229.7  0.80  231.3  0.79   169   141 0.999c  37.5  26736 C3D6
24.04.2023 19:49:13  *01n 20 100TL 4  402.2  0.32   128  418.2  0.00     0  229.3  0.78  230.1  0.82  231.2  0.81   128   141 0.999i  37.6  26737 A608
24.04.2023 19:49:33  *01n 20 100TL 4  402.1  0.30   122  418.3  0.00     1  229.0  0.80  230.1  0.82  231.3  0.81   123   143 0.999i  37.5  26737 5317
24.04.2023 19:49:53  *01n 20 100TL 4  402.4  0.36   143  418.3  0.00     0  229.1  0.81  230.1  0.84  231.3  0.84   143   148 0.999i  37.5  26738 F016
24.04.2023 19:50:13  *01n 20 100TL 4  402.3  0.32   129  418.2  0.00     1  229.1  0.83  230.1  0.83  231.3  0.82   131   146 0.999c  37.5  26739 7B5E
24.04.2023 19:50:33  *01n 20 100TL 4  402.2  0.35   143  418.5  0.00     0  229.3  0.83  230.2  0.84  231.4  0.84   143   151 0.998i  37.5  26740 367E
24.04.2023 19:50:53  *01n 20 100TL 4  402.1  0.44   180  418.4  0.00     0  229.3  0.80  230.2  0.81  231.6  0.81   180   154 0.999c  37.5  26741 629E
24.04.2023 19:51:14  *01n 20 100TL 4  402.2  0.33   132  418.3  0.00     1  230.1  0.79  229.7  0.80  231.5  0.81   134   155 0.999c  37.5  26742 1CD7
24.04.2023 19:51:34  *01n 20 100TL 4  402.3  0.41   166  418.3  0.00     0  229.5  0.79  230.3  0.82  231.8  0.81   166   161 1.000  37.5  26742 3623
24.04.2023 19:51:54  *01n 20 100TL 4  402.2  0.32   128  418.3  0.00     0  229.3  0.83  230.1  0.83  231.6  0.79   128   160 0.999i  37.5  26743 BEA3
24.04.2023 19:52:14  *01n 20 100TL 4  402.1  0.36   146  418.3  0.00     0  229.8  0.83  230.5  0.80  232.1  0.80   146   161 0.999c  37.5  26744 B597
24.04.2023 19:52:34  *01n 20 100TL 4  402.1  0.33   134  418.3  0.00     0  229.8  0.83  230.3  0.83  232.0  0.83   134   158 0.999c  37.5  26745 F4F8
24.04.2023 19:52:54  *01n 20 100TL 4  402.3  0.40   163  418.4  0.00     0  229.8  0.83  230.5  0.82  232.1  0.83   163   157 0.999i  37.5  26746 DB29
24.04.2023 19:53:14  *01n 20 100TL 4  402.2  0.36   144  418.2  0.00     0  229.5  0.83  230.3  0.79  231.8  0.82   144   154 0.999c  37.5  26747 F064
24.04.2023 19:53:34  *01n 20 100TL 4  402.1  0.44   180  418.4  0.00     0  229.9  0.78  230.5  0.83  232.1  0.78   180   149 0.999c  37.5  26748 17D8
24.04.2023 19:53:54  *01n 20 100TL 4  402.2  0.34   137  418.2  0.00     0  229.8  0.81  230.4  0.77  232.1  0.79   137   146 0.999c  37.5  26749 5F2B
24.04.2023 19:54:14  *01n 20 100TL 4  402.3  0.51   209  418.4  0.00     0  229.7  0.82  230.6  0.81  232.1  0.78   209   155 0.999c  37.5  26749 A208
24.04.2023 19:54:34  *01n 20 100TL 4  402.4  0.32   129  418.3  0.00     0  229.8  0.81  230.4  0.81  231.8  0.79   129   149 0.999c  37.5  26750 1ECC
24.04.2023 19:54:54  *01n 20 100TL 4  402.2  0.40   163  418.4  0.00     0  230.0  0.83  230.7  0.82  231.9  0.82   163   146 0.999i  37.5  26751 7030
24.04.2023 19:55:14  *01n 20 100TL 4  402.1  0.42   172  418.4  0.00     0  229.8  0.81  230.6  0.84  231.6  0.81   172   146 0.999i  37.5  26752 E744
24.04.2023 19:55:34  *01n 20 100TL 4  402.2  0.27   111  418.4  0.00     0  229.7  0.82  230.5  0.81  231.4  0.80   111   138 0.999c  37.5  26753 3649
24.04.2023 19:55:54  *01n 20 100TL 4  402.3  0.29   120  418.2  0.00     0  229.6  0.80  230.5  0.82  231.6  0.79   120   137 0.999c  37.5  26753 1B8B
24.04.2023 19:56:14  *01n 20 100TL 4  402.2  0.35   140  418.3  0.00     0  229.6  0.80  230.5  0.81  230.9  0.78   140   138 0.999c  37.5  26754 B4AA
24.04.2023 19:56:34  *01n 20 100TL 4  402.2  0.31   125  418.3  0.00     0  229.9  0.79  230.8  0.79  231.4  0.82   125   137 0.999c  37.5  26755 1AE6
24.04.2023 19:56:55  *01n 20 100TL 4  402.2  0.41   167  418.5  0.00     0  229.9  0.82  230.8  0.83  231.4  0.76   167   135 0.999i  37.5  26756 CEDF
24.04.2023 19:57:15  *01n 20 100TL 4  402.3  0.35   141  418.6  0.00     0  229.9  0.81  231.0  0.84  231.8  0.80   141   134 0.999i  37.5  26757 A677
24.04.2023 19:57:35  *01n 20 100TL 4  401.5  0.41   166  417.9  0.00     1  229.6  0.79  230.9  0.81  231.5  0.79   167   132 0.999i  37.5  26757 6689
24.04.2023 19:57:55  *01n 20 100TL 4  403.6  0.37   151  418.2  0.00     0  230.0  0.80  231.1  0.83  231.8  0.82   151   129 0.998i  37.5  26758 20B4
24.04.2023 19:58:15  *01n 20 100TL 4  403.4  0.33   135  418.0  0.00     0  230.1  0.84  231.1  0.81  232.0  0.83   135   132 0.998i  37.5  26759 CC6C
24.04.2023 19:58:35  *01n 20 100TL 4  403.7  0.40   163  418.6  0.00     0  229.8  0.82  230.8  0.83  232.0  0.83   163   129 0.999i  37.5  26759 4577
24.04.2023 19:58:55  *01n 20 100TL 4  403.6  0.20    80  417.5  0.00     0  230.0  0.79  230.9  0.84  231.9  0.83    80   126 0.999i  37.5  26760 4C87
24.04.2023 19:59:15  *01n 20 100TL 4  400.6  0.20    80  417.7  0.00     0  229.9  0.81  230.9  0.78  231.8  0.77    80   126 0.998c  37.5  26761 C20D
24.04.2023 19:59:35  *01n 20 100TL 4  400.7  0.23    96  417.9  0.00     0  229.9  0.79  231.0  0.80  231.9  0.80    96   129 0.999i  37.5  26762 CE7F
24.04.2023 19:59:55  *01n 20 100TL 4  404.1  0.23    97  417.7  0.00     0  230.4  0.79  230.4  0.79  231.1  0.79    97   122 0.998c  37.5  26762 D883
24.04.2023 20:00:15  *01n 20 100TL 4  400.6  0.18    74  417.7  0.00     0  230.0  0.80  230.8  0.86  231.7  0.81    74   123 0.999i  37.5  26763 A0AE
24.04.2023 20:00:35  *01n 20 100TL 4  402.7  0.27   109  419.2  0.00     0  229.6  0.80  230.5  0.80  231.7  0.82   109   122 0.998c  37.5  26764 8EE0
24.04.2023 20:00:55  *01n 20 100TL 4  403.6  0.34   137  417.2  0.00     0  229.8  0.81  230.6  0.80  231.7  0.79   137   120 0.994c  37.5  26764 704E
24.04.2023 20:01:15  *01n 20 100TL 4  403.6  0.34   138  418.2  0.00     0  229.9  0.83  230.7  0.79  231.8  0.81   138   119 0.999i  37.5  26765 2149
24.04.2023 20:01:35  *01n 20 100TL 4  402.1  0.31   126  418.7  0.00     0  230.1  0.79  230.9  0.80  231.9  0.78   126   117 0.998c  37.5  26766 2C33
24.04.2023 20:01:55  *01n 20 100TL 4  402.2  0.27   108  418.0  0.00     0  230.2  0.83  230.8  0.84  232.1  0.80   108   115 0.998i  37.5  26766 C3D7
24.04.2023 20:02:16  *01n 20 100TL 4  402.2  0.31   125  418.3  0.00     0  230.3  0.83  230.8  0.85  232.2  0.83   125   117 0.998i  37.5  26767 EE15
24.04.2023 20:02:36  *01n 20 100TL 4  402.3  0.18    74  418.3  0.00     0  230.4  0.80  231.0  0.79  232.2  0.80    74   111 0.998c  37.5  26768 8B53
24.04.2023 20:02:56  *01n 20 100TL 4  402.2  0.23    94  418.3  0.00     0  230.4  0.82  230.0  0.79  232.2  0.79    94   109 0.999c  37.5  26768 036D
24.04.2023 20:03:16  *01n 20 100TL 4  402.2  0.25   100  418.2  0.00     0  230.1  0.82  230.9  0.81  232.1  0.77   100   109 0.999c  37.5  26769 2AAF
24.04.2023 20:03:36  *01n 20 100TL 4  402.3  0.36   143  418.5  0.00     0  230.0  0.81  230.5  0.79  231.8  0.78   143   111 0.998c  37.5  26770 349D
24.04.2023 20:03:56  *01n 20 100TL 4  402.1  0.19    77  418.3  0.00     0  229.9  0.80  230.5  0.83  231.8  0.77    77   106 0.998c  37.5  26770 BA1F
24.04.2023 20:04:16  *01n 20 100TL 4  402.2  0.24    96  418.2  0.00     0  229.9  0.86  230.5  0.81  231.9  0.81    96   106 0.998i  37.4  26771 3E15
24.04.2023 20:04:36  *01n 20 100TL 4  402.1  0.19    77  418.2  0.00     0  229.9  0.82  230.8  0.81  231.8  0.79    77   100 0.998i  37.5  26771 785A
24.04.2023 20:04:56  *01n 20 100TL 4  402.3  0.31   126  418.3  0.00     0  230.1  0.79  230.7  0.79  232.0  0.76   126   102 0.998c  37.5  26772 5981
24.04.2023 20:05:16  *01n 20 100TL 4  402.1  0.16    64  418.3  0.00     0  230.1  0.82  230.7  0.79  231.7  0.77    64    99 0.998i  37.5  26772 F700
24.04.2023 20:05:36  *01n 20 100TL 4  402.2  0.22    91  418.1  0.00     0  230.3  0.81  230.8  0.81  231.8  0.77    91    99 0.998i  37.5  26773 D08A
24.04.2023 20:05:56  *01n 20 100TL 4  402.2  0.18    73  418.3  0.00     0  230.2  0.80  230.8  0.80  231.8  0.78    73    96 0.998c  37.4  26774 8B99
24.04.2023 20:06:16  *01n 20 100TL 4  402.1  0.26   105  418.1  0.00     0  230.3  0.80  230.8  0.79  232.0  0.78   105    96 0.998c  37.4  26774 6F90
24.04.2023 20:06:36  *01n 20 100TL 4  402.1  0.20    80  418.3  0.00     0  230.4  0.79  230.7  0.82  232.0  0.79    80    88 0.997i  37.5  26775 12D8
24.04.2023 20:06:56  *01n 20 100TL 4  402.0  0.15    62  418.3  0.00     0  230.5  0.83  231.0  0.82  232.2  0.80    62    86 0.996i  37.4  26775 20D5
24.04.2023 20:07:16  *01n 20 100TL 4  402.3  0.28   115  418.3  0.00     0  230.4  0.82  230.9  0.80  232.0  0.80   115    90 0.998c  37.4  26776 F0CA
24.04.2023 20:07:36  *01n 20 100TL 4  402.2  0.20    83  418.3  0.00     0  230.0  0.82  230.8  0.81  231.8  0.79    83    85 0.997i  37.5  26776 A797
24.04.2023 20:07:57  *01n 20 100TL 4  402.2  0.18    74  418.3  0.00     0  230.1  0.79  230.6  0.79  232.0  0.80    74    80 0.997i  37.4  26777 B766
24.04.2023 20:08:17  *01n 20 100TL 4  402.1  0.26   105  418.2  0.00     0  229.7  0.78  230.5  0.78  231.8  0.77   105    79 0.996c  37.4  26777 179C
24.04.2023 20:08:37  *01n 20 100TL 4  402.1  0.16    67  418.2  0.00     0  229.8  0.80  230.6  0.80  231.9  0.81    67    76 0.997i  37.4  26777 54EF
24.04.2023 20:08:57  *01n 20 100TL 4  402.3  0.21    86  418.3  0.00     0  230.0  0.82  230.3  0.81  232.0  0.75    86    74 0.997c  37.4  26778 5E9A
24.04.2023 20:09:17  *01n 20 100TL 4  402.2  0.11    45  418.3  0.00     0  229.9  0.80  230.7  0.81  231.9  0.81    45    67 0.996i  37.4  26778 61CE
24.04.2023 20:09:37  *01n 20 100TL 4  402.0  0.07    28  418.3  0.00     0  229.8  0.79  230.9  0.81  231.9  0.78    28    65 0.996c  37.4  26779 DDA5
24.04.2023 20:09:57  *01n 20 100TL 4  402.2  0.20    83  418.3  0.00     0  230.3  0.78  231.1  0.80  232.2  0.79    83    67 0.996c  37.4  26779 CB0E
24.04.2023 20:10:17  *01n 20 100TL 4  402.4  0.18    74  418.4  0.00     0  230.1  0.83  230.7  0.82  232.0  0.80    74    61 0.991i  37.4  26779 3434
24.04.2023 20:10:37  *01n 20 100TL 4  402.1  0.20    80  418.4  0.00     0  230.1  0.83  230.9  0.82  232.2  0.81    80    59 0.991i  37.4  26780 EB52
24.04.2023 20:10:57  *01n 20 100TL 4  402.1  0.18    74  418.4  0.00     0  230.0  0.79  230.9  0.81  232.0  0.78    74    56 0.995i  37.4  26780 F7B7
24.04.2023 20:11:17  *01n 20 100TL 4  402.0  0.06    27  418.4  0.00     0  230.2  0.78  231.1  0.80  232.3  0.79    27    51 0.991c  37.4  26780 A7CE
24.04.2023 20:11:37  *01n 20 100TL 4  402.0  0.09    36  418.2  0.00     0  230.3  0.79  231.2  0.79  232.1  0.78    36    53 0.992i  37.4  26781 C7C2
24.04.2023 20:11:57  *01n 20 100TL 4  402.1  0.06    24  418.3  0.00     0  230.4  0.79  231.2  0.80  232.2  0.80    24    47 0.989i  37.4  26781 5194
24.04.2023 20:12:17  *01n 20 100TL 4  402.1  0.08    32  418.4  0.00     0  230.4  0.78  230.1  0.79  232.0  0.79    32    51 0.992i  37.4  26781 DB9A
24.04.2023 20:12:37  *01n 20 100TL 4  402.2  0.18    74  418.4  0.00     0  230.2  0.79  230.8  0.81  231.9  0.81    74    47 0.980i  37.4  26781 A2FA
24.04.2023 20:12:57  *01n 20 100TL 4  402.2  0.08    32  418.1  0.00     0  230.1  0.77  230.8  0.78  231.8  0.80    32    42 0.990i  37.4  26782 D90D
24.04.2023 20:13:17  *01n 20 100TL 4  402.1  0.10    42  418.3  0.00     0  230.0  0.79  230.8  0.78  231.9  0.79    42    42 0.982c  37.4  26782 49DC
24.04.2023 20:13:37  *01n 20 100TL 4  402.3  0.13    53  418.2  0.00     0  230.1  0.78  231.3  0.79  232.1  0.76    53    41 0.981c  37.4  26782 0A0C
